# <a href=http://cmip-pcmdi.llnl.gov/cmip5/>CMIP5</a> global mean temperature computed at <a href=http://www.knmi.nl/selectfield_cmip5.cgi?someone@somewhere>KNMI Climate Explorer</a> tas_Amon_CSIRO-Mk3-6-0_rcp45_r2i1p1
# tas [K] from CSIRO-Mk3-6-0 model output prepared for CMIP5 RCP4.5 r2i1p1
# cutting out region lon=   -0.938  359.062, lat=  -89.497   89.497
 1850   283.8343       283.8727       284.7474       285.8972       287.0626       287.7116       287.9147       287.6234       286.7403       285.7421       284.7714       284.0089    
 1851   283.7813       284.2580       284.7502       285.9809       287.1988       287.7487       287.8717       287.6619       286.6786       285.8974       284.9018       284.0372    
 1852   283.8207       283.9898       284.6635       285.9239       287.0435       287.7301       287.9462       287.7623       286.8976       285.7926       284.6798       284.0280    
 1853   283.8668       284.0719       284.8234       285.9280       287.0731       287.6434       287.9935       287.7792       286.9782       285.8991       284.8680       284.1627    
 1854   284.1166       284.2596       285.0248       286.0420       287.1730       287.7717       287.9780       287.5794       287.0298       285.9740       284.8657       284.1751    
 1855   283.8978       284.1691       285.0020       286.0023       287.0509       287.7567       287.9017       287.4955       286.6126       285.7180       284.7267       283.9063    
 1856   283.6424       283.8827       284.6477       285.8868       287.0309       287.6862       287.7119       287.4387       286.5844       285.7600       284.7000       283.9041    
 1857   283.6309       283.9561       284.7769       285.8869       286.8911       287.7627       287.8540       287.5204       286.7147       285.6171       284.5734       283.9418    
 1858   283.6556       283.9424       284.5535       285.7478       286.8427       287.4424       287.7687       287.4214       286.6387       285.6519       284.6798       284.0409    
 1859   283.7137       283.8907       284.7074       285.8097       286.9082       287.6094       287.7381       287.6145       286.7464       285.6384       284.6736       283.8746    
 1860   283.8703       284.0563       284.6629       285.9498       287.1064       287.8183       287.8976       287.7063       286.8033       285.8164       284.8784       284.1120    
 1861   283.9437       283.9267       284.8568       286.0364       287.1341       287.6709       287.9239       287.5972       286.7561       285.7699       284.7754       283.8968    
 1862   283.7175       284.0158       284.7476       286.0281       287.1143       287.7951       287.8896       287.7012       286.7961       285.7427       284.6572       283.9723    
 1863   283.7875       283.7076       284.5431       285.8067       286.8445       287.4775       287.7728       287.4554       286.6762       285.6429       284.5924       284.0149    
 1864   283.6228       284.0308       284.8028       285.8092       286.9148       287.6352       287.8528       287.6510       286.8423       285.8555       284.7264       284.1517    
 1865   283.7837       284.0896       284.8993       286.0309       287.2820       287.9740       288.0808       287.8867       286.8596       285.9453       285.0302       284.4216    
 1866   284.0514       284.2326       285.1805       286.2167       287.3769       288.0911       288.1784       287.8158       287.0197       285.8804       284.9501       284.1474    
 1867   283.9869       284.2701       285.0789       286.0435       287.2889       287.9160       288.1419       287.8394       286.9519       285.9854       284.8767       284.2895    
 1868   284.0243       284.2815       285.0917       286.2024       287.2642       287.7704       287.9766       287.7386       286.9826       285.8546       285.0249       284.1581    
 1869   283.9014       284.0150       284.7615       286.0598       287.1544       287.7304       287.9312       287.6082       286.8217       285.6881       284.6201       284.1426    
 1870   283.8058       284.1234       284.9635       285.9920       287.1944       287.6441       287.9832       287.6136       286.8635       285.8788       284.7803       284.0818    
 1871   283.8268       284.1593       284.7999       285.9185       287.0240       287.8517       287.9922       287.8387       286.9498       285.8463       284.9270       284.0896    
 1872   283.9024       284.2254       284.8455       286.1587       287.1340       287.9234       288.1543       287.8557       287.0626       285.9548       285.0753       284.2255    
 1873   284.1982       284.3273       285.0197       286.2589       287.5257       288.0595       288.3247       287.9606       287.1727       286.1938       285.0353       284.5319    
 1874   284.4304       284.6432       285.4561       286.3930       287.4144       288.1777       288.1671       287.8969       287.1093       286.0569       285.0733       284.3620    
 1875   284.0282       284.4284       285.0778       286.1082       287.3251       287.9002       288.1141       287.7666       286.9193       285.8106       284.8681       284.2673    
 1876   283.8540       284.2758       285.0417       286.0723       287.0666       287.7480       288.0989       287.7039       286.8912       285.8511       284.8578       284.2689    
 1877   284.0871       284.2751       285.1489       286.1787       287.3446       287.9694       288.0445       287.8244       287.1694       286.0425       285.0245       284.2881    
 1878   284.0981       284.3628       285.1506       286.2555       287.5111       288.1851       288.3363       287.9857       287.1770       286.1938       285.2213       284.3959    
 1879   284.3227       284.4168       285.1302       286.2105       287.3873       288.0353       288.1794       287.8518       287.1298       285.9756       285.0137       284.1653    
 1880   283.9389       284.2256       284.9989       286.0335       287.1723       287.9104       287.9944       287.6659       287.0119       285.9565       284.9092       284.1512    
 1881   284.0304       284.3048       285.0772       286.2315       287.3417       287.9154       288.0906       287.8322       287.0676       285.9908       284.8103       284.2547    
 1882   283.8250       284.1393       284.9477       286.0004       287.2211       287.8545       287.9693       287.6496       286.8725       285.8113       284.7328       284.0985    
 1883   283.8900       284.0594       284.7888       285.9428       287.0377       287.6582       287.8258       287.5349       286.7946       285.8378       284.6856       284.0696    
 1884   283.6231       284.0103       284.7144       285.6973       286.7725       287.5101       287.6673       287.2314       286.4541       285.5135       284.5870       283.7130    
 1885   283.5956       283.7648       284.5784       285.6907       286.8128       287.4761       287.4798       287.2394       286.5164       285.4483       284.4057       283.6940    
 1886   283.7060       283.7459       284.5555       285.7751       287.0292       287.5234       287.6885       287.4479       286.4877       285.3322       284.3315       283.5929    
 1887   283.4757       283.7902       284.4818       285.8343       286.9309       287.5573       287.6962       287.4978       286.6607       285.7127       284.5839       283.9800    
 1888   283.6581       284.0682       284.9458       286.2160       287.1930       287.8875       288.0540       287.6132       286.9068       285.7716       284.7253       284.0448    
 1889   283.7625       284.0708       284.7072       285.9857       287.0504       287.7606       288.0041       287.6317       286.8405       285.6954       284.7348       283.9483    
 1890   283.7802       284.1511       284.7093       285.9829       287.1172       287.7302       287.8716       287.7313       286.7261       285.7065       284.7093       284.0624    
 1891   283.7678       284.1242       284.8224       286.0268       287.1035       287.7336       288.0330       287.6812       286.8279       285.8159       284.8574       284.0500    
 1892   283.8967       284.1838       284.8036       285.9305       286.9968       287.7744       287.9257       287.6327       286.8497       285.7336       284.8404       284.2449    
 1893   283.9352       284.2512       284.9627       286.0873       287.1498       287.8800       288.1026       287.6838       287.0351       285.9529       284.9514       284.0642    
 1894   283.7453       284.4587       285.2994       286.1152       287.2365       288.0734       288.1738       287.7667       287.0263       286.1242       285.1051       284.3958    
 1895   284.1084       284.3220       285.2219       286.1799       287.3163       287.9824       288.1826       287.7905       287.0009       286.0746       284.9837       284.1881    
 1896   283.9712       284.1517       284.8026       285.9886       287.0267       287.7811       287.9658       287.6244       286.7989       285.7346       284.7468       284.0179    
 1897   283.9362       284.0456       284.7748       285.9746       286.9553       287.7004       287.9001       287.6871       286.7562       285.8500       284.8437       284.1260    
 1898   283.7884       283.9387       284.9020       285.8762       287.0009       287.7594       287.9452       287.6994       286.8698       285.7706       284.8503       284.0817    
 1899   283.8840       284.2436       284.8243       286.0862       287.0369       287.7659       287.9037       287.5740       286.8118       285.7883       284.8826       284.0179    
 1900   283.9187       284.1729       284.7456       285.9399       287.1483       287.9583       287.9881       287.6990       286.7838       285.9793       284.8958       284.1888    
 1901   284.1432       284.2299       284.9100       286.0673       287.2320       287.7726       287.9603       287.7493       287.0400       285.9653       284.8575       283.9586    
 1902   283.8461       284.1620       284.9348       286.0170       287.0732       287.7542       287.8625       287.5297       286.6412       285.7497       284.7746       283.9690    
 1903   283.9194       283.9836       284.7159       285.9265       286.9814       287.6266       287.7781       287.4323       286.6762       285.6961       284.7918       284.0027    
 1904   283.8207       284.1453       284.8116       286.0376       287.0922       287.8367       287.8502       287.7526       286.8938       285.7827       284.7422       284.0058    
 1905   283.8320       284.0490       284.8744       286.0442       287.3059       287.8524       287.9648       287.7139       286.8827       285.8064       284.9389       284.1766    
 1906   284.0079       284.2905       284.8956       286.1216       287.0630       287.7940       287.9475       287.6096       286.7486       285.7282       284.6571       284.0551    
 1907   283.7916       284.2020       284.9854       286.0684       287.0844       287.8358       287.9181       287.6755       286.9867       285.8155       284.7301       284.1609    
 1908   284.0041       284.0198       284.8593       286.1266       287.0634       287.7345       287.8736       287.6029       286.8298       285.8593       284.8392       284.1203    
 1909   283.8170       284.0477       284.9045       285.9704       287.1889       287.7892       288.0041       287.7769       286.8364       285.8036       284.8574       284.1399    
 1910   283.8792       284.3138       285.0064       286.1376       287.2856       287.9804       288.0518       287.6940       286.9507       285.9748       284.8241       284.0836    
 1911   284.0977       284.3519       284.9451       285.9380       287.0918       287.8105       287.9450       287.7486       286.8804       285.8742       284.8391       284.1517    
 1912   283.7509       284.1003       284.8662       286.0431       287.0736       287.8198       287.9155       287.5019       286.6655       285.6549       284.6898       283.9566    
 1913   283.9494       284.1031       284.8014       286.0077       287.0815       287.8026       287.8325       287.6122       286.8609       285.9230       284.7756       284.1317    
 1914   283.9817       284.1376       284.8886       285.9553       287.0328       287.9427       287.9970       287.6199       286.8342       285.8826       284.9420       284.2108    
 1915   283.9555       284.2295       285.1029       286.1614       287.3068       287.9416       288.1367       287.8756       286.9229       286.0111       284.9880       284.2969    
 1916   284.0716       284.4185       285.1000       286.1890       287.3382       288.0922       288.1884       287.8904       287.1297       286.1098       285.0781       284.5110    
 1917   284.2420       284.4737       285.0605       286.3412       287.3531       287.9812       288.1361       287.8054       287.0145       286.1262       285.0601       284.3018    
 1918   284.0573       284.1889       284.8262       286.0601       287.2211       287.9299       288.1463       287.8052       286.9510       285.9365       284.9732       284.3640    
 1919   284.0558       284.3146       285.0170       286.3941       287.3437       287.9929       288.1228       287.8484       287.2262       286.1392       285.1892       284.4930    
 1920   284.3214       284.6356       285.1594       286.3938       287.5331       288.2981       288.4351       288.1234       287.3420       286.3240       285.0987       284.2683    
 1921   284.1848       284.2355       285.1064       286.2175       287.3066       288.0323       288.1178       287.7926       287.0135       285.8462       284.9232       284.1164    
 1922   283.9639       284.0878       284.8341       285.9028       287.1294       287.7071       287.9727       287.6941       286.8911       285.8054       284.8944       284.1891    
 1923   284.0173       284.3073       285.0247       286.1020       287.2936       288.0251       288.0775       287.8354       287.0230       286.0493       285.0424       284.3091    
 1924   284.0683       284.3936       285.1294       286.2807       287.4651       288.0842       288.1375       287.7002       287.0633       285.9552       285.1286       284.3514    
 1925   284.1568       284.6305       285.1919       286.3897       287.4031       288.0381       288.1217       287.8891       287.0202       286.0420       285.0815       284.2853    
 1926   284.0620       284.3686       285.0080       286.2517       287.2676       288.0145       288.3199       287.9790       287.0320       286.0807       285.0600       284.3695    
 1927   284.1702       284.3741       285.0793       286.2448       287.3864       287.9834       288.1889       287.8459       287.2445       286.2367       285.1206       284.4601    
 1928   284.3461       284.5391       285.3293       286.5554       287.4408       288.1915       288.3559       288.0832       287.1382       286.1486       285.2299       284.3267    
 1929   284.3020       284.6375       285.2687       286.3426       287.4546       288.1317       288.3680       288.0548       287.3357       286.1680       285.1711       284.5342    
 1930   284.3657       284.4926       285.3612       286.3416       287.3672       288.1304       288.1403       287.9566       287.1613       286.1449       285.2673       284.3640    
 1931   284.0416       284.4683       285.1697       286.2045       287.3153       287.9837       288.1525       287.9012       287.0920       286.1418       285.2235       284.5212    
 1932   284.2028       284.3006       285.2187       286.4342       287.5728       288.3383       288.3577       288.0440       287.3517       286.3797       285.3353       284.7054    
 1933   284.5531       284.6677       285.2094       286.4861       287.5269       288.2172       288.4029       288.0865       287.3331       286.2792       285.2898       284.5633    
 1934   284.4858       284.5887       285.3645       286.4405       287.4696       288.1512       288.3271       288.0850       287.2065       286.2155       285.0793       284.4496    
 1935   284.1446       284.6265       285.2536       286.2684       287.3106       288.0338       288.1483       287.9011       287.1456       286.1825       285.0467       284.3364    
 1936   284.1823       284.3395       285.1152       286.1387       287.2544       288.0101       288.1504       287.8654       287.0736       286.1080       285.0223       284.4966    
 1937   284.1629       284.2433       284.9219       286.1449       287.3948       288.0515       288.1369       288.0778       287.1913       286.1560       285.1683       284.4739    
 1938   284.2163       284.5207       285.1810       286.3553       287.4391       288.1867       288.1566       287.8247       287.1572       286.0958       285.1083       284.2657    
 1939   284.1165       284.4518       285.1983       286.3168       287.4194       288.1073       288.3162       287.9135       287.1962       286.2496       285.2352       284.6115    
 1940   284.4341       284.4335       285.1958       286.3361       287.4768       288.0679       288.4173       288.0788       287.2711       286.2097       285.3820       284.5953    
 1941   284.2931       284.4223       285.3146       286.2485       287.4787       288.0117       288.2706       288.0690       287.1750       286.1500       285.1532       284.5178    
 1942   284.2790       284.6756       285.3072       286.4854       287.5035       287.9367       288.1967       288.0627       287.2316       286.0729       285.1647       284.5566    
 1943   284.2280       284.2633       285.0272       286.3745       287.2945       288.0079       288.1735       287.9285       287.0152       285.9719       285.0520       284.3711    
 1944   284.1754       284.3690       285.1440       286.2420       287.4704       287.9247       288.1810       287.9690       287.3033       286.1198       285.2543       284.4126    
 1945   284.2779       284.4732       285.2921       286.3443       287.3027       288.1515       288.2411       287.9778       287.1555       286.1900       285.1467       284.4427    
 1946   284.3527       284.4722       285.3512       286.4959       287.5319       288.2379       288.3599       288.0681       287.3100       286.3632       285.3775       284.5425    
 1947   284.3546       284.4658       285.2880       286.3919       287.5019       288.1942       288.4024       288.1183       287.3694       286.3011       285.3328       284.5291    
 1948   284.1731       284.5555       285.2485       286.2752       287.4413       288.1169       288.2009       287.9182       286.9769       286.0900       285.0720       284.2654    
 1949   284.2180       284.3568       285.1190       286.2751       287.4605       288.2271       288.1913       287.8398       287.0815       286.0028       285.0015       284.2900    
 1950   284.2070       284.4066       285.0890       286.3333       287.4095       288.0206       288.1349       287.9241       287.0732       286.0195       285.0249       284.3154    
 1951   284.1244       284.4956       285.2139       286.3352       287.4088       288.1234       288.3184       288.0431       287.1611       286.0784       285.1469       284.4702    
 1952   284.2349       284.5573       285.2073       286.3141       287.4416       288.1269       288.2623       287.8161       287.1206       286.1100       285.0973       284.4446    
 1953   284.1001       284.3760       285.2868       286.3487       287.3594       288.1933       288.3300       288.0981       287.2767       286.1954       285.2021       284.5805    
 1954   284.2487       284.5225       285.2950       286.4021       287.5780       288.0894       288.3182       288.0982       287.2347       286.1869       285.0909       284.3021    
 1955   284.1419       284.3172       285.0514       286.1481       287.3839       287.9771       288.1842       287.9348       287.1185       286.0656       285.0047       284.2584    
 1956   284.1499       284.3358       285.3066       286.3542       287.4636       288.1741       288.2346       287.9830       287.1965       286.3070       285.2097       284.5721    
 1957   284.3267       284.6584       285.3167       286.5293       287.6414       288.2732       288.4869       288.1842       287.2386       286.2626       285.2383       284.3671    
 1958   284.1981       284.5165       285.2882       286.4771       287.4685       288.3171       288.4851       288.2155       287.3051       286.3293       285.1953       284.6430    
 1959   284.3893       284.5625       285.4444       286.4959       287.5554       288.1540       288.2852       288.0426       287.2872       286.1161       285.0192       284.3177    
 1960   284.0963       284.3574       284.9467       286.2785       287.1778       287.8828       288.0852       287.8423       286.9942       285.9578       284.8579       284.2727    
 1961   283.9452       284.3571       285.0578       286.1566       287.2734       288.0545       288.2590       287.8987       286.9524       286.0711       285.2651       284.5350    
 1962   284.1018       284.2679       285.0739       286.2628       287.2314       287.9688       288.2054       287.8363       287.0003       286.0625       285.0113       284.2515    
 1963   284.3053       284.3803       285.2119       286.2449       287.3848       288.0574       288.2367       287.7228       287.1270       286.1304       284.9471       284.3473    
 1964   284.0686       284.2343       284.8877       286.1334       287.2578       288.0204       288.0035       287.7513       286.8792       286.0392       284.8550       284.1035    
 1965   283.9495       284.2596       285.0375       286.0681       287.0706       287.6559       287.9328       287.7168       286.9471       286.0193       284.9065       284.2908    
 1966   283.9615       284.3470       285.1694       286.1878       287.3339       287.9882       287.9927       287.7347       286.9803       285.8372       284.9460       284.0870    
 1967   283.9671       284.4599       285.2055       286.1371       287.2305       288.0656       288.0997       287.8814       287.0215       285.9692       284.9337       284.3596    
 1968   284.1653       284.4396       285.0394       286.0190       287.1694       287.8857       287.9115       287.5017       286.8611       285.6409       284.7447       284.0119    
 1969   283.8542       284.2519       285.0150       286.0188       287.0735       287.7096       287.9723       287.5369       286.8093       285.7820       284.7654       284.0817    
 1970   283.7561       284.0647       284.8133       285.8703       286.9746       287.7413       287.8069       287.5376       286.7753       285.6015       284.5732       283.9426    
 1971   283.7335       283.9402       284.9238       286.1001       287.1830       287.7534       288.0157       287.6216       286.8217       285.8396       284.7455       284.1223    
 1972   283.9609       284.2479       284.9581       286.1864       287.2389       287.8795       287.9969       287.6975       286.9091       285.8688       284.8026       284.1494    
 1973   283.8603       284.2405       284.7850       286.0185       287.1769       287.8240       288.0685       287.7199       286.8685       285.8351       284.8012       284.1371    
 1974   283.9706       284.0410       284.8622       286.0669       287.2914       287.8594       288.0490       287.6522       286.9840       285.7623       284.6247       284.2071    
 1975   283.8943       284.1751       284.9548       286.1530       287.4328       287.9576       288.1457       287.7446       286.9938       285.9847       284.8820       284.2064    
 1976   283.9283       284.3685       284.9202       286.1660       287.3116       287.9571       288.0566       287.7277       287.0075       285.9645       284.7826       284.2430    
 1977   283.9281       284.2711       285.0567       286.1937       287.2978       287.8875       288.0159       287.7105       286.7517       285.8622       284.9167       283.9381    
 1978   283.8412       283.9453       284.9294       286.0735       287.1999       287.8667       287.9987       287.7586       286.9265       285.7476       284.6413       284.0536    
 1979   283.9226       284.1929       284.8482       286.2158       287.2867       287.9164       288.0065       287.8400       287.0518       286.1021       285.1593       284.5014    
 1980   284.1978       284.5229       285.2690       286.4508       287.5169       288.2225       288.4322       288.1056       287.1639       286.1328       285.2416       284.5719    
 1981   284.3016       284.5518       285.2611       286.5227       287.4779       288.0876       288.1872       287.9770       287.1856       286.1080       285.2252       284.5268    
 1982   284.5141       284.5889       285.3136       286.6491       287.5512       288.0702       288.2098       287.8867       287.0671       286.0959       285.1890       284.3193    
 1983   284.1880       284.4075       285.3078       286.3619       287.4374       288.0327       288.0703       287.5835       287.0081       286.0354       285.0355       284.1844    
 1984   284.0223       284.3890       285.2359       286.2805       287.4492       287.8864       287.9838       287.8080       287.0211       286.1163       285.0513       284.2761    
 1985   283.9798       284.3514       285.0721       286.2971       287.3300       288.0409       288.1043       287.8706       287.0774       286.0525       285.1147       284.1342    
 1986   284.1881       284.4739       285.1606       286.2177       287.3394       287.9870       288.2456       287.8137       287.0177       286.0115       285.0812       284.3732    
 1987   284.0576       284.3934       285.1629       286.2187       287.3686       288.0740       288.1294       287.9078       287.0041       286.1108       285.1736       284.5609    
 1988   284.3553       284.6383       285.2747       286.2737       287.4241       288.0350       288.3452       288.0145       287.3126       286.1910       285.1102       284.3527    
 1989   284.1596       284.3288       285.1975       286.3728       287.4298       288.0764       288.3085       288.1087       287.2729       286.3491       285.3178       284.6972    
 1990   284.5461       284.6766       285.5783       286.7123       287.7269       288.3102       288.4651       288.3041       287.4524       286.4096       285.5134       284.6451    
 1991   284.5716       284.8238       285.3401       286.5625       287.6873       288.3239       288.5633       288.1954       287.3511       286.3632       285.2972       284.5023    
 1992   284.3528       284.5359       285.4102       286.4405       287.4452       288.1036       288.2319       287.8573       287.0359       286.1419       285.3413       284.5984    
 1993   284.2150       284.4676       285.1672       286.3326       287.2910       287.9452       288.2342       288.0037       287.1217       286.1461       285.1304       284.4793    
 1994   284.3193       284.4631       285.1955       286.2673       287.3033       287.8880       288.1771       287.8709       287.1556       286.0374       285.0603       284.4376    
 1995   284.3364       284.5874       285.0414       286.3332       287.3990       288.0829       288.3757       288.0781       287.3512       286.1554       285.0994       284.4213    
 1996   284.3112       284.4205       285.2577       286.3908       287.5435       287.9996       288.1694       288.0675       287.2242       286.1480       285.1427       284.2456    
 1997   284.1409       284.3083       285.1883       286.3859       287.4374       288.1013       288.0776       287.8280       287.1500       286.2713       285.0330       284.4724    
 1998   283.9096       284.2729       285.0924       286.3174       287.4140       288.0848       288.2876       287.9457       287.1972       286.0449       285.0377       284.3804    
 1999   284.2856       284.3842       285.3857       286.3718       287.5695       288.2642       288.4267       288.1516       287.4941       286.4714       285.5458       284.7167    
 2000   284.6511       284.8064       285.6139       286.7853       287.8613       288.5542       288.7623       288.4481       287.5579       286.6513       285.5826       284.8465    
 2001   284.6758       284.8696       285.5646       286.6916       287.8388       288.4539       288.6955       288.3607       287.5663       286.5650       285.5151       284.7812    
 2002   284.5643       284.7358       285.4854       286.7843       287.8064       288.4755       288.6180       288.3494       287.7359       286.7199       285.6685       284.8180    
 2003   284.6220       284.8830       285.5801       286.7493       287.8040       288.3777       288.6817       288.4292       287.5935       286.6494       285.6383       284.8001    
 2004   284.7751       284.9491       285.6018       286.6800       287.8462       288.5491       288.7008       288.4395       287.5886       286.7473       285.7858       285.0081    
 2005   284.7726       284.8860       285.7456       286.8060       287.9425       288.5694       288.5593       288.3126       287.4383       286.6848       285.5630       284.8633    
 2006   284.8104       284.9078       285.6936       286.9181       287.9360       288.5755       288.8478       288.4869       287.6198       286.6176       285.7005       285.0039    
 2007   284.7935       284.9597       285.5881       286.7246       287.7578       288.4535       288.7584       288.5340       287.6246       286.7020       285.5210       284.8686    
 2008   284.6370       284.9218       285.5213       286.7127       287.7524       288.4167       288.5606       288.3312       287.5638       286.5336       285.5378       284.7266    
 2009   284.4530       284.8022       285.5753       286.8144       288.0071       288.5029       288.7241       288.3812       287.7932       286.7894       285.7587       284.8203    
 2010   284.6275       285.0401       285.5865       286.8752       287.9134       288.5710       288.6744       288.4998       287.6208       286.4585       285.5158       284.5538    
 2011   284.5290       284.7433       285.4972       286.6086       287.7379       288.4354       288.6427       288.2239       287.3469       286.4079       285.5260       284.6979    
 2012   284.5843       284.8572       285.7391       286.8177       287.9793       288.6215       288.7645       288.5158       287.8000       286.7770       285.7924       284.9256    
 2013   284.6826       285.0322       285.8106       287.0614       288.0154       288.6629       288.7732       288.5063       287.7838       287.0004       285.9107       285.1693    
 2014   284.8357       285.1740       286.0159       287.1063       288.1334       288.6744       288.9645       288.7000       287.9543       287.0328       285.8643       284.9774    
 2015   284.9900       285.3499       286.0088       287.1338       288.2174       288.8990       289.0426       288.6859       287.8285       286.9074       285.8882       284.9183    
 2016   284.9325       285.2339       285.7254       287.0052       288.0041       288.7143       289.0605       288.7573       287.9496       287.0023       285.9124       285.1958    
 2017   284.9744       285.2196       286.2242       287.0656       288.2336       288.9927       289.0876       288.8022       288.0281       287.0964       286.0086       285.3945    
 2018   285.0460       285.3160       285.9644       287.1502       288.3017       288.9027       288.9829       288.8035       287.9458       286.9583       285.9306       285.2831    
 2019   285.1062       285.3294       286.1034       287.1127       288.2407       288.8000       289.0404       288.7145       287.8129       286.8845       285.8522       285.0959    
 2020   284.9250       285.0125       285.9648       287.1480       288.1736       288.8253       288.9282       288.7025       287.8206       286.8578       285.7959       285.0111    
 2021   284.9228       284.9942       285.9996       287.0551       288.1721       288.6938       289.0098       288.7694       287.9129       286.7729       285.6338       285.0059    
 2022   284.7122       284.9008       285.7803       286.8425       287.9706       288.6868       288.8107       288.6979       287.8684       286.8755       285.8086       285.1774    
 2023   284.8681       285.2158       285.9762       287.2538       288.1790       288.9183       289.1012       289.0048       288.1041       287.1487       286.0186       285.4167    
 2024   285.2335       285.6237       286.0775       287.1244       288.3296       288.9176       289.0612       288.6584       287.9389       287.1399       286.0768       285.3149    
 2025   285.1003       285.3704       285.9532       287.1089       288.1393       288.8237       288.9494       288.6856       287.9777       286.8027       285.7648       285.1894    
 2026   284.9586       285.2526       285.8358       286.9892       288.1313       288.7822       288.9382       288.8373       288.0784       286.9293       286.0527       285.2032    
 2027   285.2067       285.4158       286.1962       287.2284       288.4366       289.0628       289.2621       288.9238       288.2140       287.1530       286.2369       285.2729    
 2028   285.2271       285.4094       286.0606       287.2351       288.3192       289.0317       289.0898       288.8881       288.1486       287.1008       285.9145       285.2311    
 2029   285.0480       285.2973       285.8833       287.0302       288.2014       288.8369       289.0003       288.6657       287.9290       286.8854       285.9231       285.1960    
 2030   285.1387       285.4101       286.1049       287.3115       288.4982       289.1247       289.2150       289.1154       288.1551       287.1558       286.2672       285.3711    
 2031   285.1655       285.5009       286.0432       287.2572       288.3600       289.1443       289.3391       289.0695       288.3364       287.2975       286.2976       285.5418    
 2032   285.3751       285.4033       286.2467       287.4413       288.5274       289.2800       289.5370       289.1891       288.3684       287.4485       286.3508       285.5983    
 2033   285.1558       285.5187       286.2642       287.4354       288.6881       289.2975       289.4555       289.0966       288.4908       287.5354       286.3296       285.5968    
 2034   285.3804       285.6949       286.4955       287.5089       288.5635       289.2726       289.4243       289.1397       288.3389       287.3027       286.5356       285.7195    
 2035   285.4611       285.6947       286.3451       287.4432       288.6218       289.1141       289.4186       289.0536       288.4186       287.4458       286.3271       285.5454    
 2036   285.3305       285.6760       286.3130       287.4028       288.4608       289.1064       289.1678       289.0740       288.3700       287.3036       286.2721       285.6763    
 2037   285.3601       285.5142       286.3497       287.5847       288.7117       289.3424       289.3860       289.2469       288.4903       287.5765       286.4250       285.6467    
 2038   285.5247       285.7318       286.5126       287.6011       288.7091       289.3872       289.6359       289.2567       288.4780       287.4830       286.5828       285.8289    
 2039   285.6813       285.8570       286.4948       287.6378       288.6599       289.3850       289.6380       289.2506       288.6356       287.7830       286.7325       285.9811    
 2040   285.7912       285.8770       286.6749       287.6654       288.8090       289.4791       289.5635       289.4046       288.6913       287.7507       286.7688       285.9193    
 2041   285.6994       285.9847       286.6844       287.7862       288.9298       289.4419       289.7719       289.4322       288.7205       287.6991       286.6061       286.1935    
 2042   285.7117       286.0299       286.7672       288.0287       289.0634       289.7041       289.9865       289.6511       288.7729       287.8373       286.9353       286.0223    
 2043   285.8804       286.3125       286.9604       288.0368       289.1823       289.7305       289.8332       289.6414       288.8470       287.9331       286.9356       286.1716    
 2044   286.0670       286.0852       286.7454       287.8809       288.9858       289.6574       289.7357       289.5452       288.9938       287.9420       286.9149       286.1401    
 2045   285.8633       285.9594       286.8496       287.9258       289.1490       289.7174       289.8236       289.6689       288.8157       287.8048       286.8388       286.1308    
 2046   285.9641       286.1806       286.8008       287.9581       288.9958       289.7078       289.8464       289.6251       289.0517       288.1258       286.9057       286.2906    
 2047   285.9708       286.3190       286.8918       288.0661       289.0685       289.6792       289.7962       289.4708       288.7103       287.7677       286.8586       286.0237    
 2048   285.7133       286.0020       286.7740       287.8951       289.0768       289.6642       289.8727       289.5838       288.8674       287.9733       287.0371       286.2069    
 2049   286.0337       286.3714       286.9319       288.2161       289.2407       289.7862       289.8526       289.5420       288.8874       287.9525       286.8466       285.8937    
 2050   285.5892       285.9814       286.6813       287.8595       289.0029       289.5898       289.8002       289.6034       288.8629       287.8291       286.9020       286.1464    
 2051   285.9641       285.9961       286.7732       287.8738       288.9863       289.4919       289.6566       289.3856       288.6196       287.5963       286.5359       286.0316    
 2052   285.5270       285.9314       286.6188       287.6631       288.8797       289.5464       289.6695       289.4908       288.8222       287.9395       286.8148       285.9243    
 2053   285.8742       286.1261       286.8774       287.9401       289.2114       289.8404       290.1425       289.8255       289.1568       288.2668       287.2924       286.4514    
 2054   286.0846       286.3548       287.1298       288.3270       289.3425       289.9352       290.1633       289.7524       289.0794       288.1190       287.0171       286.1439    
 2055   285.9274       286.1750       286.8863       287.9486       289.0670       289.7444       289.8961       289.6585       288.9421       287.9009       287.0098       286.1445    
 2056   286.0028       286.1187       286.8661       288.2122       289.2345       289.9687       290.1190       289.8615       289.0626       288.1014       287.2597       286.4110    
 2057   286.0963       286.3952       287.1049       288.2213       289.2252       289.8843       289.9960       289.7778       288.9482       287.9573       286.9594       286.1317    
 2058   285.9248       286.2610       286.9976       287.9799       289.1927       289.7823       290.0300       289.6865       288.8787       287.9253       286.9868       286.3794    
 2059   286.0241       286.2959       286.9470       288.0598       289.2812       289.8813       290.0796       289.6755       288.9362       288.0271       287.1378       286.3181    
 2060   286.0498       286.5313       287.2070       288.2404       289.2331       289.8366       290.2971       289.9865       289.2081       288.2151       287.2789       286.4483    
 2061   286.4795       286.6848       287.4218       288.3239       289.4013       290.0498       290.2095       290.0470       289.1551       288.1472       287.1323       286.3280    
 2062   286.0478       286.4191       287.1223       288.1581       289.3151       290.0062       289.9709       289.9141       289.0971       288.0849       286.9808       286.4431    
 2063   285.8937       286.1734       287.1927       288.1725       289.3691       289.8904       290.1530       289.8837       289.1333       288.1577       287.0586       286.4981    
 2064   285.8923       286.4937       287.1255       288.1587       289.3073       289.8778       290.2108       289.8159       289.1353       288.2634       287.1655       286.4238    
 2065   286.0999       286.1420       287.0151       288.1593       289.2997       289.9060       290.0565       289.8109       289.0801       287.8492       287.0466       286.0963    
 2066   285.9869       286.3927       287.0514       288.1383       289.0579       289.8580       289.9927       289.7625       288.8924       287.9929       286.9808       286.2689    
 2067   285.8155       286.1083       286.7458       287.9268       289.0724       289.7862       290.0034       289.7750       288.9509       287.9085       287.0787       286.1818    
 2068   285.9200       286.3375       286.9936       288.1411       289.4254       290.0025       290.1857       290.0411       289.2231       288.3325       287.3761       286.6576    
 2069   286.4293       286.7355       287.4613       288.5048       289.6525       290.3070       290.4607       290.1671       289.4359       288.3794       287.6447       286.7556    
 2070   286.1554       286.3969       287.1277       288.3529       289.5181       290.0826       290.2619       290.1242       289.2520       288.4095       287.3560       286.4798    
 2071   286.3086       286.7811       287.4039       288.4260       289.5174       290.1714       290.5258       290.1590       289.4272       288.4237       287.3198       286.6863    
 2072   286.4933       286.6911       287.3118       288.5155       289.6942       290.4060       290.5435       290.1174       289.3489       288.4843       287.5060       286.5782    
 2073   286.5180       286.9590       287.3010       288.3557       289.5443       290.1719       290.3492       290.1383       289.2762       288.2515       287.1514       286.3585    
 2074   285.9697       286.2988       287.0703       288.1526       289.1693       289.9189       290.3033       289.9626       289.1252       288.1050       287.2551       286.3010    
 2075   286.2057       286.3308       287.2053       288.3714       289.5137       290.1690       290.4923       290.0788       289.3954       288.3140       287.4930       286.7854    
 2076   286.5509       286.5880       287.4633       288.5641       289.5426       290.2152       290.4031       290.1676       289.3426       288.4026       287.4341       286.7143    
 2077   286.4650       286.6195       287.1445       288.4733       289.4276       290.1484       290.5297       290.1431       289.3406       288.3830       287.3672       286.5547    
 2078   286.6070       286.8757       287.4278       288.5668       289.6834       290.4888       290.6504       290.3124       289.5077       288.4981       287.4766       286.7611    
 2079   286.4229       286.6553       287.4650       288.4632       289.7139       290.3083       290.5464       290.3150       289.4866       288.5279       287.5152       286.7264    
 2080   286.3572       286.6148       287.3302       288.4609       289.5973       290.1916       290.5354       290.2733       289.5063       288.5589       287.8969       287.0124    
 2081   286.5271       286.9078       287.5404       288.4757       289.6770       290.2054       290.5269       290.3082       289.4766       288.4005       287.4193       286.6805    
 2082   286.4992       286.6850       287.5514       288.5325       289.7029       290.2859       290.5470       290.3048       289.5643       288.5992       287.4692       286.9669    
 2083   286.6213       286.9373       287.6708       288.7240       289.7839       290.4854       290.6963       290.4865       289.6332       288.7531       287.7936       287.0037    
 2084   286.7300       287.1349       287.8661       288.8052       289.8852       290.4489       290.6775       290.2738       289.6127       288.6546       287.6924       287.0272    
 2085   286.7149       286.8085       287.4788       288.6508       289.6744       290.3540       290.4950       290.2549       289.6080       288.6176       287.6885       286.8806    
 2086   286.6325       286.9769       287.6758       288.6604       289.7599       290.3260       290.6023       290.2533       289.5314       288.6185       287.6098       286.8185    
 2087   286.6857       287.0136       287.8319       288.7108       289.7481       290.4807       290.6006       290.2679       289.6396       288.5616       287.5198       286.6491    
 2088   286.4814       286.9276       287.5827       288.5667       289.6941       290.3908       290.8362       290.3923       289.5879       288.6953       287.7521       286.9461    
 2089   286.5965       287.0306       287.5678       288.7252       289.8167       290.5114       290.7455       290.5179       289.7695       288.8728       287.8883       286.9944    
 2090   286.8640       287.1371       287.7822       288.8386       289.9511       290.6056       290.9330       290.5148       289.9086       289.0191       288.1169       287.2813    
 2091   287.1967       287.2446       287.8110       288.8507       289.9806       290.6409       290.8468       290.5294       289.7318       288.6700       287.6626       286.9470    
 2092   286.5722       286.8390       287.2524       288.4905       289.5928       290.2542       290.4516       290.3167       289.5066       288.4675       287.4900       286.7898    
 2093   286.5564       286.7308       287.5701       288.6423       289.7721       290.4601       290.6216       290.4381       289.7454       288.7733       287.6075       286.7884    
 2094   286.6416       286.8925       287.4786       288.5665       289.5782       290.3485       290.6086       290.3528       289.6344       288.6238       287.6164       286.9783    
 2095   286.6197       287.0015       287.7703       288.7386       290.0303       290.6957       290.8593       290.5274       289.7800       288.8541       287.9114       287.2560    
 2096   287.0282       287.3834       288.0619       288.9865       290.0770       290.6703       290.8402       290.5899       289.7837       288.8824       287.7738       286.8734    
 2097   286.7244       286.7418       287.6552       288.6496       289.7533       290.3264       290.5266       290.3578       289.5123       288.5254       287.5094       286.6589    
 2098   286.4655       286.7627       287.2462       288.4526       289.5131       290.3280       290.6665       290.2365       289.3938       288.4514       287.4621       286.7200    
 2099   286.4258       286.7641       287.4916       288.5320       289.5847       290.2993       290.5607       290.3791       289.4226       288.5630       287.6816       286.9303    
 2100   286.6317       286.8533       287.6307       288.7552       289.7880       290.5162       290.6858       290.4185       289.5699       288.6800       287.6170       286.8073    
 2101   286.6093       286.8214       287.5170       288.7122       289.7925       290.4352       290.8157       290.4014       289.6804       288.6975       287.6937       286.9527    
 2102   286.8210       287.0381       287.6750       288.6711       289.9162       290.6461       290.8430       290.6815       289.8256       288.9663       287.7455       286.9631    
 2103   286.7498       287.1095       287.8539       288.8185       289.8834       290.5484       290.7816       290.4509       289.7167       288.8187       287.9066       286.9991    
 2104   286.7332       287.0071       287.8022       288.8024       290.0016       290.4903       290.7967       290.4800       289.8660       288.7761       287.7628       286.9569    
 2105   286.6849       287.0802       287.6380       288.6506       289.9108       290.5806       290.8500       290.5490       289.6431       288.8139       287.9539       287.0212    
 2106   286.7127       287.0337       287.8012       288.9621       290.0857       290.6461       290.9846       290.6868       289.9643       289.0485       287.9484       287.1276    
 2107   287.0724       287.2138       287.8509       289.0108       290.0379       290.6718       290.8502       290.5736       289.7754       288.8738       287.9169       286.8092    
 2108   286.8746       287.3119       287.7099       288.8051       289.9226       290.6383       290.8183       290.6522       289.8288       288.9000       287.7725       287.2308    
 2109   286.9262       287.0193       287.8495       288.8018       289.9103       290.6717       290.9431       290.5203       289.6910       288.7900       287.8199       287.0125    
 2110   286.9031       287.0040       287.6258       288.6246       289.8286       290.4718       290.6940       290.4500       289.7257       288.7409       287.8573       287.0878    
 2111   286.8873       286.9170       287.4840       288.7434       289.7849       290.4570       290.6604       290.3992       289.6070       288.5856       287.6932       286.8891    
 2112   286.7245       286.8908       287.7104       288.7785       289.7950       290.4677       290.7724       290.4397       289.7298       288.8531       287.9128       287.0723    
 2113   286.7690       286.7932       287.4922       288.6312       289.8305       290.3688       290.6764       290.3083       289.6480       288.7526       287.7567       287.1021    
 2114   286.7800       286.9619       287.7217       288.6100       289.7128       290.4058       290.6173       290.4193       289.5917       288.6044       287.5815       286.6361    
 2115   286.7477       286.6319       287.5223       288.5869       289.7864       290.5120       290.7354       290.4605       289.5650       288.6459       287.6584       286.8473    
 2116   286.7594       287.0206       287.6918       288.8812       290.0717       290.6467       290.8352       290.7196       289.9523       288.9394       287.9408       287.2075    
 2117   286.9911       287.4188       287.9388       289.0019       290.2113       290.8733       291.0885       290.7371       290.0878       289.0001       287.9934       287.1341    
 2118   287.0582       287.1899       287.9765       289.0072       290.1772       290.8026       290.9409       290.7217       289.9446       288.8560       287.8637       287.2067    
 2119   286.8550       287.0588       287.7567       288.8765       290.1761       290.8378       291.0644       290.7081       289.9413       288.9251       287.8878       286.9912    
 2120   286.8055       287.0247       287.7431       288.8852       289.9120       290.6239       290.8267       290.5690       289.8553       288.8970       288.0101       287.0497    
 2121   286.8685       287.2129       287.7317       288.9716       290.0480       290.7755       291.0258       290.6949       289.8617       288.9485       287.7550       286.9451    
 2122   286.7595       286.9269       287.6396       288.8392       289.8947       290.7100       290.7510       290.4976       289.7732       288.8590       287.7389       287.1374    
 2123   286.7146       287.0576       287.7353       288.7916       290.0895       290.6367       290.8535       290.6585       289.8350       288.9968       287.8647       287.1385    
 2124   286.9197       287.0883       287.9261       288.9462       289.9131       290.7401       290.8398       290.6219       289.9262       288.8893       287.9612       287.0431    
 2125   286.7542       287.0831       287.8516       288.9326       290.1372       290.8181       290.9770       290.6824       290.0974       288.9792       287.8941       287.3065    
 2126   286.8138       287.0928       287.7744       288.8438       289.9770       290.6342       290.9105       290.7009       289.8030       288.9377       287.8131       287.1335    
 2127   286.9585       287.2231       287.8723       289.0313       290.1170       290.7277       290.9053       290.6876       289.9776       288.9952       287.9154       287.2910    
 2128   287.0907       287.2168       287.9757       289.1417       290.2245       290.9061       291.1678       290.8411       289.9439       289.0872       288.2228       287.3247    
 2129   287.1479       287.3685       288.0962       289.1548       290.2705       290.8750       291.0727       290.8726       290.0912       289.1757       288.3256       287.4930    
 2130   287.4016       287.3440       288.1789       289.3350       290.1767       290.8134       291.1733       290.8638       290.1138       289.1726       288.2365       287.3944    
 2131   287.1272       287.4276       288.0240       289.0209       290.1348       290.8675       291.0687       290.8768       290.0778       289.1178       288.1024       287.4854    
 2132   287.2184       287.3920       288.0203       289.1230       290.2895       290.8161       291.0273       290.8470       289.9413       289.0049       287.9499       287.3297    
 2133   286.9861       287.2548       287.7742       288.7303       289.9840       290.6808       290.8595       290.6956       289.9325       288.9304       287.9102       287.1879    
 2134   286.9785       287.1783       287.7634       288.8768       289.9719       290.7211       290.8861       290.6047       289.9240       289.0097       288.1857       287.4650    
 2135   286.9915       287.2348       287.8046       288.8526       289.9596       290.6615       290.9127       290.7193       290.0058       288.9864       287.9896       287.3334    
 2136   287.0465       287.2892       288.0728       289.2179       290.3588       290.9587       291.2336       291.1599       290.4400       289.2529       288.4255       287.6082    
 2137   287.3998       287.9644       288.5012       289.4033       290.5164       291.2648       291.4497       291.1007       290.3964       289.4502       288.5129       287.5900    
 2138   287.4817       287.4806       288.3034       289.4043       290.3846       291.1784       291.2832       290.8987       290.1959       289.3005       288.2211       287.4048    
 2139   287.1217       287.4541       288.0591       289.1437       290.1956       290.9002       291.0845       290.8894       290.1422       289.0488       288.0982       287.5236    
 2140   287.2078       287.4491       288.0796       289.2593       290.3250       290.9473       291.1220       290.8775       290.0412       288.9621       287.9930       287.3575    
 2141   287.0919       287.2345       288.0110       288.9270       290.0984       290.7927       291.0031       290.8196       290.0750       289.1390       288.2351       287.5895    
 2142   287.2963       287.5396       288.3436       289.4138       290.3769       290.9210       291.1967       290.8861       290.0507       289.2019       288.3031       287.3699    
 2143   287.0337       287.2645       288.1555       289.1356       290.2868       290.9799       291.3008       291.0659       290.1712       289.2641       288.4167       287.6376    
 2144   287.2751       287.4549       288.0135       289.2544       290.4110       290.9824       291.2689       290.7974       290.1140       289.1408       288.1920       287.1974    
 2145   287.0392       287.1179       287.9528       289.1259       290.2098       290.9113       291.0616       290.9396       290.0586       289.0228       288.2014       287.4010    
 2146   287.0238       287.4116       288.0770       289.2199       290.3951       290.9077       291.1497       290.9035       290.0777       289.0847       288.1318       287.4224    
 2147   287.1766       287.5435       288.0877       289.1885       290.3158       291.0241       291.3124       291.1158       290.2006       289.1638       288.2420       287.4296    
 2148   287.1768       287.5457       288.2490       289.2633       290.3117       290.9849       291.1450       290.9836       290.2608       289.1964       288.0401       287.2487    
 2149   286.8267       287.2660       287.9776       289.0276       290.2576       290.9922       291.1907       290.9843       290.3209       289.3753       288.2008       287.3751    
 2150   287.2094       287.4337       288.0843       289.1844       290.2996       291.0571       291.2313       291.0143       290.1777       289.2281       288.4284       287.4409    
 2151   287.1601       287.4230       288.1043       289.1105       290.1277       290.8143       291.1566       290.8892       290.0415       289.1410       288.1781       287.3519    
 2152   286.9698       287.3611       288.1288       289.2711       290.4632       291.0181       291.3069       291.0230       290.1948       289.2766       288.2064       287.2967    
 2153   287.0984       287.3214       288.0378       289.2152       290.3024       290.8893       291.1135       290.9437       290.0954       289.1862       288.1784       287.2740    
 2154   287.1918       287.4615       288.0034       289.1239       290.3827       291.0906       291.2123       291.1182       290.2557       289.3856       288.2952       287.4928    
 2155   287.2544       287.5289       288.2567       289.3876       290.5215       291.1250       291.4175       291.1752       290.3218       289.3355       288.4622       287.5577    
 2156   287.3964       287.6932       288.2885       289.3650       290.4713       291.2134       291.3972       291.2439       290.4883       289.5116       288.4617       287.5335    
 2157   287.4177       287.6837       288.4924       289.5408       290.5967       291.2731       291.4747       291.2378       290.4460       289.5616       288.6635       287.9633    
 2158   287.7323       287.9608       288.5841       289.6536       290.7131       291.2722       291.5094       291.0881       290.4763       289.5744       288.5842       287.8010    
 2159   287.5948       287.5738       288.4612       289.2978       290.4223       291.1439       291.4268       291.1650       290.3688       289.4398       288.3744       287.6176    
 2160   287.2728       287.5064       288.3419       289.5265       290.6116       291.2463       291.4771       291.1368       290.4284       289.5019       288.6190       287.8515    
 2161   287.6509       287.7751       288.3102       289.4867       290.6028       291.1429       291.5183       291.1685       290.4134       289.4302       288.4713       287.7954    
 2162   287.4323       287.7451       288.2316       289.3503       290.4745       290.9887       291.2486       291.0662       290.3644       289.3970       288.2772       287.5476    
 2163   287.2040       287.6978       288.4773       289.4525       290.5288       291.0898       291.4839       291.2316       290.4355       289.4797       288.6426       287.7966    
 2164   287.5681       287.8130       288.4601       289.3648       290.4847       291.0745       291.4132       291.1521       290.4200       289.4200       288.4149       287.7036    
 2165   287.3846       287.6212       288.4104       289.4098       290.5600       291.2033       291.3870       291.0530       290.2788       289.3197       288.3860       287.6770    
 2166   287.3397       287.4177       288.1732       289.2589       290.3383       290.9040       291.1678       291.0216       290.2896       289.2619       288.0787       287.3256    
 2167   287.2758       287.4005       288.1202       289.3026       290.3335       290.9168       291.1990       290.8386       290.1808       289.2627       288.3075       287.5110    
 2168   287.3423       287.7329       288.5738       289.5476       290.5096       291.2577       291.5076       291.3881       290.4867       289.6121       288.5399       287.8512    
 2169   287.4605       287.8263       288.4403       289.4435       290.4726       291.2195       291.3207       291.1261       290.4437       289.3903       288.2590       287.5699    
 2170   287.3257       287.5341       288.1212       289.1516       290.5043       291.0964       291.3379       291.0317       290.2800       289.3185       288.4574       287.6657    
 2171   287.4062       287.4097       288.2945       289.3996       290.4677       291.0720       291.4739       291.0934       290.4038       289.4665       288.3813       287.7023    
 2172   287.4292       287.5577       288.1758       289.2072       290.3319       290.8644       291.0730       291.0733       290.2188       289.1694       288.3044       287.4810    
 2173   287.2117       287.5354       288.1581       289.2668       290.3937       290.9882       291.3389       290.9932       290.2957       289.4374       288.3272       287.4671    
 2174   287.2329       287.4341       288.3217       289.3884       290.5222       291.0768       291.4348       291.1697       290.4373       289.4605       288.5382       287.5371    
 2175   287.4709       287.8703       288.4098       289.4437       290.5569       291.0878       291.2890       291.0596       290.2199       289.3206       288.5858       287.7025    
 2176   287.5358       287.8761       288.3609       289.3241       290.4836       291.2807       291.4888       291.1071       290.2817       289.4232       288.3392       287.5109    
 2177   287.2647       287.4464       288.1493       289.2893       290.3837       291.0237       291.3531       291.1986       290.4327       289.4469       288.4532       287.6750    
 2178   287.4928       287.7769       288.3906       289.5194       290.6463       291.3471       291.6057       291.3062       290.4858       289.4559       288.4711       287.6054    
 2179   287.3768       287.6591       288.3072       289.3615       290.4639       291.1991       291.5195       291.2728       290.4323       289.5291       288.4036       287.5551    
 2180   287.3447       287.5357       288.2379       289.3091       290.3891       291.1641       291.2723       291.0717       290.2638       289.4511       288.3211       287.6591    
 2181   287.5277       287.8533       288.5066       289.4359       290.6110       291.1614       291.4686       291.1820       290.4762       289.4581       288.3531       287.4593    
 2182   287.6388       287.7108       288.3141       289.3614       290.3760       290.9539       291.3326       291.0830       290.2540       289.3013       288.3057       287.5597    
 2183   287.2091       287.8213       288.3144       289.4524       290.4121       291.1043       291.4654       291.3372       290.4653       289.5031       288.3457       287.8070    
 2184   287.5336       287.8277       288.5918       289.5235       290.4578       291.1934       291.5042       291.2526       290.4971       289.5365       288.4870       287.8727    
 2185   287.7479       287.9141       288.5532       289.4070       290.5397       291.1515       291.5303       291.2782       290.5576       289.5607       288.6572       287.7419    
 2186   287.5042       287.6598       288.3296       289.5451       290.6714       291.2250       291.4544       291.0746       290.5235       289.7477       288.7013       287.9101    
 2187   287.5140       287.6234       288.3629       289.4501       290.5255       291.2383       291.5783       291.2027       290.3448       289.5590       288.6976       287.9204    
 2188   287.6992       288.0395       288.6135       289.6741       290.7455       291.3470       291.5114       291.3469       290.6749       289.7508       288.8055       287.9390    
 2189   287.4882       287.8768       288.6301       289.6430       290.7408       291.4534       291.6344       291.2483       290.4885       289.5570       288.6224       287.7632    
 2190   287.3910       287.5814       288.4173       289.4608       290.5086       291.2711       291.4669       291.3139       290.5130       289.6158       288.6267       287.8153    
 2191   287.6313       287.8269       288.5591       289.5266       290.6470       291.1698       291.4669       291.2460       290.4385       289.4286       288.6062       287.8632    
 2192   287.4974       287.6899       288.3390       289.4303       290.6285       291.1754       291.4475       291.1803       290.6168       289.4852       288.4774       287.6546    
 2193   287.4370       287.5280       288.4518       289.4874       290.6867       291.2910       291.5035       291.3185       290.3567       289.5421       288.5885       287.6164    
 2194   287.5193       287.9874       288.5092       289.5354       290.6618       291.2298       291.3972       291.3819       290.6232       289.6402       288.5509       287.6044    
 2195   287.4659       287.6948       288.3186       289.3405       290.5599       291.1609       291.4092       291.2599       290.5615       289.5485       288.4395       287.7253    
 2196   287.6384       287.8351       288.3610       289.5446       290.6556       291.2855       291.6288       291.2699       290.5421       289.5369       288.4338       287.8544    
 2197   287.7157       287.7891       288.5592       289.5709       290.7852       291.4362       291.7542       291.4320       290.5916       289.7156       288.7043       287.9268    
 2198   287.7444       288.0732       288.7415       289.7350       290.8348       291.3288       291.5151       291.3347       290.4843       289.5521       288.6404       287.9006    
 2199   287.5720       287.8983       288.4469       289.5044       290.4719       291.2744       291.5608       291.3083       290.4558       289.5313       288.3611       287.7657    
 2200   287.5229       287.7750       288.2447       289.4927       290.5526       291.2415       291.5541       291.3991       290.5394       289.5360       288.4869       287.6195    
 2201   287.4154       287.7068       288.5487       289.4704       290.5744       291.3199       291.5029       291.4596       290.6115       289.5460       288.7206       287.8792    
 2202   287.6335       288.0374       288.5451       289.6480       290.7462       291.3551       291.6328       291.4373       290.6560       289.7529       288.5784       287.9886    
 2203   287.7385       288.0673       288.4770       289.6142       290.7487       291.3139       291.5927       291.3528       290.5403       289.4762       288.3823       287.6941    
 2204   287.3704       287.7009       288.4383       289.4986       290.5869       291.3192       291.5110       291.3611       290.5901       289.5474       288.5050       287.7338    
 2205   287.4315       287.7752       288.5106       289.5863       290.6039       291.2076       291.5230       291.2511       290.4718       289.6295       288.6021       287.8620    
 2206   287.6824       287.8813       288.6478       289.6056       290.7807       291.4249       291.6351       291.3105       290.6512       289.7041       288.6543       288.0137    
 2207   287.6002       287.9437       288.5795       289.5516       290.5580       291.2538       291.4968       291.2708       290.5547       289.4518       288.5464       287.8851    
 2208   287.7500       288.1283       288.6382       289.6130       290.6502       291.3074       291.4667       291.3105       290.5453       289.5752       288.6122       287.7338    
 2209   287.6079       287.7321       288.4231       289.4789       290.5065       291.1795       291.5117       291.3207       290.4972       289.6707       288.4627       287.7381    
 2210   287.6121       287.7975       288.6276       289.5900       290.6087       291.4624       291.6953       291.3923       290.6869       289.7091       288.7326       287.9204    
 2211   287.7952       287.7476       288.5371       289.4758       290.5816       291.3218       291.6390       291.4002       290.5477       289.6157       288.6433       287.9673    
 2212   287.6702       287.8565       288.4041       289.5213       290.7513       291.3212       291.5289       291.2180       290.5062       289.4680       288.5754       287.6266    
 2213   287.4694       287.7553       288.3921       289.4588       290.6092       291.1997       291.4001       291.1064       290.3429       289.5309       288.4609       287.4411    
 2214   287.2980       287.5992       288.2161       289.3358       290.3832       290.9818       291.3043       291.2224       290.3867       289.4041       288.3890       287.8275    
 2215   287.5721       287.7327       288.7657       289.6258       290.7532       291.3930       291.6882       291.5570       290.6994       289.7493       288.7650       287.9135    
 2216   287.7082       287.8939       288.4760       289.5301       290.7271       291.4131       291.6555       291.3388       290.6096       289.6871       288.6902       287.8242    
 2217   287.7346       287.7629       288.5186       289.6365       290.5894       291.2727       291.3734       291.2088       290.5902       289.5705       288.5991       287.7457    
 2218   287.6835       287.8045       288.4791       289.7247       290.8459       291.3379       291.6894       291.4830       290.8299       289.7691       288.7784       287.9943    
 2219   287.8282       287.9431       288.7144       289.6978       290.8353       291.4958       291.7048       291.4884       290.6311       289.8036       288.7736       287.8997    
 2220   287.8760       288.0185       288.6764       289.8237       290.9298       291.4522       291.7385       291.5251       290.7172       289.6789       288.8326       288.0416    
 2221   287.8376       288.0089       288.6304       289.6900       290.8835       291.4211       291.6877       291.3355       290.7071       289.6569       288.5952       287.9724    
 2222   287.6106       287.8844       288.5584       289.6156       290.6871       291.3476       291.6763       291.4835       290.6842       289.7775       288.6584       287.9172    
 2223   287.8481       288.0776       288.7420       289.8571       290.9751       291.5771       291.8802       291.5682       290.8577       289.8485       288.8193       288.2135    
 2224   287.9696       288.0188       288.7389       289.8354       290.8580       291.6296       291.8064       291.5027       290.7089       289.7207       288.7090       287.9570    
 2225   287.7919       288.0175       288.6639       289.6463       290.8657       291.5105       291.7418       291.3960       290.7305       289.9000       288.8294       288.1366    
 2226   287.9901       288.0174       288.8571       289.9187       290.9617       291.5155       291.7591       291.6043       290.8195       289.9956       288.9478       288.0869    
 2227   287.9018       288.1658       288.8128       289.7249       290.7446       291.3320       291.6966       291.3896       290.6463       289.7452       288.7733       287.9651    
 2228   287.7465       287.9023       288.5787       289.6204       290.7234       291.4873       291.7445       291.4732       290.8045       289.7664       288.6821       287.9441    
 2229   287.6325       287.7557       288.5134       289.5227       290.6133       291.4324       291.7108       291.4363       290.6514       289.6135       288.5955       287.9171    
 2230   287.5415       287.8781       288.6566       289.6203       290.8200       291.4082       291.6199       291.4786       290.7392       289.7847       288.7721       287.8197    
 2231   287.6101       287.7542       288.6463       289.7020       290.6764       291.3766       291.6307       291.5554       290.7895       289.8554       288.8721       288.2516    
 2232   287.9591       288.0229       288.6096       289.6858       290.7768       291.4630       291.7160       291.4329       290.5428       289.6520       288.6920       287.8159    
 2233   287.6552       287.8432       288.4811       289.5559       290.6589       291.3021       291.6408       291.2630       290.5782       289.6846       288.5972       287.7879    
 2234   287.6607       287.9800       288.5529       289.6102       290.9111       291.4857       291.9040       291.5175       290.8063       289.8990       288.8004       288.0207    
 2235   287.8432       288.3041       288.9050       289.8924       290.9993       291.6386       291.9052       291.6749       290.9205       289.9422       288.9699       288.1254    
 2236   287.8973       288.3987       288.9495       289.9767       291.1740       291.6825       291.9781       291.7624       290.9352       289.9055       288.9394       288.1179    
 2237   287.8607       288.0032       288.5340       289.7285       290.7949       291.4980       291.8529       291.6859       290.8066       289.7999       288.8570       287.9916    
 2238   287.6954       288.0080       288.6982       289.7604       290.9190       291.5770       291.9124       291.7738       290.9665       290.1319       288.8579       288.3560    
 2239   287.9124       288.1878       288.7604       289.7772       290.8521       291.5268       291.8452       291.5459       290.6964       289.8147       288.8347       288.1628    
 2240   287.7391       287.9049       288.5358       289.6684       290.7929       291.4469       291.7334       291.5333       290.7089       289.7821       288.7734       287.9055    
 2241   287.8943       287.8680       288.7025       289.7713       290.8724       291.5953       291.7656       291.4301       290.6111       289.6911       288.7765       288.0179    
 2242   287.6776       287.8204       288.4441       289.5801       290.7405       291.4949       291.7134       291.5074       290.6547       289.6072       288.7628       287.9010    
 2243   287.6781       287.7835       288.5694       289.5434       290.6749       291.3976       291.5661       291.2244       290.5822       289.5677       288.5479       288.0284    
 2244   287.6170       287.8148       288.6510       289.7156       290.6668       291.4878       291.6819       291.4104       290.5931       289.7372       288.8070       287.9618    
 2245   287.6695       287.7850       288.7443       289.7640       290.9818       291.6000       291.8242       291.5099       290.7033       289.8111       288.6566       287.8351    
 2246   287.5973       287.8666       288.6219       289.6714       290.8156       291.5295       291.8471       291.5870       290.7048       289.8157       288.8505       288.2396    
 2247   288.0694       288.4022       288.8057       289.8669       290.9344       291.6377       291.8467       291.6472       290.9050       289.9490       288.8010       288.0541    
 2248   287.9256       288.1408       288.9656       290.0316       291.2545       291.9396       292.1610       291.8273       291.0953       290.0432       289.0651       288.3322    
 2249   288.0918       288.3651       288.9742       290.0870       291.3098       291.9217       292.2318       291.9833       291.1065       290.1091       289.1624       288.3825    
 2250   288.1084       288.2675       288.8733       290.0665       291.0331       291.7929       292.0629       291.6306       290.8550       289.7470       288.8409       287.9460    
 2251   287.9104       288.0337       288.6533       289.6711       290.8094       291.5840       291.7758       291.5451       290.7654       289.9187       288.9192       288.2371    
 2252   287.9723       288.2056       288.8410       289.8813       290.9828       291.6537       291.9306       291.5457       290.8816       289.8840       288.9029       288.2539    
 2253   287.9153       288.1096       288.6561       289.5661       290.8212       291.4289       291.7142       291.5615       290.8695       290.0315       289.0342       288.1404    
 2254   287.9396       288.2541       288.8766       289.8594       291.0186       291.6663       291.9761       291.8152       291.0016       290.1245       289.0964       288.2392    
 2255   288.0936       288.2718       288.9903       289.9783       291.1290       291.8108       291.9730       291.6655       290.8580       289.9032       288.8873       287.9636    
 2256   287.9522       288.1104       288.6678       289.7869       290.7963       291.4935       291.7914       291.6500       290.8872       289.8835       288.9722       288.1081    
 2257   287.8307       288.1360       288.9664       289.9823       291.0052       291.7497       291.9463       291.6820       290.8893       289.8887       289.0683       288.1805    
 2258   287.9552       288.2344       288.9105       289.8618       291.0294       291.5852       291.8310       291.7219       291.0047       289.9790       289.0571       288.4140    
 2259   288.1813       288.3289       288.9794       289.8746       291.0490       291.6987       291.9820       291.7740       291.0657       290.0584       289.0400       288.2318    
 2260   288.1090       288.4596       289.2662       290.2691       291.2650       291.9370       292.0251       291.9099       291.1423       290.1189       289.3738       288.5836    
 2261   288.2635       288.4231       289.1714       290.2851       291.2856       291.7462       292.0004       291.7467       291.0278       290.1222       289.1192       288.2094    
 2262   287.8842       288.2216       288.8962       289.9313       291.1339       291.7101       292.0399       291.8260       291.0845       290.1396       289.2308       288.4044    
 2263   288.0590       288.3510       288.9546       290.0836       291.1703       291.8864       292.2709       292.0293       291.2239       290.2615       289.3508       288.3940    
 2264   288.1800       288.5049       289.1569       290.2337       291.2389       291.8113       292.0441       291.7518       291.1065       290.0992       289.0555       288.3400    
 2265   288.0467       288.1525       288.9143       290.0703       291.1167       291.8200       292.0362       291.9029       291.1257       290.2754       289.3593       288.4531    
 2266   288.1961       288.4957       289.1741       290.1550       291.1851       292.0074       292.2983       292.0558       291.3485       290.4926       289.3283       288.6039    
 2267   288.3143       288.4471       289.3071       290.2472       291.4135       291.9493       292.0875       291.9388       291.1414       290.2182       289.2765       288.3487    
 2268   288.1015       288.4402       289.1172       290.0488       291.1657       291.7859       292.0155       291.8548       291.0743       290.0678       288.9376       288.1227    
 2269   287.9895       288.1222       288.9299       289.7676       291.0127       291.5961       292.0156       291.6752       290.9564       290.0124       289.0753       288.3993    
 2270   287.9623       288.2018       289.0232       289.9997       291.1768       291.7226       292.0377       291.8009       291.0237       290.0173       289.1389       288.5057    
 2271   288.2407       288.4776       289.0493       290.0814       291.1537       291.7731       292.0352       291.7289       291.0230       290.1050       289.0351       288.3360    
 2272   288.1075       288.1555       288.9359       289.9633       291.0541       291.6924       292.0084       291.6829       290.9982       289.9873       289.1233       288.2997    
 2273   288.0704       288.4197       289.1289       290.0054       291.2052       291.8338       292.2036       291.8783       291.0446       290.0648       289.1983       288.2601    
 2274   288.0402       288.3354       288.8641       289.9510       291.0199       291.7349       291.8941       291.6820       290.9459       290.0165       289.1924       288.3616    
 2275   288.0456       288.3355       288.8718       289.9638       291.1912       291.7847       291.9841       291.8527       290.9120       289.9307       288.9972       288.2808    
 2276   288.0269       288.2785       288.9407       289.9471       291.1183       291.7042       292.0481       291.8313       291.0341       290.0880       289.3258       288.4610    
 2277   288.0614       288.4019       288.9824       289.9271       291.0965       291.7039       292.1286       291.8026       290.9653       289.9485       288.9279       288.0886    
 2278   287.9815       287.8877       288.8637       289.9220       291.0190       291.6206       292.0357       291.7780       290.9710       290.0846       289.0607       288.2258    
 2279   288.1405       288.2056       289.0866       290.1055       291.1863       291.8724       292.1727       291.9696       291.1252       290.3654       289.3279       288.5814    
 2280   288.3168       288.5245       289.2417       290.2950       291.3136       291.9390       292.1654       291.9284       291.2714       290.2843       289.2389       288.4282    
 2281   288.2443       288.7556       289.0983       290.1897       291.2405       292.0117       292.1230       291.8737       291.0873       290.0419       289.1041       288.4096    
 2282   288.1931       288.2863       289.2688       290.1672       291.3867       291.9899       292.2220       292.0053       291.2091       290.2189       289.2771       288.5305    
 2283   288.3496       288.5355       289.2959       290.2929       291.2404       291.9034       292.1935       291.9443       291.1399       290.2625       289.0877       288.3411    
 2284   288.2285       288.3947       288.8618       289.8315       290.9607       291.6526       291.8939       291.7670       290.9583       290.1210       289.0975       288.4248    
 2285   288.3287       288.3215       288.8629       289.9673       291.1931       291.8040       292.2085       291.9437       291.1937       290.1447       289.3063       288.4262    
 2286   288.2422       288.3678       289.0971       290.0721       291.3682       291.8288       292.1096       291.9398       291.1192       290.1536       289.2053       288.4384    
 2287   288.1074       288.4599       289.1972       290.3392       291.3146       291.9526       292.2487       291.9285       291.0326       290.2327       289.3689       288.4638    
 2288   288.2728       288.5897       289.1678       290.2802       291.3700       292.0086       292.2810       292.0417       291.2133       290.2096       289.3796       288.5079    
 2289   288.1404       288.4865       289.0819       290.2354       291.1746       291.8477       292.1347       291.8902       291.2017       290.3235       289.2213       288.4951    
 2290   288.4592       288.5641       289.1183       290.2555       291.4205       292.0173       292.2267       292.0900       291.3196       290.4855       289.4070       288.6462    
 2291   288.2604       288.7006       289.1361       290.2115       291.2177       291.8203       292.1035       291.9356       291.0915       290.0022       289.0032       288.3568    
 2292   288.1374       288.0712       288.8637       289.8047       291.0007       291.6273       291.9719       291.7002       291.0059       289.9797       289.0282       288.2793    
 2293   288.1635       288.4391       289.0763       290.1037       291.1378       291.9195       292.0277       291.9039       291.1719       290.1572       289.1337       288.2349    
 2294   287.8374       288.3486       288.9217       290.0172       291.1930       291.7727       292.0614       291.8749       291.1348       290.2336       289.1332       288.2698    
 2295   287.9913       288.4437       289.0927       290.0987       291.2441       291.9552       292.2710       292.0463       291.2587       290.3240       289.5341       288.7694    
 2296   288.4411       289.0320       289.5588       290.4543       291.6284       292.1569       292.4304       292.2383       291.3523       290.3222       289.3176       288.5104    
 2297   288.4108       288.5491       289.1227       290.2356       291.2883       291.9083       292.1816       291.9912       291.2194       290.2755       289.1970       288.4282    
 2298   288.2177       288.3972       289.0491       290.0732       291.2028       291.9669       292.1954       291.9144       291.1150       290.0783       289.0657       288.2699    
 2299   288.0628       288.4713       289.1572       290.1447       291.1512       291.8753       292.1376       291.9882       291.2886       290.3225       289.2108       288.3267    
 2300   288.2405       288.4447       289.1404       290.0883       291.2225       291.9837       292.1773       291.9674       291.3824       290.4331       289.3938       288.7151    
