# <a href=http://cmip-pcmdi.llnl.gov/cmip5/>CMIP5</a> global mean temperature computed at <a href=http://www.knmi.nl/selectfield_cmip5.cgi?someone@somewhere>KNMI Climate Explorer</a> tas_Amon_GISS-E2-H_rcp45_r2i1p2
# tas [K] from GISS-E2-H model output prepared for CMIP5 RCP4.5 r2i1p2
# cutting out region lon=    0.000  360.000, lat=  -90.000   90.000
 1850   286.2457       286.6974       287.5121       288.2370       288.9921       289.5392       289.8080       289.5092       288.7511       287.8263       286.8372       286.4079    
 1851   286.1702       286.5254       287.4006       288.2677       289.0365       289.5497       289.8521       289.5620       288.8861       287.8555       286.7494       286.1989    
 1852   286.0461       286.7436       287.3716       288.1375       288.9613       289.5511       289.8636       289.5371       288.9222       287.9275       286.9907       286.2988    
 1853   286.2309       286.7713       287.3438       288.2628       289.0269       289.6154       289.8718       289.7048       288.8995       287.9054       286.9361       286.4300    
 1854   286.3683       286.5493       287.3810       288.2300       288.9709       289.6598       289.9150       289.7470       289.0239       287.8847       286.9139       286.3561    
 1855   286.1925       286.7033       287.4536       288.2471       289.0837       289.6581       289.8920       289.6822       288.9365       287.8464       286.9900       286.4282    
 1856   286.4644       286.4540       287.3441       288.2328       289.1005       289.5692       289.8381       289.6714       288.8101       287.7403       286.8347       286.1153    
 1857   286.1783       286.5614       287.2210       288.2721       288.9099       289.5406       289.6301       289.4345       288.7576       287.7569       286.7780       286.0742    
 1858   286.0901       286.3753       287.1741       288.1614       288.8865       289.4788       289.6635       289.5106       288.7856       287.8202       286.7265       286.2854    
 1859   286.2040       286.6445       287.2672       288.0975       288.8477       289.4801       289.7432       289.5914       288.8669       287.7736       286.7728       286.2914    
 1860   286.0412       286.4235       287.2141       288.0443       288.8795       289.4940       289.8804       289.5495       288.9529       287.8482       286.9319       286.3875    
 1861   286.2461       286.7277       287.4268       288.3696       289.1331       289.5971       289.8352       289.7787       289.0577       287.9407       286.9592       286.2419    
 1862   286.2485       286.5817       287.5020       288.2481       289.0021       289.5927       289.7404       289.6104       288.9352       287.8567       286.9408       286.3649    
 1863   286.3346       286.6866       287.5245       288.3173       289.0451       289.7472       289.9737       289.7737       289.0080       287.9510       286.9560       286.3972    
 1864   286.2187       286.6992       287.4948       288.3750       289.0711       289.6741       289.8475       289.5625       289.0191       287.8079       286.9349       286.1891    
 1865   286.2116       286.5013       287.2375       288.2349       289.1113       289.6241       289.7995       289.5513       288.7407       287.8304       286.9204       286.4734    
 1866   286.4635       286.6282       287.4720       288.3060       289.0418       289.5595       289.7946       289.5414       288.8809       287.9176       287.0239       286.4148    
 1867   286.1876       286.5349       287.3789       288.2569       288.9222       289.4715       289.6698       289.5131       288.7750       287.9189       286.8559       286.2279    
 1868   286.3410       286.6953       287.1730       288.3125       289.2079       289.6415       289.9088       289.6107       288.9739       287.9379       286.9198       286.6245    
 1869   286.5222       286.9424       287.4915       288.4601       289.1836       289.7084       290.0220       289.8054       289.1109       288.0371       287.0211       286.4686    
 1870   286.4055       286.8796       287.5393       288.4157       289.2151       289.6330       289.8596       289.6687       288.9659       288.1638       287.0553       286.4531    
 1871   286.4868       286.8127       287.4179       288.1826       288.9145       289.5140       289.7921       289.6007       289.0834       288.0331       287.1198       286.6040    
 1872   286.5943       286.9096       287.6085       288.3861       289.2824       289.7322       289.9242       289.6130       289.0082       288.0313       286.8686       286.3246    
 1873   286.4777       286.6090       287.4085       288.2982       288.9693       289.6203       289.8713       289.5649       288.8049       287.8423       286.9334       286.3770    
 1874   286.2504       286.7525       287.3416       288.2022       289.0316       289.5709       289.7733       289.6256       288.9154       287.9902       286.8818       286.3082    
 1875   286.3415       286.7700       287.4322       288.2999       289.0953       289.5491       289.8289       289.6777       289.0510       288.0833       287.0743       286.6771    
 1876   286.4580       286.8848       287.4519       288.4445       289.1839       289.6762       289.9211       289.6646       289.0434       287.9467       287.0399       286.5607    
 1877   286.4094       286.7585       287.4927       288.3322       289.1450       289.7292       290.0282       289.8058       289.1324       288.0909       287.0192       286.6426    
 1878   286.5962       286.8920       287.6819       288.5362       289.2591       289.8300       289.9454       289.7280       289.1600       288.0428       286.9247       286.5134    
 1879   286.3090       286.6739       287.4418       288.3339       289.1243       289.9041       290.0203       289.8886       289.0629       288.1600       287.2219       286.7190    
 1880   286.5192       286.7518       287.6471       288.7041       289.3564       289.8338       290.1273       289.8747       289.1968       288.0878       287.2079       286.6135    
 1881   286.5286       286.9703       287.5601       288.4587       289.2471       289.8522       290.1338       290.0063       289.2201       288.2331       287.2331       286.6666    
 1882   286.5639       287.0074       287.8118       288.6186       289.2690       289.7594       290.0833       289.9555       289.1787       288.0555       287.0958       286.5315    
 1883   286.4710       286.9068       287.4729       288.6133       289.2593       289.8278       290.0784       289.7941       289.0877       287.8767       286.9062       286.2348    
 1884   286.0235       286.5574       287.1992       288.1534       288.7986       289.3600       289.5002       289.2594       288.5659       287.5240       286.6068       285.9215    
 1885   285.9634       286.3783       287.2226       288.0640       288.8815       289.4981       289.6878       289.5605       288.7388       287.5857       286.8163       286.1297    
 1886   286.1219       286.6883       287.5087       288.3538       289.0670       289.8339       289.9410       289.6715       288.9273       287.7812       286.8557       286.2572    
 1887   286.2852       286.6100       287.4708       288.1152       289.0100       289.5870       289.8125       289.6047       288.9868       287.9075       286.9231       286.4089    
 1888   286.2462       286.5721       287.4143       288.3109       289.0973       289.6524       289.9448       289.6873       289.0299       287.9480       286.9678       286.4509    
 1889   286.3647       286.6787       287.5661       288.3478       289.1677       289.7005       289.9894       289.7774       289.0163       287.9490       286.9191       286.5189    
 1890   286.3915       286.7916       287.4824       288.3366       289.0423       289.5996       289.8716       289.6518       288.9680       287.8589       286.8698       286.3671    
 1891   286.2546       286.7981       287.3575       288.2744       289.0480       289.6854       289.7509       289.6282       288.9434       287.8755       286.9111       286.3573    
 1892   286.1322       286.5658       287.5779       288.4465       289.2070       289.6538       289.8352       289.6781       288.9488       287.8854       287.0012       286.5410    
 1893   286.3093       286.8473       287.5255       288.3097       289.0834       289.6855       289.9110       289.7734       289.0160       288.1262       286.9943       286.4655    
 1894   286.2954       286.9290       287.3355       288.3697       289.1829       289.8270       290.1644       289.8378       289.2027       288.0092       287.0406       286.5729    
 1895   286.4910       286.8108       287.4875       288.2678       289.1239       289.7684       289.9650       289.6495       289.0901       288.0497       287.0410       286.4208    
 1896   286.4904       286.7946       287.4348       288.3805       289.1327       289.6450       290.0522       289.7357       289.0432       288.0888       286.9227       286.5743    
 1897   286.4771       286.8376       287.6621       288.5366       289.3219       289.7680       290.0136       289.8487       289.1136       288.0290       286.9486       286.4458    
 1898   286.3156       286.7276       287.3531       288.2911       289.1291       289.7310       289.9105       289.6944       288.8810       287.9957       286.9341       286.3902    
 1899   286.4454       286.5607       287.4308       288.2394       289.2653       289.6636       289.9804       289.7566       289.1417       288.2230       287.1549       286.7250    
 1900   286.4670       286.7733       287.7091       288.6006       289.2817       289.8871       290.1037       289.9970       289.2191       288.2951       287.1730       286.5804    
 1901   286.5931       287.0595       287.7924       288.5989       289.3778       289.8464       290.1397       289.9783       289.2369       288.1937       287.2549       286.5187    
 1902   286.4936       286.7552       287.5223       288.4160       289.2155       289.7971       290.0458       289.8305       289.0736       288.0671       287.0175       286.4485    
 1903   286.3524       286.9298       287.4478       288.2646       289.1117       289.6440       289.9346       289.7057       289.0967       287.9740       287.0234       286.4016    
 1904   286.3957       286.7627       287.4327       288.4893       289.0590       289.5961       289.8257       289.7427       289.1033       288.0677       287.0039       286.3613    
 1905   286.2604       286.6676       287.6429       288.5038       289.2600       289.7212       289.9955       289.7277       289.1106       288.1207       287.1459       286.6837    
 1906   286.6648       286.9290       287.5477       288.5374       289.2965       289.8564       290.1025       289.9168       289.2085       288.1213       287.1570       286.6423    
 1907   286.6642       286.9247       287.7374       288.6574       289.2688       289.9141       290.0036       289.8348       289.0806       288.1603       287.1400       286.5123    
 1908   286.6223       286.7751       287.5890       288.5751       289.2200       289.7809       290.1050       289.9323       289.1982       288.2889       287.3152       286.9514    
 1909   286.7005       286.8159       287.6656       288.6569       289.3148       289.9117       290.1559       289.8861       289.2795       288.1406       287.1804       286.6626    
 1910   286.8089       287.0841       287.6797       288.5877       289.3274       289.9271       290.1520       289.9274       289.1823       288.1081       287.1870       286.6312    
 1911   286.5824       287.0109       287.6853       288.5910       289.2960       289.8153       290.0972       289.9597       289.1916       288.1213       287.1841       286.4822    
 1912   286.5537       287.0147       287.7773       288.4753       289.2003       289.7872       289.9944       289.8581       289.1761       288.1783       287.1429       286.6273    
 1913   286.5488       286.8165       287.6287       288.6227       289.3201       289.8191       290.0373       289.8130       289.0435       288.0098       287.1075       286.4884    
 1914   286.5103       286.9270       287.7235       288.4184       289.2294       289.8176       289.9739       289.9039       289.1850       288.1199       287.2283       286.6311    
 1915   286.4490       286.9670       287.6935       288.5706       289.2901       289.9014       290.1294       289.9077       289.2320       288.1591       287.0825       286.6290    
 1916   286.6629       287.0352       287.8156       288.7070       289.4488       289.9428       290.3049       290.0505       289.3709       288.3558       287.2706       286.6737    
 1917   286.7440       287.0480       287.7293       288.6157       289.2717       289.9525       290.1269       289.9922       289.2058       288.1654       287.2309       286.6237    
 1918   286.5635       287.0769       287.7426       288.5237       289.2633       289.6996       290.0583       289.8533       289.1950       288.1841       287.1737       286.7613    
 1919   286.7090       286.8468       287.7195       288.5986       289.3901       290.0807       290.2368       290.0850       289.3546       288.1965       287.1864       286.7808    
 1920   286.6883       286.9449       287.8799       288.5660       289.3405       290.0161       290.2272       289.9664       289.2399       288.2240       287.2460       286.7456    
 1921   286.5714       286.8633       287.6079       288.5249       289.2598       289.8342       290.0787       289.9262       289.1946       288.1514       287.1486       286.6573    
 1922   286.4865       287.1776       287.8373       288.6511       289.3490       289.9526       290.1893       290.0772       289.2730       288.1555       287.2635       286.7207    
 1923   286.6005       287.0513       287.8493       288.6225       289.3055       289.9157       290.1510       289.9663       289.2767       288.1918       287.3430       286.7244    
 1924   286.8024       287.1292       287.8300       288.7535       289.5443       290.0356       290.2310       290.0291       289.2882       288.3217       287.3409       286.7723    
 1925   286.7077       287.0660       287.7797       288.6353       289.2713       289.9300       290.0924       289.9668       289.1700       288.1724       287.4029       286.7318    
 1926   286.6858       287.1219       287.8081       288.6085       289.3802       289.9125       290.2648       289.9634       289.3333       288.2999       287.3774       286.8533    
 1927   286.7472       287.2106       287.9481       288.6962       289.4940       290.1159       290.1959       289.9909       289.3819       288.3861       287.3018       286.7701    
 1928   286.6313       286.9742       287.7623       288.6814       289.4626       290.0921       290.3300       290.1152       289.4535       288.4753       287.5056       286.7186    
 1929   286.7591       287.1931       287.7809       288.5646       289.4862       290.0056       290.2301       290.0345       289.3571       288.3255       287.3285       286.6393    
 1930   286.7382       287.0165       287.8694       288.6623       289.3877       289.9100       290.1903       290.0035       289.3783       288.3945       287.3154       286.6469    
 1931   286.8158       287.1156       287.7442       288.6438       289.4294       289.9861       290.1564       289.9769       289.2550       288.2184       287.2768       286.8021    
 1932   286.6919       287.2373       287.6607       288.6823       289.3981       290.1164       290.3112       290.1172       289.2683       288.3083       287.2566       286.7053    
 1933   286.7038       287.1911       287.8728       288.6736       289.4316       290.0175       290.2545       290.0761       289.3333       288.2659       287.3763       286.9654    
 1934   286.9424       287.2032       287.9748       288.5691       289.4766       289.8791       290.2214       290.0116       289.3901       288.3267       287.4212       286.7227    
 1935   286.7089       287.2183       287.9292       288.7144       289.5134       290.0155       290.1689       290.1076       289.3162       288.3487       287.3573       286.7022    
 1936   286.7708       287.0419       287.8956       288.6907       289.4252       290.0086       290.2743       290.0527       289.3767       288.3593       287.2924       286.8595    
 1937   286.7342       287.1302       287.8494       288.8245       289.4494       289.9566       290.2512       290.0291       289.3145       288.3253       287.4041       286.7708    
 1938   286.7202       287.0789       287.8755       288.7303       289.5243       289.9890       290.3194       290.1091       289.4037       288.2923       287.3280       287.0325    
 1939   286.8179       287.1880       287.7703       288.7914       289.5919       290.1074       290.3050       290.1286       289.4644       288.2979       287.2971       286.8606    
 1940   286.8735       287.2787       288.1150       288.8916       289.6750       290.1249       290.2983       290.0476       289.4273       288.4676       287.4739       286.9491    
 1941   286.7712       286.8356       287.6567       288.5416       289.5013       290.0168       290.3052       290.0557       289.3266       288.4600       287.4917       286.7747    
 1942   286.9173       287.0083       287.8050       288.6889       289.4541       290.0208       290.2087       289.9902       289.4209       288.3559       287.4268       286.8700    
 1943   286.8372       287.3290       287.9896       288.8628       289.4705       290.0498       290.2465       290.0345       289.3091       288.4034       287.4991       286.8539    
 1944   286.8063       287.1267       287.9551       288.7888       289.5826       290.0471       290.2364       290.1104       289.3533       288.2606       287.3856       286.7809    
 1945   286.7804       287.3146       287.8536       288.7728       289.5101       290.0382       290.3163       290.1803       289.4064       288.4965       287.5503       286.9020    
 1946   286.9102       287.3770       288.0311       288.7682       289.6781       290.0762       290.3180       290.2421       289.4838       288.5295       287.4906       286.8882    
 1947   286.8114       287.4272       287.9003       288.7662       289.5982       290.0898       290.2664       290.0871       289.4387       288.4080       287.4023       286.8076    
 1948   286.8674       287.2454       287.7260       288.5598       289.4035       289.9815       290.2415       290.0214       289.3944       288.3748       287.5182       286.9090    
 1949   286.9102       287.2220       287.8477       288.6969       289.6170       290.1425       290.3177       290.1093       289.4464       288.4418       287.5302       286.9980    
 1950   286.9854       287.4557       288.0680       288.8576       289.5414       290.0463       290.2994       290.0796       289.2974       288.4014       287.4408       286.8683    
 1951   286.9470       287.3484       288.0167       288.9223       289.6077       290.0954       290.3000       290.1075       289.3907       288.4261       287.3965       286.7474    
 1952   286.8523       287.0836       287.8734       288.5172       289.3821       290.0288       290.2419       290.0671       289.5086       288.4338       287.4093       286.8217    
 1953   286.8094       287.1873       287.9915       288.7072       289.4171       290.0349       290.2336       290.0468       289.3812       288.3452       287.3961       286.8730    
 1954   286.8354       287.1862       287.8293       288.8079       289.5951       290.0844       290.3378       290.1204       289.5250       288.4251       287.4825       286.8384    
 1955   286.7713       287.2090       287.8616       288.7095       289.5014       289.9918       290.2036       290.0275       289.2800       288.3922       287.3673       286.8653    
 1956   286.8098       287.2074       287.9650       288.8364       289.6049       290.0418       290.3111       290.1380       289.4108       288.5741       287.6920       286.9721    
 1957   286.9504       287.4936       288.0558       288.7922       289.7361       290.1698       290.3717       290.0493       289.4517       288.3375       287.3618       286.8900    
 1958   286.8556       287.1781       287.9241       288.8183       289.4588       290.0853       290.1720       290.0468       289.3628       288.3693       287.4138       287.0273    
 1959   286.8161       287.2520       288.0071       288.7987       289.5710       290.0172       290.3255       290.2390       289.4789       288.5783       287.4951       286.8976    
 1960   286.9482       287.2653       287.9897       288.7238       289.6505       290.1746       290.2946       290.0566       289.3772       288.4394       287.5052       287.0326    
 1961   287.0283       287.3391       288.0201       288.8659       289.5946       290.1053       290.3054       290.0047       289.4530       288.3327       287.3776       286.7588    
 1962   286.9052       287.3030       287.9128       288.7616       289.6565       290.1457       290.4133       290.0382       289.3859       288.4003       287.4984       286.8984    
 1963   286.7160       287.2955       287.9150       288.7894       289.4537       289.9495       290.1156       289.9165       289.3607       288.3867       287.3185       286.7290    
 1964   286.6006       286.9488       287.7672       288.5971       289.3264       289.9057       290.0574       289.8890       289.2855       288.3297       287.4215       286.9394    
 1965   286.8508       287.1952       287.9662       288.6820       289.2678       289.8261       290.1042       289.9228       289.1903       288.1727       287.1409       286.7060    
 1966   286.5970       287.0230       287.6129       288.5979       289.3648       289.8853       290.0921       289.7923       289.0914       288.2571       287.2191       286.7341    
 1967   286.5927       287.0918       287.8004       288.7568       289.3940       289.8594       290.1335       289.9597       289.3703       288.3184       287.3797       286.9344    
 1968   286.7554       287.0634       287.7469       288.5488       289.3198       289.8919       290.0930       289.8795       289.2757       288.2722       287.3279       286.7487    
 1969   286.7409       287.1757       287.7669       288.5888       289.3777       289.8625       290.1642       289.9638       289.3091       288.2959       287.3032       286.8982    
 1970   286.7396       287.1228       287.9615       288.7637       289.4346       289.9522       290.2649       289.9562       289.3289       288.2323       287.1402       286.7104    
 1971   286.6461       287.0728       287.7818       288.6642       289.3386       289.9533       290.1840       290.0493       289.2854       288.2780       287.2856       286.6916    
 1972   286.4877       287.0616       287.8742       288.6642       289.4782       289.9549       290.2823       290.1024       289.3941       288.4093       287.4960       286.9606    
 1973   286.8924       287.3611       287.9755       288.8303       289.5918       290.0895       290.3950       290.1003       289.5335       288.5520       287.4656       287.0645    
 1974   287.0170       287.3802       287.9967       288.7842       289.5241       290.0436       290.2698       290.0731       289.3953       288.4358       287.4111       286.8302    
 1975   286.7858       287.0894       287.8358       288.6793       289.3923       289.9182       290.1572       289.9681       289.3319       288.4239       287.6136       286.9540    
 1976   286.8804       287.6213       288.0009       288.7756       289.4652       290.0980       290.3537       290.0866       289.4988       288.4445       287.5446       287.0653    
 1977   286.9518       287.3107       288.0193       288.8569       289.4032       289.9336       290.1482       289.9947       289.4021       288.3505       287.3671       286.8348    
 1978   286.8391       287.2777       287.9168       288.8739       289.6560       290.1566       290.4771       290.3526       289.6190       288.6251       287.6809       287.1695    
 1979   286.9144       287.1879       288.1165       288.9492       289.6824       290.2682       290.3507       290.1127       289.5454       288.6168       287.6218       287.0131    
 1980   286.9455       287.3234       288.1130       289.0648       289.6011       290.1642       290.4416       290.1956       289.5865       288.6055       287.5971       287.0199    
 1981   287.1432       287.5526       288.1628       288.9777       289.6939       290.2597       290.4549       290.2383       289.6533       288.6656       287.7429       287.2155    
 1982   287.1684       287.3795       288.1769       288.9015       289.7786       290.1387       290.3703       290.1813       289.4513       288.4140       287.5878       287.0143    
 1983   286.9861       287.2663       287.9008       288.7524       289.3856       289.9230       290.1402       290.0201       289.3860       288.3942       287.3930       286.9261    
 1984   286.8883       287.3572       287.9596       288.7578       289.5023       289.8993       290.1636       290.0652       289.3329       288.2990       287.4321       287.0874    
 1985   286.9072       287.2604       287.8270       288.7835       289.5834       290.0516       290.2454       290.1079       289.4012       288.4320       287.5241       287.0499    
 1986   287.1904       287.3822       288.2322       288.9697       289.5879       290.1633       290.4084       290.2509       289.6003       288.6003       287.5710       286.9545    
 1987   287.0135       287.4635       288.0572       288.9886       289.6137       290.2157       290.5127       290.1855       289.5207       288.5310       287.6354       287.0874    
 1988   287.0637       287.4619       288.2525       288.9757       289.6826       290.1805       290.4059       290.1326       289.5216       288.5630       287.6449       287.2534    
 1989   287.2184       287.4991       288.1021       288.8687       289.5971       290.1572       290.4004       290.2448       289.7009       288.5428       287.6821       287.1519    
 1990   286.9248       287.2151       288.1395       289.1211       289.7894       290.2090       290.3760       290.2560       289.6351       288.6394       287.6980       287.1645    
 1991   287.2829       287.5416       288.1777       288.8428       289.6010       290.1478       290.4838       290.1665       289.4821       288.3916       287.3879       286.7699    
 1992   286.6671       286.9376       287.7313       288.3999       289.1926       289.8006       289.9615       289.7416       289.0807       288.1696       287.3007       286.8145    
 1993   286.6922       287.0510       287.7138       288.5934       289.2877       289.8281       290.1109       290.0103       289.3754       288.4685       287.3196       286.9174    
 1994   286.9552       287.3331       288.0171       288.8400       289.5513       290.1801       290.3327       290.1994       289.3521       288.4537       287.5390       286.8795    
 1995   286.8100       287.3223       287.9380       288.6925       289.5733       290.1416       290.4380       290.2122       289.5644       288.5002       287.4678       287.0394    
 1996   286.9036       287.3859       287.9954       288.9828       289.6952       290.1414       290.3195       290.1974       289.6567       288.6537       287.6618       287.1614    
 1997   287.1009       287.5886       288.2139       289.0155       289.7191       290.2253       290.4887       290.3621       289.7474       288.8961       287.8063       287.4066    
 1998   287.2977       287.5474       288.2865       289.1081       289.8811       290.4195       290.6911       290.4107       289.8412       288.9182       287.9475       287.3707    
 1999   287.3962       287.7591       288.4331       289.2808       289.8159       290.4270       290.6194       290.3835       289.7781       288.7657       287.9141       287.2677    
 2000   287.3294       287.7514       288.3683       289.1478       289.7993       290.3657       290.5021       290.3668       289.6852       288.8316       287.8681       287.2462    
 2001   287.2521       287.4545       288.2511       289.0944       289.9716       290.4769       290.6400       290.4870       289.8498       288.9684       288.0410       287.5096    
 2002   287.2943       287.8209       288.5431       289.2433       290.0978       290.4870       290.7028       290.5155       289.8964       288.9495       288.0359       287.4822    
 2003   287.4474       287.8122       288.4690       289.2682       290.0168       290.4792       290.6960       290.5327       289.9885       289.0591       288.0460       287.4616    
 2004   287.4167       287.6150       288.3802       289.1761       289.8320       290.4556       290.6660       290.5828       289.8775       288.9825       287.9692       287.3689    
 2005   287.4221       287.6732       288.4075       289.2845       289.9872       290.5796       290.6902       290.6434       289.9842       289.1075       288.1598       287.6357    
 2006   287.6761       288.0092       288.5843       289.4223       290.1383       290.6058       290.8835       290.6048       289.9954       289.0823       288.1215       287.4875    
 2007   287.5482       287.7532       288.3988       289.2196       289.9502       290.5840       290.6833       290.5766       289.9183       288.8705       288.0763       287.4956    
 2008   287.4813       287.8383       288.4091       289.1999       290.1010       290.6564       290.7974       290.6631       290.0295       288.8997       287.9546       287.4595    
 2009   287.5130       287.8439       288.6354       289.3170       290.1526       290.5323       290.8084       290.6420       289.9084       289.1257       288.2002       287.5777    
 2010   287.4743       287.8500       288.4100       289.2311       290.0294       290.6039       290.8294       290.6768       290.0721       289.1159       288.1872       287.6365    
 2011   287.6373       287.9142       288.4639       289.3638       290.0439       290.5617       290.8724       290.5982       289.8991       288.9518       287.9319       287.4213    
 2012   287.4633       287.7203       288.4435       289.3446       290.0675       290.6159       290.8462       290.5400       290.0674       289.0534       288.0795       287.3642    
 2013   287.5852       287.8729       288.6308       289.4177       290.0935       290.5982       290.9131       290.7025       290.1107       289.2843       288.2212       287.7111    
 2014   287.5996       288.0360       288.6242       289.3627       290.0822       290.6671       290.9516       290.7402       290.1373       289.1559       288.3478       287.5754    
 2015   287.7193       288.0914       288.7410       289.3393       290.1421       290.8032       290.9721       290.7455       290.0441       289.1901       288.3102       287.7036    
 2016   287.7699       287.9676       288.7062       289.4243       290.1216       290.7581       290.8956       290.6952       290.0082       289.1578       288.2163       287.7103    
 2017   287.8393       288.2645       288.7873       289.5464       290.2214       290.7021       290.9146       290.8822       290.1563       289.2334       288.3589       287.9479    
 2018   287.7580       288.1577       288.7780       289.4751       290.2318       290.7379       290.9820       290.8795       290.1994       289.2220       288.3375       287.8432    
 2019   287.5763       287.9892       288.6536       289.5107       290.1531       290.6985       290.9198       290.8051       290.2115       289.1699       288.3351       287.8931    
 2020   287.7515       288.0933       288.7022       289.5531       290.3129       290.7926       291.0483       290.8102       290.1278       289.3217       288.4269       287.7525    
 2021   287.8932       288.3296       288.8498       289.5870       290.2330       290.7576       291.0211       290.7475       290.2453       289.3162       288.4675       287.8945    
 2022   287.9464       288.0665       288.8041       289.6731       290.2988       290.8107       291.0861       290.9849       290.3460       289.4109       288.5643       287.9242    
 2023   287.8729       288.2622       288.7404       289.5936       290.3619       290.9955       291.1277       290.9261       290.4365       289.3640       288.5712       287.9608    
 2024   287.8192       288.2577       288.8445       289.5791       290.4026       290.8582       290.9959       290.8772       290.2953       289.2137       288.4024       287.8482    
 2025   287.9932       288.2243       288.6889       289.5240       290.2538       290.8255       291.0573       290.9217       290.3185       289.3174       288.5646       287.9691    
 2026   287.8696       288.2126       288.9070       289.6577       290.4154       291.0184       291.0548       290.9316       290.2674       289.4451       288.5078       287.9517    
 2027   288.0238       288.2750       288.9823       289.7445       290.3252       290.9379       291.1114       290.9268       290.1822       289.4043       288.4137       288.0379    
 2028   287.8113       288.3286       288.8775       289.6365       290.3209       290.8328       291.0785       290.9313       290.3203       289.3508       288.5206       288.0358    
 2029   288.1015       288.2257       289.0474       289.8039       290.5006       291.0031       291.2004       291.0142       290.4175       289.4368       288.5777       288.1035    
 2030   288.0294       288.4334       289.0199       289.8199       290.5408       291.0040       291.1335       290.8776       290.3318       289.4239       288.5395       287.9965    
 2031   287.8733       288.3448       288.9873       289.7397       290.3543       290.9795       291.1756       291.0594       290.3611       289.4718       288.5499       288.1609    
 2032   288.0774       288.5381       289.1346       289.8427       290.5982       291.0813       291.2966       291.0269       290.4376       289.4299       288.5435       288.0314    
 2033   287.9302       288.2999       288.9283       289.6755       290.4299       290.8904       291.1778       290.9849       290.3770       289.4372       288.5084       287.9358    
 2034   288.0072       288.4673       289.0194       289.7438       290.4941       291.1003       291.4144       291.1812       290.5694       289.6239       288.7508       288.2467    
 2035   288.1369       288.5113       289.0338       289.6980       290.5066       291.0310       291.2929       291.1364       290.4345       289.5996       288.7163       288.0684    
 2036   288.1640       288.5310       288.9352       289.7781       290.5175       291.0964       291.2477       291.0412       290.3860       289.6253       288.6417       288.1961    
 2037   288.1814       288.3622       289.1476       289.7968       290.6131       291.1426       291.3145       291.1335       290.5827       289.7121       288.6713       288.3226    
 2038   288.1414       288.4868       288.9781       289.7805       290.4959       291.0734       291.4291       291.2413       290.6570       289.8339       288.8343       288.3964    
 2039   288.3244       288.5875       289.2331       289.8474       290.8074       291.2158       291.3639       291.2767       290.6263       289.6753       288.8070       288.3354    
 2040   288.3300       288.5194       289.1151       289.8218       290.6244       291.1727       291.3769       291.2257       290.6375       289.6704       288.8221       288.3967    
 2041   288.3215       288.7280       289.2235       290.0132       290.7336       291.2596       291.4518       291.2527       290.6008       289.6380       288.7345       288.2686    
 2042   288.2424       288.7464       289.0833       289.7999       290.6104       291.1947       291.3885       291.2665       290.5402       289.7504       288.8019       288.4640    
 2043   288.2809       288.8517       289.2355       290.0151       290.8270       291.3315       291.4135       291.3553       290.6722       289.8015       288.8087       288.3274    
 2044   288.3656       288.8464       289.3366       290.0778       290.7832       291.3071       291.4895       291.3765       290.6562       289.6466       288.8564       288.5467    
 2045   288.3333       288.8016       289.4301       289.9601       290.7666       291.2560       291.4768       291.2856       290.6192       289.7033       288.8891       288.2918    
 2046   288.2679       288.7483       289.2790       289.9524       290.8078       291.2813       291.4537       291.3198       290.5886       289.7228       288.8693       288.4650    
 2047   288.4249       288.6751       289.4149       290.2250       290.8054       291.3870       291.5509       291.4083       290.7652       289.7797       288.9801       288.5852    
 2048   288.5322       288.7427       289.3214       290.0113       290.7239       291.2602       291.4866       291.3842       290.7198       289.7335       288.9404       288.3174    
 2049   288.2473       288.7374       289.4019       290.1455       290.8718       291.2776       291.4735       291.3130       290.6785       289.8015       288.9054       288.5400    
 2050   288.2979       288.6973       289.3100       290.2123       290.9101       291.4318       291.6928       291.4822       290.7709       289.8832       289.1725       288.6031    
 2051   288.5605       288.8559       289.3996       290.1020       290.8756       291.3361       291.5544       291.3870       290.8094       289.8929       289.0066       288.4898    
 2052   288.4884       288.8217       289.5390       290.1924       290.8588       291.3417       291.6605       291.5377       290.8264       289.9820       289.0049       288.5257    
 2053   288.5148       289.0049       289.5760       290.2233       290.9877       291.4431       291.5860       291.4072       290.7842       289.9530       288.9618       288.5725    
 2054   288.5748       288.8966       289.4272       290.1102       290.9252       291.5045       291.7243       291.6111       290.8796       290.1323       289.1973       288.6898    
 2055   288.6280       288.8559       289.4748       290.3403       291.0447       291.5244       291.6990       291.5951       290.9216       289.9857       289.1896       288.5815    
 2056   288.5882       288.6780       289.5415       290.1815       290.9926       291.3713       291.6811       291.4827       290.8936       289.9540       289.1049       288.7329    
 2057   288.6224       289.0587       289.7395       290.3943       291.0404       291.5585       291.6990       291.5736       290.9395       290.1253       289.2072       288.7093    
 2058   288.7594       289.0215       289.7275       290.3419       290.9193       291.4014       291.6183       291.4673       290.6727       289.9535       289.0726       288.6097    
 2059   288.5144       288.8435       289.4357       290.2697       290.9034       291.5382       291.7220       291.5282       290.9692       289.9531       289.1260       288.5958    
 2060   288.6836       288.9963       289.6088       290.3142       291.0345       291.5499       291.7611       291.6298       290.9133       290.1002       289.2807       288.7498    
 2061   288.7388       289.0842       289.7299       290.3984       290.9719       291.5180       291.7428       291.5753       291.1033       290.1684       289.2830       288.5915    
 2062   288.6324       289.2112       289.8031       290.3623       291.1712       291.7443       291.9021       291.6630       291.0204       290.0972       289.3008       288.6942    
 2063   288.6905       289.0550       289.7491       290.4602       291.1139       291.5744       291.8402       291.6628       291.0831       290.1066       289.2992       288.8766    
 2064   288.6441       289.1583       289.6425       290.3469       291.0860       291.5258       291.8538       291.5891       291.0826       290.0623       289.2473       288.8726    
 2065   288.8228       289.0235       289.7381       290.4603       291.1898       291.6656       291.8561       291.6290       291.0347       290.1436       289.2277       288.5103    
 2066   288.7448       289.2304       289.7517       290.4128       291.1074       291.5190       291.7524       291.5457       291.0251       289.9869       289.2182       288.7706    
 2067   288.6042       288.9259       289.6405       290.4309       291.0524       291.5156       291.8224       291.6711       291.0558       290.1962       289.3881       288.8890    
 2068   288.7881       289.1189       289.6154       290.4117       291.0803       291.7120       291.8475       291.5719       291.0658       290.0682       289.3828       288.7458    
 2069   288.6603       288.9447       289.5561       290.3555       290.9626       291.5533       291.7310       291.4252       290.9865       290.1678       289.4185       288.8847    
 2070   288.7340       289.1188       289.7526       290.3992       290.8695       291.4654       291.8313       291.6878       291.1237       290.2591       289.3014       288.8523    
 2071   288.8323       289.0912       289.9289       290.5999       291.1585       291.7008       291.8333       291.6869       291.0815       290.1767       289.3207       288.7681    
 2072   288.7155       289.0861       289.7652       290.4663       291.0838       291.6598       291.8890       291.6691       291.1102       290.2850       289.3839       288.8556    
 2073   288.7612       289.1935       289.8719       290.4564       291.1497       291.6236       291.8248       291.6948       291.1190       290.2773       289.3981       288.9285    
 2074   288.8225       289.0976       289.7510       290.4953       291.2408       291.6693       291.9330       291.6773       291.0996       290.2865       289.4536       288.7623    
 2075   288.9617       289.3149       289.7936       290.5638       291.0743       291.5855       291.7676       291.7567       291.0607       290.2856       289.2883       288.8106    
 2076   288.6032       289.1394       289.7077       290.6567       291.2094       291.7653       291.9417       291.7030       291.1436       290.1624       289.4290       288.8417    
 2077   288.8117       289.1827       289.7697       290.5005       291.1116       291.6700       291.8665       291.6618       291.0137       290.0909       289.2324       288.7704    
 2078   288.6445       289.1514       289.7184       290.5019       291.0830       291.5558       291.7482       291.7315       290.9846       290.2165       289.3663       288.8683    
 2079   288.6519       289.1360       289.7189       290.5124       291.2814       291.7929       291.8878       291.7350       291.1198       290.2899       289.4022       288.8762    
 2080   288.7727       289.1641       289.7459       290.3919       291.1782       291.7143       291.9461       291.6924       290.9867       290.2619       289.4430       288.9294    
 2081   289.0134       289.2574       289.9734       290.5172       291.0556       291.6809       291.9287       291.6579       291.0591       290.1450       289.3249       288.7706    
 2082   288.9467       289.1296       289.9421       290.4689       291.1684       291.6886       291.8869       291.6945       291.1248       290.1268       289.4083       289.0439    
 2083   288.7942       289.0676       289.7456       290.4378       291.1734       291.7079       291.9529       291.7265       291.1110       290.2250       289.3988       288.7979    
 2084   288.7544       289.1374       289.7443       290.5586       291.2184       291.7559       291.9212       291.7777       291.1713       290.2790       289.3982       288.9133    
 2085   289.0555       289.2027       289.9072       290.5475       291.2880       291.7345       291.9433       291.8964       291.1801       290.3071       289.4232       288.9760    
 2086   289.0491       289.3421       289.8711       290.5717       291.1732       291.6989       291.8667       291.6840       291.1081       290.1073       289.4471       288.9283    
 2087   288.7959       289.0326       289.7455       290.4205       291.3039       291.6710       291.9451       291.7805       291.2037       290.3055       289.4179       288.8121    
 2088   289.0385       289.3477       289.8872       290.5462       291.2349       291.7857       291.8856       291.7587       291.1204       290.3409       289.6406       288.8421    
 2089   288.9041       289.1049       289.7314       290.5176       291.1375       291.7334       292.0121       291.7886       291.0201       290.1313       289.4403       288.8472    
 2090   288.7221       289.2719       289.8379       290.5796       291.3118       291.7744       292.0597       291.8403       291.3467       290.4863       289.4435       289.1346    
 2091   289.1436       289.3662       290.0308       290.6389       291.2826       291.7935       291.9764       291.8051       291.2013       290.1960       289.4329       288.9323    
 2092   288.9150       289.2779       289.7361       290.5339       291.1653       291.6917       291.9741       291.6818       291.1698       290.2874       289.5138       289.0839    
 2093   289.1649       289.2185       289.9312       290.6413       291.3309       291.7883       292.1138       291.8410       291.1863       290.4601       289.7518       288.9917    
 2094   289.1373       289.4719       289.9194       290.5700       291.3011       291.7139       292.0264       291.8495       291.2806       290.2861       289.5252       288.9910    
 2095   289.0445       289.3894       290.0139       290.6230       291.2486       291.7735       291.9489       291.7033       291.1585       290.2224       289.4347       288.9384    
 2096   288.9743       289.1217       289.8170       290.6074       291.2514       291.7365       291.9346       291.8569       291.2325       290.2485       289.5297       288.9432    
 2097   288.9982       289.4059       289.9769       290.5585       291.2996       291.7527       292.0013       291.8943       291.1917       290.3761       289.5320       289.0703    
 2098   288.9198       289.2802       289.9428       290.6773       291.2874       291.8322       292.0518       291.7930       291.1911       290.2966       289.5615       289.1668    
 2099   289.1007       289.2765       289.9543       290.5671       291.2513       291.8023       291.9402       291.8180       291.2610       290.3851       289.5477       289.0252    
 2100   288.9308       289.2939       289.8968       290.3682       291.2275       291.7327       291.8932       291.7864       291.0859       290.2603       289.3890       288.9998    
 2101   288.9844       289.1957       289.9023       290.4925       291.2343       291.8258       292.0399       291.8120       291.1674       290.2156       289.5240       289.0422    
 2102   288.8190       289.3124       289.8376       290.5870       291.2747       291.7169       291.9347       291.6803       291.1924       290.3065       289.3249       288.7435    
 2103   288.9387       289.1513       289.8515       290.5056       291.2049       291.7412       291.9363       291.8080       291.1622       290.3530       289.3522       289.0212    
 2104   288.9445       289.2858       289.9431       290.5739       291.1535       291.7615       291.9615       291.7411       291.1740       290.3106       289.5558       289.1739    
 2105   288.9830       289.3310       289.8988       290.5762       291.2445       291.7270       291.9526       291.7261       291.0472       290.2422       289.4636       288.9942    
 2106   288.8967       289.1378       289.8283       290.6153       291.2668       291.7812       291.9723       291.9306       291.2384       290.2926       289.5517       289.1466    
 2107   289.1303       289.5127       289.9691       290.6242       291.2769       291.7032       291.9671       291.7961       291.0605       290.2119       289.3756       289.0163    
 2108   289.0037       289.3771       289.9756       290.6264       291.3190       291.8077       291.9948       291.9358       291.2185       290.3292       289.4985       289.2146    
 2109   288.9532       289.3513       289.8745       290.6098       291.2612       291.7696       291.9715       291.8097       291.2623       290.3401       289.6491       288.9646    
 2110   289.1584       289.5077       289.9810       290.6817       291.2271       291.7845       292.0858       291.9225       291.2436       290.4869       289.5510       289.0451    
 2111   288.9486       289.4437       289.9443       290.5866       291.3222       291.7742       292.0531       291.8529       291.2445       290.3848       289.4736       289.0038    
 2112   288.8674       289.3956       290.0279       290.6702       291.2345       291.8771       291.9230       291.7837       291.2446       290.3391       289.5915       289.0074    
 2113   288.9751       289.4279       289.8121       290.6679       291.4378       291.8227       292.1087       291.8873       291.2309       290.3164       289.4618       289.0017    
 2114   288.8099       289.1568       289.7640       290.6061       291.3589       291.8728       292.0370       291.8905       291.2512       290.4404       289.5408       289.0397    
 2115   289.0208       289.3997       290.0616       290.6611       291.2974       291.8955       292.0435       291.9006       291.2690       290.3038       289.3033       289.0117    
 2116   289.0075       289.4069       289.9002       290.4944       291.2380       291.7739       291.9518       291.7520       291.2433       290.4451       289.6012       289.1261    
 2117   289.1464       289.3867       289.9510       290.6946       291.1958       291.8333       292.0630       291.7940       291.2206       290.3166       289.5638       289.0976    
 2118   289.0448       289.3925       290.0596       290.6059       291.3118       291.7565       291.9465       291.7241       291.1441       290.3369       289.5147       289.1512    
 2119   288.9291       289.3490       289.7801       290.4636       291.0923       291.7491       292.0357       291.9432       291.3292       290.4707       289.6391       289.1285    
 2120   289.0558       289.5110       289.9941       290.7611       291.4262       291.8501       292.0335       291.8144       291.2484       290.3387       289.4514       288.9074    
 2121   288.7971       289.2256       289.8779       290.4696       291.3490       291.8387       291.9904       291.7853       291.1372       290.3265       289.5660       288.8828    
 2122   288.9673       289.1861       289.9101       290.6763       291.3752       291.8024       292.0175       291.7914       291.2365       290.4811       289.7147       289.1796    
 2123   289.1148       289.4172       290.0697       290.7072       291.3606       291.8507       291.9842       291.7543       291.2839       290.3944       289.3967       288.9112    
 2124   288.8976       289.0607       289.8573       290.5810       291.1177       291.6980       291.9286       291.8433       291.1962       290.4093       289.5057       289.2226    
 2125   289.0208       289.3816       289.9412       290.6749       291.3823       291.9155       291.8764       291.8739       291.2749       290.3501       289.5039       289.1178    
 2126   288.8328       289.1972       289.8756       290.7117       291.3489       291.8476       292.0631       291.8595       291.1505       290.3611       289.6555       289.1706    
 2127   289.1901       289.4452       289.8763       290.5820       291.3189       291.7435       292.0019       291.8580       291.1857       290.3105       289.5655       289.0175    
 2128   288.9555       289.2517       289.8957       290.4043       291.2430       291.8450       291.9988       291.8242       291.1865       290.3987       289.6324       289.0196    
 2129   289.0789       289.4138       289.9608       290.7277       291.3536       291.8316       292.0121       291.7838       291.2195       290.3652       289.4134       289.0127    
 2130   288.8995       289.1706       289.9016       290.6944       291.2671       291.8669       291.9883       291.8471       291.3137       290.3912       289.6940       289.1357    
 2131   289.0543       289.4652       290.0667       290.8060       291.3154       291.7733       292.0213       291.9086       291.1743       290.3144       289.5092       288.9632    
 2132   288.9821       289.3350       289.9276       290.6038       291.2812       291.9245       292.1582       291.8749       291.2701       290.4490       289.5699       289.0173    
 2133   289.0637       289.4196       290.0798       290.6228       291.3406       291.7376       291.9980       291.8102       291.2101       290.2869       289.4877       289.0287    
 2134   289.1054       289.5900       289.9678       290.7347       291.5024       291.9898       292.1636       292.0067       291.3157       290.4481       289.6165       289.0929    
 2135   289.1589       289.5076       289.9767       290.6828       291.3022       291.7805       291.9368       291.8320       291.2894       290.3536       289.4779       288.9913    
 2136   288.9618       289.3212       290.0950       290.6797       291.3654       291.8588       291.9478       291.8289       291.2032       290.3731       289.4049       288.8691    
 2137   289.0661       289.2352       289.9411       290.7258       291.4330       291.9831       292.1160       291.9398       291.2042       290.4171       289.6470       289.1116    
 2138   289.0602       289.3322       289.8245       290.5802       291.3698       291.9121       291.9644       291.7608       291.1424       290.2628       289.4936       288.9828    
 2139   288.7486       289.3300       289.9532       290.6669       291.3547       291.7620       292.0214       291.7967       291.3493       290.5072       289.6053       289.0487    
 2140   288.9414       289.3802       289.9695       290.7480       291.4384       291.9450       292.0981       291.8853       291.1975       290.3646       289.5022       288.9731    
 2141   288.8575       289.2378       289.9532       290.6585       291.2972       291.9657       292.1336       291.8592       291.3855       290.3687       289.7803       289.3223    
 2142   289.2312       289.4715       290.0204       290.6763       291.4326       291.8361       292.0289       291.8438       291.1622       290.3589       289.5757       289.1511    
 2143   289.1234       289.4519       289.9421       290.6012       291.3113       291.8353       292.1908       291.9739       291.3808       290.5126       289.5314       289.0531    
 2144   289.1709       289.3739       289.8922       290.7343       291.3162       291.8530       292.0477       291.8008       291.2885       290.3741       289.6379       289.0582    
 2145   289.1483       289.5050       290.0120       290.7212       291.3542       291.9077       292.0309       291.8346       291.2920       290.2911       289.6326       289.0304    
 2146   288.9537       289.2692       289.9684       290.6139       291.2154       291.7842       292.0035       291.7675       291.2011       290.3709       289.4404       289.2794    
 2147   289.1477       289.4098       290.0304       290.7236       291.3883       291.8419       292.0619       291.8973       291.2041       290.4164       289.5423       289.1113    
 2148   289.1059       289.2643       290.0762       290.6389       291.3549       291.8924       292.0088       291.8367       291.2781       290.4348       289.4569       289.0708    
 2149   288.9367       289.3860       289.9792       290.5759       291.3131       291.7678       291.9734       291.9064       291.2813       290.3723       289.5983       289.0253    
 2150   289.1009       289.3890       289.9847       290.6901       291.3728       291.9446       292.0413       291.7958       291.2513       290.4147       289.4433       289.0154    
 2151   288.8869       289.2328       289.9221       290.6317       291.3021       291.8330       292.0060       291.8754       291.3254       290.3414       289.6490       288.9785    
 2152   288.9846       289.2795       289.8751       290.6267       291.3667       291.8416       292.1233       291.9241       291.3192       290.4409       289.5447       289.0396    
 2153   289.1947       289.4254       289.8669       290.6055       291.2999       291.8396       291.8891       291.7716       291.2448       290.4909       289.4745       289.0320    
 2154   289.1416       289.5053       290.0544       290.7089       291.3682       291.9607       292.1027       291.9521       291.3820       290.4109       289.6228       289.1880    
 2155   289.0515       289.2760       289.9496       290.6705       291.4706       291.9157       292.1476       291.9163       291.3699       290.3957       289.5979       289.2039    
 2156   289.1832       289.4905       290.0721       290.6752       291.4476       291.9369       292.1085       292.0475       291.4271       290.5139       289.7031       289.1684    
 2157   289.3109       289.6162       290.0749       290.8328       291.5156       291.9884       292.2421       291.9535       291.3270       290.4789       289.6912       289.1077    
 2158   289.1085       289.4498       290.0416       290.7800       291.4977       291.9307       292.1478       292.0137       291.4541       290.4265       289.7036       289.3412    
 2159   289.2769       289.4172       290.0053       290.7375       291.5682       292.1201       292.2159       291.9773       291.3548       290.4514       289.6362       289.1987    
 2160   289.1623       289.3872       290.1223       290.8286       291.4516       291.9955       292.1162       292.0402       291.3777       290.4282       289.5106       289.2300    
 2161   289.1781       289.4661       290.1910       290.7993       291.4257       291.8850       292.0797       291.8923       291.3833       290.4636       289.7891       289.2468    
 2162   289.1597       289.6210       290.0455       290.6526       291.4203       291.9636       292.1318       291.9115       291.2402       290.4731       289.6282       289.0992    
 2163   289.0861       289.3133       289.9380       290.6233       291.2884       291.8822       292.1919       291.9315       291.3642       290.5393       289.7567       288.9999    
 2164   289.2352       289.5002       290.0856       290.7527       291.4413       291.8380       292.0733       291.9855       291.3862       290.4927       289.7421       289.1714    
 2165   289.2439       289.4469       289.9808       290.6801       291.4151       291.8721       292.0928       291.9047       291.2316       290.3572       289.5572       289.0566    
 2166   289.1379       289.4941       289.9897       290.6974       291.3819       291.8806       292.0717       291.9218       291.2953       290.4374       289.6437       289.3119    
 2167   289.1947       289.6344       290.2548       290.7408       291.4252       291.9623       292.1716       291.9502       291.3212       290.4047       289.6123       289.2181    
 2168   289.2285       289.6492       290.0738       290.8438       291.4422       291.9440       292.1130       291.9869       291.3856       290.4140       289.5976       289.0315    
 2169   289.1205       289.5866       290.1416       290.7756       291.3989       292.0800       292.1874       291.9900       291.3793       290.4615       289.6233       289.2704    
 2170   289.1144       289.6015       290.1941       290.7328       291.3989       291.9461       292.2480       291.9737       291.4286       290.5373       289.6359       289.1519    
 2171   289.1179       289.6150       290.1837       290.7924       291.3979       292.0377       292.1960       292.0232       291.4410       290.4564       289.7427       289.3356    
 2172   289.1014       289.4513       290.1311       290.9273       291.5617       291.9940       292.2049       291.9694       291.3714       290.4911       289.6979       289.2594    
 2173   289.2190       289.5869       290.0912       290.6974       291.4984       291.8698       292.0410       291.8792       291.3042       290.5635       289.7312       289.2837    
 2174   289.0902       289.2144       290.0080       290.8996       291.4942       291.9907       292.2176       292.0490       291.4375       290.5199       289.6340       289.0740    
 2175   289.1277       289.5840       290.3027       290.7724       291.3805       291.9331       292.1871       291.9806       291.3408       290.3746       289.6424       289.0645    
 2176   288.9146       289.2058       289.8810       290.5478       291.2828       291.8198       292.0003       291.8295       291.2255       290.3578       289.6104       289.1646    
 2177   289.0669       289.3705       290.0767       290.7357       291.3934       292.0309       292.2079       291.9399       291.4326       290.4406       289.8309       289.2572    
 2178   289.2873       289.5118       290.1277       290.7713       291.5056       291.9916       292.1633       292.0338       291.3049       290.4316       289.6355       289.1318    
 2179   289.0710       289.4055       290.0859       290.7686       291.4141       291.8750       292.0767       291.9473       291.2335       290.4180       289.5463       289.1422    
 2180   289.0568       289.6091       289.9954       290.7224       291.5007       291.9488       292.1104       291.9375       291.2542       290.5638       289.6677       289.1818    
 2181   289.1513       289.5893       290.0494       290.7582       291.4253       291.9191       292.1515       291.9034       291.3544       290.5340       289.7200       289.1899    
 2182   289.2425       289.5048       290.0415       290.7139       291.3390       291.9635       292.1337       291.9539       291.3048       290.5421       289.6946       289.3331    
 2183   289.1837       289.4171       290.0476       290.8446       291.5217       291.9188       292.1716       291.9769       291.3830       290.5555       289.6048       289.1464    
 2184   289.0521       289.3683       290.1270       290.7622       291.4170       291.9709       292.0865       292.0231       291.4571       290.5210       289.7233       289.2432    
 2185   289.2220       289.6459       290.1986       290.7707       291.5202       292.0642       292.3048       292.1624       291.4254       290.5705       289.6646       289.3610    
 2186   289.1830       289.6111       290.1511       290.7629       291.4917       292.0453       292.1961       291.9975       291.3456       290.4289       289.6509       289.0533    
 2187   289.1296       289.4133       290.0925       290.8143       291.3398       292.0008       292.1336       291.9835       291.3716       290.5101       289.7132       289.2951    
 2188   289.1234       289.5446       290.0780       290.7374       291.3767       291.9588       292.0730       291.9534       291.2584       290.5186       289.6452       289.2060    
 2189   289.2039       289.4624       290.1295       290.7021       291.4871       291.9802       292.2397       292.0220       291.3935       290.4852       289.7117       289.2286    
 2190   289.0811       289.5644       290.0160       290.7982       291.3168       291.7663       292.0708       291.8805       291.2619       290.3189       289.5037       289.1653    
 2191   288.9991       289.3403       289.9442       290.6544       291.4035       291.8654       292.0508       291.9557       291.4408       290.4951       289.6539       289.1877    
 2192   289.3316       289.7989       290.0980       290.7843       291.4872       291.9235       292.1247       291.9965       291.3696       290.4799       289.7889       289.2439    
 2193   289.1644       289.6357       290.0725       290.9082       291.4622       291.9836       292.1911       291.9507       291.2963       290.3935       289.5715       289.1389    
 2194   289.1059       289.6611       289.9756       290.8363       291.4323       292.0026       292.2098       292.0005       291.4605       290.5948       289.8675       289.2334    
 2195   289.2831       289.7312       290.1462       290.8235       291.4696       291.9585       292.1731       291.9876       291.3071       290.4413       289.4912       289.1050    
 2196   289.1249       289.4598       290.0949       290.7958       291.5165       292.0988       292.2543       292.0257       291.3778       290.5190       289.7458       289.2204    
 2197   289.1653       289.6332       290.2636       290.8241       291.4064       291.9449       292.2368       292.0374       291.3932       290.5499       289.7499       289.3759    
 2198   289.1200       289.6646       290.1456       290.8225       291.5272       292.0791       292.1939       292.0032       291.3652       290.3919       289.6477       289.0643    
 2199   288.9955       289.3817       290.1220       290.7179       291.3427       291.8036       292.0096       291.7825       291.2788       290.4128       289.6531       289.2757    
 2200   289.0781       289.6235       290.2566       290.8409       291.4933       291.9553       292.1398       292.1045       291.3984       290.5393       289.7228       289.1417    
 2201   289.0744       289.6758       290.2693       290.9667       291.5840       291.9886       292.1850       291.9738       291.3439       290.6483       289.7075       289.3547    
 2202   289.2358       289.5620       290.0493       290.8252       291.5301       291.9461       292.1362       291.9040       291.3657       290.4359       289.5329       289.2435    
 2203   289.0509       289.4426       289.9547       290.8256       291.4518       291.9626       292.1302       291.9862       291.3700       290.4778       289.6312       289.3755    
 2204   289.3000       289.3389       290.0611       290.8416       291.4869       291.9541       292.1486       292.0007       291.4075       290.5685       289.7910       289.4356    
 2205   289.2735       289.8188       290.1779       290.9382       291.5827       292.0371       292.1802       292.1088       291.3596       290.6107       289.7573       289.1971    
 2206   289.2526       289.5345       290.1336       290.8336       291.5472       292.1188       292.2766       292.0270       291.4706       290.5412       289.7719       289.2043    
 2207   289.1140       289.4901       290.1072       290.8626       291.4435       292.0242       292.1508       291.9393       291.3886       290.5045       289.6602       289.1912    
 2208   289.1024       289.4462       290.1575       290.5986       291.3411       291.9197       292.1152       291.9939       291.4028       290.5600       289.7337       289.2896    
 2209   289.4066       289.6824       290.2768       290.9715       291.5858       292.0397       292.2289       292.0663       291.5267       290.5477       289.7421       289.2031    
 2210   289.3063       289.6558       290.2283       290.9908       291.6387       292.0652       292.2384       292.0326       291.4347       290.5607       289.6701       289.2303    
 2211   289.3380       289.5975       290.3447       290.9669       291.5028       292.0370       292.3218       292.0477       291.4044       290.5683       289.8146       289.4587    
 2212   289.3218       289.3751       290.1419       290.8401       291.4270       291.8936       292.0668       291.8766       291.3753       290.4350       289.5397       288.9593    
 2213   288.9283       289.3792       290.1132       290.6527       291.3712       291.9883       292.2379       291.9524       291.3405       290.5543       289.6538       289.1922    
 2214   289.2415       289.3897       290.1449       290.7260       291.5544       291.9893       292.2497       292.0891       291.5127       290.5891       289.7633       289.2611    
 2215   289.2521       289.5464       290.2065       290.9273       291.5621       292.0887       292.2370       292.0148       291.3792       290.5043       289.6530       289.3486    
 2216   289.2797       289.5647       290.1848       290.7381       291.4161       292.0024       292.2299       292.0311       291.4583       290.4873       289.7368       289.3235    
 2217   289.2240       289.5627       290.1131       290.8473       291.5840       292.0171       292.2357       292.0814       291.4787       290.5943       289.6532       289.3072    
 2218   289.2601       289.4496       290.1409       290.7079       291.5294       292.0625       292.2371       292.0609       291.4441       290.4622       289.6387       289.3517    
 2219   289.2841       289.5264       290.0892       290.8090       291.4848       291.9727       292.1644       292.0405       291.4268       290.5160       289.6269       289.3513    
 2220   289.2849       289.5705       290.1232       290.7644       291.3844       291.8946       292.0639       291.8379       291.2800       290.4495       289.6434       289.2892    
 2221   289.3488       289.4508       290.1237       290.8612       291.5965       291.9582       292.3112       292.0566       291.4250       290.5852       289.8216       289.3751    
 2222   289.3349       289.5117       290.2092       290.8735       291.4691       291.9903       292.0979       291.7895       291.2973       290.4084       289.7213       289.0973    
 2223   289.1031       289.3545       289.9381       290.8188       291.5677       291.9375       292.2656       292.0596       291.3649       290.5999       289.7627       289.2931    
 2224   289.5424       289.6547       290.1356       290.9701       291.4257       292.0068       292.1602       291.9629       291.3449       290.5332       289.5128       289.2415    
 2225   289.2786       289.4540       290.0362       290.8295       291.5065       291.9160       292.1375       292.0437       291.4262       290.5599       289.7973       289.4140    
 2226   289.3255       289.4725       290.0709       290.8858       291.6077       292.1020       292.3361       292.1161       291.5031       290.4897       289.7684       289.3100    
 2227   289.1357       289.3874       290.0790       290.7804       291.4771       291.8544       292.0273       291.9013       291.2934       290.4290       289.5984       289.1778    
 2228   289.2004       289.5180       290.0053       290.8879       291.3747       291.9550       292.2405       292.0903       291.4549       290.5786       289.8129       289.4440    
 2229   289.4003       289.7348       290.2614       290.9277       291.5835       292.1017       292.1980       292.0802       291.4541       290.5471       289.8266       289.2974    
 2230   289.3715       289.5517       290.1433       290.8019       291.4833       292.0404       292.2575       291.9945       291.4016       290.5916       289.8992       289.4150    
 2231   289.4168       289.7849       290.2781       290.9038       291.6061       292.1065       292.3116       292.0903       291.4267       290.6297       289.8593       289.3788    
 2232   289.2614       289.7332       290.2473       291.0153       291.7016       292.1577       292.2493       292.0878       291.4884       290.6415       289.8263       289.4776    
 2233   289.3363       289.7002       290.0750       290.9448       291.5970       292.0313       292.1623       291.9774       291.5133       290.5990       289.7741       289.3236    
 2234   289.2437       289.5952       290.2431       290.9147       291.6529       292.1333       292.3422       292.1013       291.5537       290.7400       290.0104       289.4404    
 2235   289.4323       289.8635       290.3752       291.0277       291.7104       292.1854       292.3220       292.0912       291.4944       290.6119       289.8674       289.3162    
 2236   289.1376       289.7377       290.2915       290.9076       291.5373       292.0949       292.3247       292.1826       291.5476       290.6347       289.8994       289.3274    
 2237   289.2705       289.6422       290.2817       290.9511       291.6173       292.0589       292.1308       292.0683       291.5123       290.6083       289.7346       289.3747    
 2238   289.3268       289.5192       290.2727       290.9157       291.6193       292.0937       292.3637       292.1275       291.4718       290.5892       289.7991       289.4651    
 2239   289.4522       289.6594       290.4380       290.9120       291.5602       292.1021       292.2381       292.0326       291.4118       290.5023       289.7731       289.3045    
 2240   289.2630       289.4647       290.1633       290.9768       291.5797       292.0896       292.0839       292.0626       291.4335       290.5378       289.7096       289.2492    
 2241   289.2909       289.5666       290.0952       290.6961       291.4041       291.9125       292.1173       292.0422       291.3452       290.4629       289.7756       289.3370    
 2242   289.2169       289.6613       290.2821       290.9018       291.5790       291.9980       292.2049       292.1818       291.5343       290.6459       290.0142       289.4028    
 2243   289.4705       289.7866       290.3538       290.8432       291.5164       292.0918       292.2498       292.1448       291.5206       290.6803       289.8222       289.3408    
 2244   289.2924       289.6176       290.2717       290.8702       291.4596       292.0508       292.1173       292.0133       291.3118       290.6053       289.8429       289.2810    
 2245   289.0914       289.7226       290.1483       290.8906       291.5451       292.0694       292.1955       292.0997       291.4547       290.5891       289.7271       289.3362    
 2246   289.5089       289.6180       290.3250       290.9272       291.4960       291.9702       292.1987       292.0331       291.3442       290.4550       289.7891       289.3220    
 2247   289.1966       289.4908       290.0216       290.9212       291.4245       291.9966       292.1626       291.9732       291.3392       290.4786       289.6906       289.2599    
 2248   289.2717       289.6435       290.2764       290.8585       291.5678       292.1145       292.2563       292.0916       291.4302       290.5616       289.7331       289.3441    
 2249   289.2548       289.5387       290.2185       290.9452       291.5515       291.9950       292.2009       292.0610       291.4091       290.5228       289.6562       289.2309    
 2250   289.3062       289.5554       290.1374       290.7477       291.4781       291.9842       292.1843       291.9836       291.3662       290.5374       289.7376       289.1844    
 2251   289.2049       289.4366       290.0696       290.6954       291.4224       291.9476       292.1148       291.9298       291.4140       290.4763       289.7688       289.3555    
 2252   289.3965       289.6824       290.1171       290.9906       291.5651       292.0657       292.2418       291.9743       291.3843       290.5528       289.6784       289.2575    
 2253   289.0671       289.4435       290.0857       290.8171       291.4604       291.9727       292.1725       292.0785       291.3768       290.5490       289.6671       289.2148    
 2254   289.2709       289.5395       290.1037       290.8718       291.5871       292.0440       292.2820       292.1157       291.5285       290.5698       289.8061       289.4048    
 2255   289.3586       289.7617       290.1731       290.8118       291.4958       292.1012       292.3260       292.0043       291.3655       290.4410       289.7529       289.2274    
 2256   289.0555       289.3897       290.0584       290.6554       291.4060       292.0166       292.1190       291.9023       291.4287       290.4825       289.7710       289.3369    
 2257   289.1156       289.6260       290.1647       290.9076       291.6945       292.0718       292.1917       292.0421       291.3985       290.5023       289.7698       289.4308    
 2258   289.2769       289.8034       290.2326       290.9699       291.5996       292.1064       292.2428       292.0779       291.4785       290.7101       289.8296       289.4111    
 2259   289.1759       289.7253       290.3031       290.9930       291.6924       292.1148       292.3024       292.0754       291.3586       290.5652       289.8658       289.4648    
 2260   289.1496       289.4469       290.2594       290.7873       291.4679       291.9547       292.1558       291.9867       291.4295       290.6303       289.7514       289.3099    
 2261   289.2306       289.3932       290.3105       291.0641       291.6309       292.1072       292.2467       292.0406       291.5182       290.5990       289.8600       289.2951    
 2262   289.3318       289.7689       290.2763       290.8953       291.5528       292.0660       292.3146       292.1395       291.5469       290.5518       289.7096       289.3453    
 2263   289.2682       289.6588       290.3532       290.8963       291.5534       292.1119       292.4036       292.1844       291.5796       290.5984       289.8411       289.3251    
 2264   289.1601       289.8136       290.4909       290.9896       291.6960       292.2155       292.3098       292.1196       291.4557       290.6122       289.7751       289.1795    
 2265   289.2611       289.5624       290.1266       290.8251       291.5674       292.0982       292.2397       292.0130       291.5347       290.7239       289.9037       289.2951    
 2266   289.4399       289.5843       290.3292       290.9250       291.6801       292.0337       292.3409       292.0715       291.4974       290.5762       289.8270       289.4510    
 2267   289.4261       289.7639       290.3529       290.9184       291.6047       292.1104       292.3159       292.1495       291.5028       290.7102       289.7900       289.3617    
 2268   289.4133       289.7139       290.2600       290.9951       291.5794       292.0900       292.1568       292.0251       291.4398       290.5810       289.8467       289.3999    
 2269   289.2572       289.7487       290.0970       290.8537       291.6121       292.0309       292.2392       292.0569       291.4467       290.5127       289.6778       289.2016    
 2270   289.2290       289.4068       290.0185       290.8484       291.4609       291.9626       292.2942       292.0149       291.5356       290.6024       289.7040       289.2900    
 2271   289.3970       289.6316       290.1945       290.8574       291.6099       292.0851       292.2979       292.0224       291.4639       290.4921       289.9201       289.4383    
 2272   289.2298       289.6576       290.1927       290.9615       291.6076       292.0426       292.1814       292.0244       291.4109       290.5110       289.6819       289.2404    
 2273   289.0901       289.7046       290.2281       290.9529       291.6612       292.0897       292.2271       292.0879       291.4765       290.5862       289.8063       289.4483    
 2274   289.4355       289.7545       290.2830       290.8539       291.5735       292.0602       292.2540       292.1310       291.4965       290.5734       289.7704       289.1244    
 2275   289.3690       289.6400       290.1645       290.9424       291.5046       292.0069       292.2088       292.0829       291.4418       290.5686       289.8158       289.3549    
 2276   289.2661       289.6956       290.2946       290.7922       291.4093       292.0233       292.1928       292.0886       291.4908       290.4633       289.7800       289.4117    
 2277   289.4602       289.5411       290.1234       290.7779       291.5975       292.1599       292.2359       292.0377       291.4825       290.5515       289.6775       289.1145    
 2278   289.1253       289.5274       290.2391       290.8415       291.5305       292.0883       292.3193       292.0957       291.5238       290.5488       289.9307       289.4138    
 2279   289.2708       289.6019       290.2693       290.9580       291.5801       292.0812       292.3234       292.0838       291.5515       290.6483       289.7790       289.2618    
 2280   289.2672       289.5350       290.0636       290.9040       291.6665       292.0035       292.2367       292.0334       291.4443       290.5581       289.8332       289.4487    
 2281   289.3688       289.6146       290.1913       290.8594       291.5584       292.1335       292.2574       292.0191       291.4694       290.6684       289.8628       289.3822    
 2282   289.3527       289.6765       290.2529       290.7692       291.5488       292.1520       292.3959       292.3097       291.6094       290.8026       289.9079       289.3957    
 2283   289.5476       289.7308       290.2621       291.0133       291.6552       292.1705       292.3922       292.1835       291.6223       290.6472       289.6481       289.2785    
 2284   289.2262       289.5820       290.2746       290.9984       291.5840       292.0502       292.2237       292.1090       291.5815       290.6491       289.7984       289.4047    
 2285   289.3720       289.7279       290.2822       290.9921       291.6385       292.2014       292.3302       292.1345       291.4588       290.5868       289.7246       289.2485    
 2286   289.4838       289.4938       290.1768       290.9336       291.5009       292.1173       292.3510       292.1909       291.4760       290.5861       289.8130       289.4352    
 2287   289.3633       289.4978       290.1708       290.9061       291.5757       292.0641       292.2504       292.1623       291.4743       290.5717       289.6316       289.3141    
 2288   289.3305       289.5485       290.1997       291.0155       291.7042       292.1881       292.4058       292.0853       291.5737       290.5865       289.8264       289.1776    
 2289   289.2150       289.7457       290.2695       291.0340       291.6075       292.0436       292.2470       292.1087       291.4751       290.5532       289.8412       289.3786    
 2290   289.3916       289.5739       290.2556       291.0379       291.5724       292.2028       292.4288       292.1604       291.4641       290.5947       289.7395       289.2419    
 2291   289.2290       289.7725       290.1591       291.0473       291.6408       292.2430       292.3951       292.1772       291.6046       290.7478       289.8726       289.4883    
 2292   289.5315       289.8676       290.4993       291.1007       291.7464       292.1733       292.3339       292.1885       291.5968       290.7309       289.7825       289.2753    
 2293   289.2808       289.4932       290.2331       290.9515       291.5742       292.0116       292.1776       292.1061       291.5567       290.6333       289.8486       289.5666    
 2294   289.4262       289.7617       290.3326       291.0514       291.7242       292.1620       292.4227       292.2651       291.5309       290.6873       289.8638       289.5330    
 2295   289.5208       289.9010       290.3141       290.9566       291.7283       292.1093       292.2872       292.0728       291.4848       290.7034       289.9717       289.5405    
 2296   289.5665       289.8164       290.3148       291.0277       291.6497       292.1465       292.4020       292.1670       291.6108       290.7911       289.8615       289.4328    
 2297   289.4749       289.7551       290.3126       291.0346       291.6185       292.0874       292.2502       292.1454       291.3636       290.6251       289.8685       289.4043    
 2298   289.2809       289.6624       290.3251       290.9475       291.5518       292.1898       292.3087       292.0667       291.4425       290.6155       289.8105       289.2192    
 2299   289.3116       289.6290       290.1897       290.9165       291.5493       291.9719       292.1891       292.0917       291.4164       290.6199       289.6804       289.2125    
 2300   289.1547       289.5272       290.2498       290.9478       291.5084       292.0288       292.2392       292.1245       291.5050       290.6788       289.7376       289.3319    
