# <a href=http://cmip-pcmdi.llnl.gov/cmip5/>CMIP5</a> global mean temperature computed at <a href=http://www.knmi.nl/selectfield_cmip5.cgi?someone@somewhere>KNMI Climate Explorer</a> tas_Amon_GISS-E2-R_rcp45_r3i1p1
# tas [K] from GISS-E2-R model output prepared for CMIP5 RCP4.5 r3i1p1
# cutting out region lon=    0.000  360.000, lat=  -90.000   90.000
 1850   285.4643       285.7132       286.7267       287.6428       288.4019       288.9572       289.3204       289.2408       288.6476       287.4646       286.4013       285.6600    
 1851   285.5278       286.0015       286.6786       287.6657       288.5159       289.0927       289.4073       289.2846       288.6180       287.6046       286.4333       285.5670    
 1852   285.3567       285.8368       286.7554       287.6610       288.5980       289.0158       289.3113       289.2425       288.7319       287.6272       286.3612       285.6304    
 1853   285.4436       285.8590       286.6922       287.5217       288.3830       289.0023       289.4056       289.2695       288.5742       287.4972       286.2576       285.5533    
 1854   285.4000       285.9082       286.7910       287.7553       288.6656       289.0635       289.3729       289.2514       288.6978       287.6546       286.3443       285.7685    
 1855   285.5874       285.9917       286.7088       287.8358       288.5272       289.0889       289.4293       289.2582       288.4590       287.5759       286.3705       285.6502    
 1856   285.5101       285.7661       286.6707       287.5848       288.3598       288.8869       289.1791       289.2213       288.4713       287.3982       286.2424       285.4579    
 1857   285.4787       285.7152       286.5072       287.4604       288.2971       288.8818       289.1549       289.0957       288.4630       287.2755       286.1009       285.5184    
 1858   285.2224       285.4714       286.5222       287.4426       288.2004       288.8412       289.1837       289.1727       288.5056       287.4506       286.3071       285.5664    
 1859   285.6160       285.9015       286.7296       287.8229       288.4607       289.0264       289.2905       289.1460       288.4702       287.3899       286.2495       285.5736    
 1860   285.4375       285.7822       286.6141       287.6671       288.4154       288.9580       289.3082       289.3387       288.6809       287.6826       286.4706       285.7817    
 1861   285.6062       286.0536       286.7788       287.7562       288.6011       289.0699       289.3712       289.2270       288.6214       287.4868       286.4156       285.5814    
 1862   285.5460       285.8731       286.6275       287.5885       288.3792       288.9070       289.1713       289.1960       288.5272       287.4803       286.4153       285.6667    
 1863   285.6245       285.9655       286.5425       287.7965       288.5530       289.0766       289.2183       289.1669       288.4915       287.4865       286.3941       285.5742    
 1864   285.4585       285.7403       286.4135       287.5430       288.2749       288.9305       289.1827       289.1108       288.7543       287.6419       286.4306       285.6260    
 1865   285.7299       286.1002       286.8492       287.8711       288.7313       289.2418       289.4241       289.2268       288.6910       287.6047       286.4135       285.7675    
 1866   285.7685       286.1289       286.6664       287.7806       288.6922       289.1797       289.4042       289.3469       288.8250       287.6579       286.4985       285.6167    
 1867   285.4116       285.9023       286.6203       287.6090       288.5748       289.1529       289.2447       289.2459       288.6498       287.6148       286.4346       285.8434    
 1868   285.8189       285.9016       286.7215       287.7142       288.4102       288.9225       289.2152       289.2051       288.5840       287.5716       286.3187       285.6689    
 1869   285.6242       285.9991       286.7076       287.6981       288.5505       288.9746       289.3295       289.2131       288.5539       287.6215       286.4786       285.7616    
 1870   285.5434       286.0229       286.7685       287.8492       288.5759       289.0727       289.3869       289.3025       288.6958       287.6371       286.5668       285.8298    
 1871   285.5941       285.9880       286.8644       287.7045       288.5584       289.0925       289.3953       289.2355       288.7291       287.6602       286.3323       285.5505    
 1872   285.4685       285.7276       286.6394       287.5851       288.4945       288.9796       289.3744       289.2053       288.7436       287.5533       286.5121       285.8999    
 1873   285.5797       285.9677       286.7961       287.8394       288.5074       289.0680       289.3481       289.1559       288.7278       287.5726       286.3275       285.4976    
 1874   285.6880       285.9934       286.6995       287.7265       288.6474       289.0464       289.3085       289.2983       288.6550       287.6470       286.4991       285.7961    
 1875   285.6406       285.9620       286.7691       287.7723       288.6854       289.1494       289.3775       289.2669       288.6840       287.6503       286.5023       285.8516    
 1876   285.6358       286.0418       286.7117       287.6002       288.4724       289.0590       289.3998       289.2516       288.6304       287.6141       286.5132       285.7887    
 1877   285.7151       285.9048       286.7077       287.7409       288.5373       289.0139       289.1937       289.2567       288.6974       287.5864       286.3406       285.6564    
 1878   285.4733       285.9225       286.8007       287.6293       288.5675       289.0067       289.3483       289.2534       288.6463       287.6844       286.2888       285.7296    
 1879   285.6690       285.7846       286.6881       287.8070       288.6095       289.1119       289.3744       289.4129       288.6859       287.6250       286.4516       285.7565    
 1880   285.4300       285.8879       286.6404       287.7863       288.5998       289.1064       289.4162       289.2953       288.6714       287.6428       286.4581       285.8114    
 1881   285.8046       286.0280       286.9641       287.8786       288.6994       289.2573       289.4848       289.2584       288.6374       287.5770       286.4831       285.6519    
 1882   285.3990       285.9359       286.7342       287.7232       288.6066       289.1534       289.2936       289.2990       288.7381       287.7289       286.2772       285.6768    
 1883   285.6881       286.0920       286.8555       287.7375       288.6375       289.0591       289.4134       289.2109       288.5532       287.5621       286.3651       285.7227    
 1884   285.4824       285.7756       286.5322       287.4800       288.2320       288.6858       288.8887       288.7752       288.2134       287.1840       286.1253       285.4211    
 1885   285.2366       285.6064       286.3732       287.4089       288.1980       288.7312       288.9982       288.7971       288.2111       287.3884       286.2090       285.3503    
 1886   285.3621       285.7185       286.4373       287.4945       288.3381       288.7422       289.0925       289.0219       288.2979       287.2547       286.0390       285.4290    
 1887   285.1466       285.6276       286.4932       287.4689       288.2745       288.7749       289.1426       289.0847       288.4947       287.3184       286.1731       285.4670    
 1888   285.3557       285.7708       286.5106       287.5314       288.2773       288.9213       289.1121       289.0427       288.4975       287.3858       286.1548       285.4708    
 1889   285.3151       285.8105       286.5703       287.7180       288.2855       288.8270       289.2121       289.0601       288.4571       287.5264       286.3982       285.5445    
 1890   285.4565       285.9119       286.7135       287.6195       288.4779       289.0446       289.2643       289.1246       288.6052       287.3338       286.2531       285.6080    
 1891   285.4483       286.0061       286.7859       287.6284       288.4295       288.9304       289.2390       289.0692       288.4966       287.4036       286.2288       285.5640    
 1892   285.4347       285.7435       286.5686       287.4861       288.4092       288.7834       289.1747       289.1631       288.5203       287.5792       286.3982       285.6340    
 1893   285.5890       286.0124       286.8160       287.6948       288.5562       289.1697       289.3644       289.3114       288.7515       287.6585       286.4727       285.8108    
 1894   285.6680       285.9838       286.8802       287.7793       288.6932       289.1571       289.4860       289.3170       288.5653       287.5186       286.5687       285.7054    
 1895   285.4559       285.8366       286.7241       287.6451       288.4236       288.9762       289.3133       289.2485       288.6303       287.5891       286.4485       285.7847    
 1896   285.4061       285.8891       286.7217       287.6514       288.4498       289.0065       289.3877       289.3448       288.6940       287.7370       286.4937       285.7274    
 1897   285.5469       285.9139       286.6087       287.7132       288.5198       289.1387       289.4511       289.2809       288.7380       287.6204       286.4802       285.6703    
 1898   285.7059       286.0144       286.9289       287.8267       288.6036       289.0583       289.3925       289.1433       288.5959       287.6135       286.5113       285.7960    
 1899   285.6013       285.9315       286.8506       287.7173       288.5260       289.0694       289.2983       289.3002       288.7625       287.5658       286.3801       285.7796    
 1900   285.5379       285.8041       286.7400       287.6315       288.4973       289.0696       289.2878       289.3250       288.6779       287.7468       286.5399       285.6909    
 1901   285.3696       285.9972       286.8138       287.6567       288.4901       289.0879       289.3875       289.2862       288.7907       287.7328       286.4748       285.7898    
 1902   285.8840       286.0019       286.7569       287.8917       288.7426       289.1830       289.4667       289.3039       288.6165       287.5318       286.4384       285.5432    
 1903   285.4980       285.8305       286.6921       287.5835       288.4528       288.8784       289.1127       289.0495       288.4267       287.4433       286.2746       285.7481    
 1904   285.4409       285.8410       286.6089       287.5706       288.3233       288.7519       289.0783       289.0919       288.4888       287.2769       286.1938       285.5890    
 1905   285.3856       285.6268       286.5628       287.6762       288.4761       288.8621       289.1757       289.0155       288.4883       287.3698       286.2554       285.6993    
 1906   285.6518       285.9456       286.7581       287.8659       288.5760       289.1033       289.3533       289.2331       288.5321       287.5765       286.3324       285.6034    
 1907   285.4715       286.0234       286.6490       287.6944       288.4596       288.9812       289.1909       289.0752       288.5054       287.4734       286.2714       285.4715    
 1908   285.3768       285.7690       286.6964       287.7072       288.4767       288.9604       289.1630       289.1475       288.6223       287.4669       286.2067       285.5449    
 1909   285.4487       285.8134       286.6819       287.5348       288.4443       289.0040       289.2829       289.2355       288.6809       287.6538       286.3532       285.8994    
 1910   285.7058       285.9938       286.9507       287.9305       288.7430       289.1548       289.4228       289.2805       288.7482       287.5677       286.5085       285.8038    
 1911   285.7849       286.0603       286.6979       287.7647       288.6525       289.1249       289.4316       289.3356       288.6414       287.6367       286.5087       285.7521    
 1912   285.4986       285.8167       286.7188       287.9163       288.5645       289.0916       289.1948       289.1508       288.4482       287.4966       286.2526       285.5185    
 1913   285.3663       285.8515       286.4557       287.5351       288.4269       288.8905       289.2604       289.1056       288.5957       287.4228       286.3351       285.6882    
 1914   285.4958       286.0142       286.7024       287.6080       288.5014       289.0951       289.3478       289.1948       288.5137       287.4413       286.2665       285.6412    
 1915   285.5518       286.0277       286.6048       287.6212       288.5663       289.0423       289.3169       289.1528       288.5098       287.6761       286.5850       285.7631    
 1916   285.5435       286.0486       286.8940       287.8675       288.6226       289.1174       289.2807       289.1581       288.5836       287.6966       286.4924       285.7358    
 1917   285.3206       285.9028       286.6384       287.6233       288.4746       289.0109       289.3905       289.2824       288.7051       287.7193       286.6424       285.9792    
 1918   285.6554       286.1909       286.8134       287.6489       288.4614       289.0407       289.3536       289.1779       288.7383       287.5997       286.4161       285.6344    
 1919   285.5168       285.7210       286.4710       287.6125       288.5598       288.9683       289.3452       289.2768       288.6552       287.6047       286.4143       285.7631    
 1920   285.6933       286.0389       286.8214       287.8434       288.7250       289.0905       289.3962       289.2641       288.6484       287.6051       286.4789       285.5734    
 1921   285.3808       285.9608       286.7158       287.6244       288.6208       289.0733       289.4430       289.2421       288.6190       287.8029       286.5449       285.7215    
 1922   285.6042       286.0160       286.7495       287.7921       288.5653       289.0542       289.3215       289.3555       288.6996       287.6414       286.4109       285.6726    
 1923   285.6075       285.9641       286.5672       287.5432       288.6238       289.1274       289.5627       289.4300       288.8377       287.7442       286.5267       285.6579    
 1924   285.5635       285.9792       286.6784       287.8370       288.6583       289.1864       289.4698       289.3100       288.6903       287.5801       286.4157       285.7168    
 1925   285.6825       286.1212       286.6544       287.5581       288.4832       289.1113       289.4503       289.2939       288.6991       287.6903       286.6805       285.9100    
 1926   285.8119       286.1975       286.9234       287.8611       288.5882       289.0458       289.2959       289.3053       288.6180       287.4625       286.4070       285.6589    
 1927   285.6001       285.9523       286.6953       287.5899       288.4821       288.9459       289.3039       289.2856       288.6142       287.6730       286.4469       285.6773    
 1928   285.6325       286.2799       286.8106       287.6980       288.5678       289.0492       289.2632       289.3216       288.6637       287.6130       286.6089       285.6599    
 1929   285.5337       285.9550       286.5897       287.6956       288.6016       289.1429       289.4694       289.3914       288.7316       287.6488       286.4820       285.6011    
 1930   285.5179       286.0304       286.8505       287.6478       288.5139       289.0793       289.3882       289.2994       288.6903       287.6074       286.5656       285.7326    
 1931   285.5729       285.7487       286.6280       287.6617       288.5099       289.0929       289.3348       289.2534       288.6826       287.6050       286.4724       285.8287    
 1932   285.4749       285.9422       286.7886       287.5626       288.2617       288.8824       289.2626       289.2307       288.5280       287.5079       286.3983       285.6222    
 1933   285.4737       285.9112       286.8544       287.9119       288.6709       289.1276       289.4713       289.3417       288.7296       287.7235       286.5821       285.8101    
 1934   285.7606       286.0997       286.8509       287.7006       288.5887       289.1457       289.4278       289.3336       288.6885       287.6294       286.4625       285.7517    
 1935   285.4843       285.9168       286.6422       287.6984       288.4652       288.9438       289.2690       289.2021       288.5682       287.5098       286.4049       285.6627    
 1936   285.5965       285.9247       286.7473       287.8012       288.7177       289.1401       289.3747       289.3350       288.7597       287.6900       286.4785       285.6530    
 1937   285.5324       286.0232       286.7899       287.8802       288.6547       289.1981       289.5340       289.3613       288.7820       287.7216       286.5217       285.8868    
 1938   285.6856       286.0201       286.7698       287.7201       288.7166       289.0306       289.4233       289.3997       288.6768       287.6489       286.6210       285.7551    
 1939   285.7217       286.0883       286.9535       287.7907       288.6405       289.1413       289.4930       289.3910       288.7722       287.6388       286.4804       285.7288    
 1940   285.3612       285.9695       286.6602       287.7641       288.5212       288.9695       289.3370       289.2498       288.6171       287.6627       286.4653       285.9181    
 1941   285.8501       286.0509       286.8804       287.8618       288.7308       289.0984       289.4590       289.4315       288.7261       287.8461       286.5579       285.8463    
 1942   285.7720       285.9936       286.8123       287.8272       288.7802       289.3559       289.5950       289.3481       288.8159       287.7539       286.6133       285.9300    
 1943   285.7626       286.2222       286.9116       287.9318       288.7394       289.3396       289.5274       289.4280       288.8517       287.7570       286.6168       285.9379    
 1944   285.8154       286.0999       286.9497       287.8365       288.6272       289.1497       289.4407       289.4610       288.8424       287.7697       286.6183       286.0127    
 1945   285.6684       286.1659       286.9730       287.9931       288.7773       289.3353       289.6483       289.4195       288.7819       287.7885       286.5666       285.8655    
 1946   285.7426       286.0801       286.7045       287.7072       288.6210       289.0943       289.3940       289.3300       288.7328       287.7780       286.4763       285.8179    
 1947   285.6128       286.0535       286.7741       287.8473       288.6532       289.2361       289.5413       289.4047       288.7528       287.8389       286.8310       285.9121    
 1948   285.7494       286.2723       286.9605       287.9307       288.7692       289.1735       289.6845       289.5536       288.9872       287.9237       286.8287       285.9822    
 1949   285.7591       286.3528       287.1422       288.0446       288.8789       289.3482       289.6121       289.5066       288.9881       287.9492       286.7919       285.9748    
 1950   285.8898       286.0665       287.0406       287.9209       288.8479       289.3612       289.5633       289.6348       288.9330       287.8578       286.6900       286.1550    
 1951   285.8429       286.2988       287.1493       287.9497       288.7752       289.2343       289.5229       289.4837       288.8322       287.6728       286.6389       285.9743    
 1952   285.8292       286.0472       286.9160       287.8934       288.7321       289.2636       289.6195       289.4749       288.7108       287.6438       286.7066       285.9416    
 1953   285.8261       286.2305       287.1263       287.8520       288.6340       289.1139       289.4475       289.3168       288.7250       287.7548       286.5998       285.7509    
 1954   285.7250       285.9545       286.6702       287.7767       288.6365       289.1026       289.3667       289.3224       288.7799       287.6742       286.8388       286.0816    
 1955   285.8145       286.2887       286.9692       287.8094       288.6817       289.1964       289.4683       289.3393       288.7030       287.6651       286.6589       285.9253    
 1956   285.8372       286.1688       286.8912       288.0893       288.7471       289.3353       289.5847       289.5700       288.8376       287.8549       286.7852       286.0996    
 1957   286.1452       286.5759       287.1302       288.0111       288.9178       289.3316       289.7327       289.5152       288.7910       287.7818       286.6897       285.8573    
 1958   285.8252       286.2178       286.9703       287.7971       288.7160       289.2069       289.4318       289.4606       288.8441       287.8784       286.5217       286.0412    
 1959   285.8587       286.2867       286.9164       287.8429       288.7318       289.2209       289.5102       289.4114       288.8651       287.9057       286.6686       285.9396    
 1960   285.8104       286.0482       286.9007       287.7797       288.7500       289.2741       289.5028       289.5358       288.7862       287.8139       286.7910       285.9987    
 1961   285.8719       286.2671       287.0287       287.9803       288.9590       289.3513       289.6152       289.4493       288.8618       287.8549       286.6537       286.0019    
 1962   285.7664       286.0573       286.8869       288.0291       288.6691       289.1411       289.5397       289.4629       288.8305       287.9063       286.6915       285.9322    
 1963   285.7719       286.3921       286.8955       287.8822       288.7262       289.2876       289.4898       289.4205       288.8740       287.6373       286.5262       285.7887    
 1964   285.6570       285.9895       286.7260       287.6359       288.5172       289.0337       289.3945       289.3416       288.6464       287.6776       286.5910       285.7572    
 1965   285.7238       286.0301       286.6430       287.6089       288.6221       289.0045       289.3685       289.3406       288.6291       287.5592       286.4217       285.7555    
 1966   285.5769       285.9731       286.7665       287.6922       288.5584       289.1404       289.3440       289.2960       288.5782       287.6198       286.5143       285.7538    
 1967   285.5731       285.7785       286.6512       287.6328       288.4762       289.0454       289.4368       289.3049       288.7030       287.5787       286.5665       285.6622    
 1968   285.6415       286.0754       286.8643       287.9020       288.7001       289.2120       289.4496       289.4260       288.7369       287.7239       286.6200       285.7770    
 1969   285.7442       285.9869       286.7231       287.8098       288.7024       289.1936       289.4347       289.3224       288.8074       287.7964       286.7091       286.1150    
 1970   285.9056       286.2205       287.0847       287.9407       288.6992       289.1159       289.3940       289.3349       288.7512       287.6912       286.4756       285.9267    
 1971   285.7409       286.2271       287.0035       287.9602       288.7102       289.2325       289.6036       289.3410       288.7662       287.8661       286.7285       286.0798    
 1972   285.9006       286.1235       287.0514       287.9335       288.7620       289.2828       289.4761       289.4734       288.8798       287.8984       286.9267       285.9991    
 1973   285.9053       286.3239       286.9432       287.9231       288.6859       289.1856       289.4996       289.4050       288.7319       287.7107       286.7746       286.0335    
 1974   285.8655       286.2084       286.8708       287.8681       288.6664       289.1765       289.5551       289.4659       288.7903       287.8787       286.8387       286.1429    
 1975   285.8269       286.2267       286.9605       287.7267       288.7266       289.1864       289.5338       289.4300       288.8473       287.7845       286.6549       285.9642    
 1976   285.8668       286.2145       286.9995       287.9821       288.9103       289.3638       289.5776       289.5759       288.9020       287.8737       286.7585       286.1790    
 1977   285.8775       286.2186       287.0946       288.1922       288.9950       289.4457       289.6012       289.6074       289.0217       287.8805       286.7607       285.9456    
 1978   285.8256       286.1079       286.9252       287.9421       288.7867       289.3206       289.6249       289.6899       289.0191       288.0389       286.7471       286.1016    
 1979   286.1588       286.5259       287.2085       288.2388       288.9528       289.3906       289.7351       289.5763       288.9210       287.9346       286.7189       286.1873    
 1980   285.9006       286.1549       287.0395       287.9540       288.9889       289.4969       289.7133       289.6588       289.0304       287.9655       286.8061       286.2299    
 1981   285.9963       286.3011       287.2126       288.1763       289.0117       289.4395       289.8141       289.6534       288.9992       288.0979       286.9746       286.1985    
 1982   286.0111       286.5556       287.1426       288.0416       288.9125       289.3963       289.6460       289.4096       288.7995       287.9238       286.7923       286.0424    
 1983   285.6871       286.2643       287.0157       287.8466       288.7007       289.1538       289.3584       289.3562       288.7257       287.6928       286.5841       286.0427    
 1984   285.9808       286.3389       287.0364       288.0052       288.7790       289.2046       289.5163       289.4567       288.9424       287.9817       286.8098       286.2483    
 1985   286.0554       286.2532       286.9951       288.0109       288.8848       289.3704       289.7232       289.5699       288.9935       288.1054       286.9166       286.1145    
 1986   285.8603       286.3899       286.9438       287.9408       288.9098       289.4187       289.7829       289.6491       289.1562       288.1025       287.0856       286.3376    
 1987   286.2397       286.5547       287.2590       288.2411       289.0915       289.5198       289.9028       289.9372       289.2390       288.1609       286.9775       286.2484    
 1988   285.9693       286.5590       287.1289       288.1896       288.8742       289.5723       289.8534       289.6966       289.1393       288.0991       286.9996       286.2448    
 1989   286.1174       286.5278       287.1894       288.1129       288.9320       289.3845       289.7289       289.7148       289.2151       288.0877       286.9366       286.3656    
 1990   286.1228       286.7570       287.4122       288.1395       289.1786       289.5741       289.9054       289.7815       289.2428       288.2767       287.0966       286.3073    
 1991   286.0381       286.4406       287.3970       288.2297       289.0933       289.6136       289.8870       289.7434       289.0639       288.1744       286.8725       286.2487    
 1992   286.1437       286.4806       287.1137       288.1262       288.8573       289.2870       289.5844       289.4364       288.7190       287.8134       286.6700       285.9489    
 1993   285.9529       286.1324       286.9610       287.9521       288.8248       289.2901       289.5903       289.6024       288.9289       287.9426       286.7130       286.2159    
 1994   285.9572       286.4535       287.0534       287.9521       288.8842       289.4957       289.8411       289.5766       288.9727       288.0191       286.9418       286.2563    
 1995   286.0988       286.4662       287.1149       288.2098       288.9535       289.5336       289.9091       289.8188       289.1761       288.2800       287.1963       286.5985    
 1996   286.3333       286.4683       287.3894       288.3548       289.0381       289.6127       289.8858       289.7387       289.2060       288.2522       287.1332       286.4084    
 1997   286.1230       286.3473       287.3584       288.2443       288.9882       289.5723       289.9503       289.8635       289.2306       288.3097       287.2222       286.5197    
 1998   286.3022       286.5884       287.4228       288.3465       289.1766       289.7842       290.0473       289.9395       289.4390       288.4441       287.3077       286.5090    
 1999   286.3018       286.7007       287.5515       288.3279       288.9834       289.7137       290.0273       290.0062       289.2690       288.3122       287.0952       286.5641    
 2000   286.4331       286.5396       287.3439       288.2702       289.0928       289.5500       290.0327       289.9783       289.5023       288.4497       287.3572       286.5964    
 2001   286.3845       286.5903       287.5870       288.4866       289.2640       289.7055       290.0563       289.9815       289.3966       288.4060       287.2144       286.5463    
 2002   286.3118       286.6375       287.4963       288.3614       289.1781       289.7611       290.0735       289.9190       289.3789       288.4445       287.3016       286.6436    
 2003   286.3842       286.6212       287.4344       288.3047       289.2387       289.7755       290.1346       290.0214       289.3880       288.4816       287.2939       286.5558    
 2004   286.4329       286.6761       287.4384       288.5229       289.2564       289.8871       290.1534       289.9805       289.4623       288.5522       287.3249       286.7476    
 2005   286.5726       286.8804       287.5562       288.5557       289.2558       289.8730       290.1879       290.1097       289.4951       288.5827       287.3840       286.7534    
 2006   286.5716       286.8199       287.5306       288.4508       289.2644       289.9296       290.1785       290.1108       289.4912       288.5730       287.4080       286.6601    
 2007   286.4735       286.7870       287.6196       288.4958       289.2973       289.9479       290.1281       290.1504       289.5183       288.3978       287.4536       286.5663    
 2008   286.5678       286.7637       287.5129       288.5053       289.3651       289.9390       290.1860       290.1284       289.5847       288.5827       287.5496       286.8026    
 2009   286.5767       286.8654       287.6160       288.6273       289.3437       289.8118       290.2025       290.1964       289.5956       288.5938       287.3891       286.7933    
 2010   286.4153       286.7326       287.4778       288.6028       289.4357       290.0089       290.2365       290.1596       289.5463       288.7170       287.5765       287.0971    
 2011   286.7595       287.0191       287.6426       288.6191       289.3315       290.0260       290.2076       290.1700       289.6362       288.5461       287.4356       286.8228    
 2012   286.5012       286.8956       287.6116       288.6367       289.4211       289.9562       290.1392       290.0625       289.6642       288.6617       287.5524       286.9041    
 2013   286.6398       286.9931       287.7441       288.6764       289.3972       289.9345       290.2700       290.1034       289.6215       288.4973       287.5331       286.9168    
 2014   286.6245       286.8789       287.7799       288.7450       289.4052       289.8975       290.3297       290.2672       289.6974       288.6896       287.6648       286.9515    
 2015   286.7170       287.2299       287.7712       288.7549       289.5232       290.0289       290.2236       290.2324       289.6957       288.6802       287.5342       286.6527    
 2016   286.6543       286.8751       287.8409       288.8105       289.3898       290.0117       290.2927       290.1971       289.6960       288.6894       287.5157       286.9221    
 2017   286.6729       287.0635       287.4295       288.5154       289.4616       289.9102       290.2795       290.2038       289.6605       288.8362       287.8229       287.0221    
 2018   286.8925       287.1924       287.7733       288.7924       289.4603       289.9699       290.2943       290.2477       289.6333       288.5995       287.6339       286.9322    
 2019   286.4967       286.8303       287.5367       288.4341       289.1693       289.8254       290.1823       290.2688       289.7979       288.6990       287.6851       286.9231    
 2020   286.8213       287.2980       287.7982       288.7287       289.4826       290.1098       290.3506       290.3185       289.7031       288.8136       287.6760       286.9471    
 2021   286.7956       286.8842       287.8307       288.8599       289.5989       290.0573       290.3658       290.3340       289.7322       288.6704       287.6376       286.9208    
 2022   286.8171       286.9463       287.9230       288.8398       289.5796       290.0791       290.3647       290.2118       289.6764       288.6817       287.6360       287.0603    
 2023   286.8593       287.0623       287.8575       288.7542       289.5618       290.0530       290.4569       290.4540       289.8012       288.8785       287.8683       286.9807    
 2024   286.9102       287.2745       287.8199       288.8159       289.5708       290.1950       290.4929       290.4469       289.7791       288.7938       287.6452       286.8556    
 2025   287.0122       287.1015       287.9480       288.9194       289.6531       290.1956       290.5284       290.3716       289.8424       288.9123       287.7016       287.1050    
 2026   286.9083       287.3294       287.8425       288.6808       289.4786       290.0432       290.4082       290.2627       289.6396       288.8500       287.8757       287.1577    
 2027   286.9395       287.1474       288.0282       288.8199       289.6335       290.1788       290.4238       290.3830       289.7883       288.7564       287.7871       287.1630    
 2028   287.0109       287.3087       288.0690       288.8325       289.7957       290.2281       290.4818       290.3313       289.9061       288.9603       287.7106       286.9895    
 2029   286.9983       287.1697       288.0302       288.8985       289.6752       290.2349       290.4672       290.5748       289.8654       288.8740       287.6849       286.9975    
 2030   286.9967       287.3243       288.0898       288.9861       289.7870       290.2550       290.5225       290.5140       289.8650       288.8587       287.9171       287.2158    
 2031   286.9118       287.2019       287.8998       288.7131       289.6052       290.2162       290.6640       290.4604       289.8667       288.8692       288.0543       287.1724    
 2032   286.9075       287.2426       287.8782       288.8353       289.6768       290.2188       290.5018       290.4675       289.8958       288.9077       287.9053       287.0257    
 2033   286.9605       287.2171       287.9279       288.9054       289.5986       290.1476       290.5326       290.5297       290.0222       289.0069       287.9113       287.1819    
 2034   287.0433       287.2901       288.1063       289.0456       289.8646       290.2840       290.6637       290.4702       289.9236       289.0209       288.0065       287.2389    
 2035   286.9934       287.2733       288.0753       288.9594       289.6358       290.3038       290.5627       290.5504       289.9852       289.1914       288.1221       287.3387    
 2036   287.2281       287.4535       288.1442       289.1094       289.8969       290.4639       290.7405       290.7027       290.0584       289.1258       288.0301       287.1647    
 2037   287.0418       287.4737       288.3313       289.0026       289.8280       290.3412       290.6817       290.6674       290.0215       289.0351       287.9922       287.4505    
 2038   286.9595       287.3415       288.0341       288.8524       289.8163       290.2371       290.7157       290.6706       290.0621       288.9449       287.8669       287.3800    
 2039   287.2921       287.3688       288.1633       289.0165       289.8690       290.3737       290.6841       290.6443       290.0738       289.0985       287.9974       287.1923    
 2040   287.0884       287.5642       288.0625       288.9055       289.8593       290.3400       290.6909       290.5962       290.0717       289.2576       288.1809       287.4605    
 2041   287.2311       287.4156       288.1726       289.0062       289.7580       290.3886       290.6586       290.6969       290.1377       289.1456       287.9782       287.4323    
 2042   287.0268       287.6154       288.2195       288.9567       289.7156       290.4647       290.7538       290.7067       290.0871       289.0848       288.1680       287.3703    
 2043   287.0495       287.3168       288.1911       289.0205       289.8833       290.4214       290.7507       290.6834       290.1751       289.2418       288.2725       287.4973    
 2044   287.3461       287.7690       288.2995       289.3295       290.1037       290.6238       290.8606       290.7489       290.3110       289.3185       288.0959       287.3091    
 2045   287.1201       287.4426       288.1699       289.1473       289.8088       290.4348       290.7290       290.6718       290.1290       289.2267       288.1762       287.3446    
 2046   287.3104       287.5462       288.1281       289.0700       289.8921       290.4839       290.7888       290.7214       290.0756       289.2419       288.1788       287.4470    
 2047   286.9957       287.4470       288.3647       289.1301       289.9803       290.5571       290.7872       290.7145       290.2654       289.2097       288.2081       287.2840    
 2048   287.0929       287.5281       288.1623       289.1759       290.0204       290.6386       290.8522       290.6301       290.1495       289.0289       288.0955       287.3407    
 2049   287.2272       287.4907       288.3835       289.1021       289.8694       290.3697       290.8356       290.6782       290.2131       289.2668       288.1615       287.4513    
 2050   287.2016       287.4775       288.1157       289.1826       289.9641       290.5539       290.7998       290.7897       290.3188       289.2364       288.4059       287.6815    
 2051   287.2223       287.6642       288.3401       289.1010       289.9459       290.6545       290.9359       290.8402       290.2961       289.3667       288.3524       287.5959    
 2052   287.4368       287.3968       288.1036       289.1567       290.0545       290.5764       290.7758       290.8335       290.2567       289.2086       288.2630       287.3423    
 2053   287.1397       287.6004       288.3089       289.1338       289.9692       290.5217       290.8243       290.7005       290.1211       289.1579       288.1164       287.2807    
 2054   287.1073       287.3025       288.2589       289.1211       290.0112       290.4213       290.8669       290.8112       290.3043       289.1874       288.2558       287.4770    
 2055   287.2234       287.4736       288.3465       289.2140       290.0005       290.4796       290.8495       290.8662       290.1823       289.3215       288.3098       287.5635    
 2056   287.1965       287.5728       288.3971       289.4045       290.0291       290.5350       290.8598       290.7456       290.1627       289.2198       287.9847       287.2592    
 2057   287.2020       287.6093       288.2325       289.1873       289.9982       290.6764       290.9033       290.8310       290.3628       289.3044       288.2503       287.5381    
 2058   287.3910       287.6522       288.3065       289.2854       290.0748       290.6136       290.9489       290.8362       290.2376       289.3654       288.2831       287.3711    
 2059   287.0983       287.5629       288.2469       289.1232       289.9293       290.5371       290.8781       290.7629       290.2862       289.3355       288.2254       287.4166    
 2060   287.4490       287.7488       288.2707       289.1135       290.0100       290.6349       291.0163       290.8886       290.2852       289.3357       288.3198       287.4766    
 2061   287.3130       287.7067       288.3024       289.1406       290.0176       290.5334       290.8324       290.8588       290.2109       289.2651       288.3005       287.3988    
 2062   287.2864       287.5309       288.2371       289.2565       289.8775       290.5728       290.9736       290.8814       290.3679       289.3494       288.4561       287.6555    
 2063   287.4781       287.6121       288.4064       289.2662       290.1440       290.5615       290.9380       290.8994       290.3028       289.3705       288.3713       287.4516    
 2064   287.3232       287.6033       288.3521       289.1620       290.0164       290.5289       290.8630       290.8253       290.3295       289.3600       288.2708       287.6674    
 2065   287.4008       287.6581       288.2793       289.1644       290.0488       290.5625       291.0059       290.8547       290.2438       289.2557       288.3144       287.3972    
 2066   287.4617       287.6098       288.1501       289.1487       290.0175       290.5644       290.7974       290.8820       290.4134       289.4250       288.2992       287.6464    
 2067   287.4478       287.7713       288.5346       289.2433       289.9878       290.6083       291.0880       290.9281       290.3565       289.4042       288.3152       287.6430    
 2068   287.3568       287.7183       288.6011       289.5581       290.1856       290.7222       291.0033       290.8928       290.3813       289.5535       288.3116       287.4767    
 2069   287.4039       287.7168       288.4388       289.3015       290.1953       290.7404       291.0513       290.9587       290.4298       289.4247       288.1924       287.6703    
 2070   287.4351       287.6438       288.2787       289.2925       290.0598       290.6176       291.0273       290.9954       290.3867       289.4443       288.4069       287.4600    
 2071   287.5431       287.7817       288.4380       289.3114       290.1936       290.8008       291.0022       290.9964       290.4661       289.4931       288.3362       287.7110    
 2072   287.6186       287.7289       288.5484       289.4268       290.1339       290.7310       290.9868       291.0265       290.4525       289.4839       288.2470       287.5371    
 2073   287.4864       287.4586       288.4200       289.3322       290.1780       290.5862       290.9839       290.8743       290.4031       289.3780       288.3214       287.5502    
 2074   287.4082       287.6327       288.4014       289.4056       290.1445       290.6886       291.0062       290.9233       290.3617       289.4763       288.3826       287.8090    
 2075   287.3651       287.8317       288.4138       289.2942       290.0711       290.6505       290.9965       291.0242       290.3784       289.4511       288.4013       287.8763    
 2076   287.6377       287.8749       288.5384       289.3750       290.1406       290.7308       290.9245       290.7935       290.3255       289.3397       288.3704       287.4884    
 2077   287.4037       287.5134       288.4668       289.2216       290.1066       290.5895       291.0142       291.0165       290.4429       289.4658       288.4819       287.6804    
 2078   287.5429       287.7691       288.4771       289.4262       290.0289       290.7087       291.1117       291.1058       290.5605       289.4786       288.4561       287.8947    
 2079   287.5569       287.8661       288.4377       289.3970       290.0743       290.6541       291.0199       290.9030       290.3796       289.3582       288.4138       287.6548    
 2080   287.3295       287.7224       288.4355       289.5268       290.1405       290.7692       291.1247       290.9375       290.4239       289.4489       288.4113       287.4982    
 2081   287.6059       287.8348       288.4219       289.4353       290.1776       290.6322       290.9761       290.8597       290.2643       289.3510       288.3677       287.5945    
 2082   287.2563       287.5214       288.4948       289.2091       290.0876       290.5183       290.9088       290.9342       290.3702       289.3077       288.2935       287.7502    
 2083   287.4558       287.7998       288.4006       289.4246       290.1668       290.6809       290.9322       290.9217       290.2762       289.4091       288.3510       287.5437    
 2084   287.4155       287.4840       288.2906       289.3236       290.0545       290.5352       291.0229       290.9457       290.4534       289.5942       288.3262       287.5876    
 2085   287.4918       287.8122       288.3096       289.3689       290.1254       290.7562       290.9511       290.9064       290.3936       289.5158       288.2455       287.7458    
 2086   287.3871       287.8087       288.4171       289.1529       290.0811       290.6676       290.9988       290.9210       290.2929       289.4589       288.2827       287.6092    
 2087   287.7240       287.8614       288.4441       289.4906       290.0902       290.6501       291.0844       291.0668       290.5433       289.5240       288.5055       287.8297    
 2088   287.4924       287.8073       288.3593       289.2409       290.0501       290.6873       291.0490       291.0381       290.3160       289.4618       288.3326       287.7145    
 2089   287.3384       287.7809       288.5513       289.4528       290.2735       290.7429       291.0944       290.9819       290.4242       289.3904       288.4585       287.6259    
 2090   287.4028       287.8842       288.5046       289.3845       290.1848       290.7428       290.9916       291.0016       290.3454       289.4610       288.3381       287.5916    
 2091   287.3200       287.8459       288.5701       289.5227       290.1525       290.6375       291.0167       290.9705       290.3583       289.4382       288.3976       287.8667    
 2092   287.7766       287.7778       288.6289       289.4137       290.1548       290.8313       291.1195       291.0809       290.6090       289.5894       288.3960       287.7290    
 2093   287.4659       287.7945       288.4624       289.3452       290.2782       290.8306       291.1684       291.0914       290.4166       289.3823       288.2675       287.7064    
 2094   287.5556       287.7690       288.6562       289.4231       290.1300       290.7612       291.0874       291.0077       290.5015       289.5198       288.4147       287.7372    
 2095   287.5168       288.0616       288.5725       289.4240       290.2687       290.7445       291.0912       291.0277       290.4520       289.5109       288.4919       287.6508    
 2096   287.4237       287.6978       288.5963       289.4037       290.2100       290.8214       291.1691       291.1503       290.5553       289.6359       288.5195       287.7786    
 2097   287.5273       287.9221       288.4608       289.5779       290.3460       290.9937       291.2314       291.1624       290.6545       289.5887       288.4923       287.8968    
 2098   287.7279       287.8424       288.7427       289.5340       290.2951       290.9067       291.1620       291.1822       290.6073       289.5350       288.5162       287.7441    
 2099   287.5606       287.9093       288.4278       289.5219       290.3439       290.9161       291.2667       291.2243       290.6649       289.7565       288.6429       287.8278    
 2100   287.5643       287.6907       288.5287       289.3720       290.3014       290.8449       291.2509       291.0876       290.4935       289.4629       288.3205       287.8515    
 2101   287.5493       287.8102       288.6070       289.4441       290.2415       290.8773       291.1540       291.0564       290.5372       289.5637       288.4817       287.8966    
 2102   287.5727       287.9071       288.5638       289.4691       290.2143       290.8389       291.1636       290.9665       290.3481       289.4691       288.3255       287.6860    
 2103   287.5182       287.7184       288.5398       289.3959       290.2577       290.7574       291.0989       291.0446       290.4778       289.6093       288.3088       287.8082    
 2104   287.7117       287.9041       288.5633       289.3019       290.1499       290.7720       291.0275       290.9786       290.4012       289.4396       288.3975       287.7549    
 2105   287.5204       287.6177       288.5425       289.3303       290.2251       290.6996       291.0336       291.0487       290.4662       289.5320       288.4077       287.7168    
 2106   287.5312       287.8629       288.5099       289.4382       290.2035       290.7223       291.0421       291.0578       290.5858       289.5373       288.5297       287.7860    
 2107   287.4459       287.9335       288.5527       289.4404       290.2138       290.8295       291.1292       291.0929       290.4793       289.5326       288.2938       287.7417    
 2108   287.4579       287.7877       288.5300       289.4390       290.2765       290.7783       291.1213       291.1215       290.5962       289.6719       288.5965       287.8297    
 2109   287.6176       287.9256       288.5181       289.4043       290.1794       290.8280       291.1738       291.0487       290.5506       289.5911       288.6382       287.7197    
 2110   287.5063       287.7499       288.3829       289.3846       290.2954       290.8553       291.0431       291.0428       290.5556       289.6956       288.6147       287.9878    
 2111   287.8650       288.0372       288.5411       289.2641       290.1762       290.7227       291.0905       291.0752       290.4881       289.4422       288.4241       287.5983    
 2112   287.5264       287.8164       288.6400       289.3735       290.1539       290.7604       291.1175       291.0665       290.4358       289.4471       288.6033       287.8815    
 2113   287.5894       287.6766       288.4988       289.4490       290.3315       290.9455       291.2451       291.1028       290.6179       289.6439       288.5979       287.8036    
 2114   287.4807       287.7680       288.5428       289.4244       290.2838       290.7989       291.1440       291.1281       290.5936       289.5944       288.4708       287.8016    
 2115   287.5933       287.8614       288.6454       289.2518       290.1752       290.6401       291.0865       291.0251       290.5353       289.4181       288.4080       287.7119    
 2116   287.4809       287.7551       288.5200       289.3026       290.1235       290.6830       291.0314       291.1063       290.3932       289.5794       288.5425       287.7461    
 2117   287.4445       287.6861       288.6287       289.5258       290.3033       290.9143       291.2621       291.0985       290.4301       289.4719       288.5328       287.8012    
 2118   287.4319       287.7477       288.4685       289.4249       290.2527       290.8111       291.1158       291.1906       290.4555       289.6773       288.5910       287.9542    
 2119   287.7455       287.9239       288.5124       289.5656       290.3344       290.9735       291.1777       291.1640       290.5790       289.5565       288.5315       287.8489    
 2120   287.5544       287.9604       288.6743       289.4812       290.1963       290.8671       291.2450       291.2426       290.6199       289.6996       288.6449       287.8936    
 2121   287.8444       288.0139       288.8533       289.6511       290.3394       290.9861       291.1760       291.1762       290.4838       289.6743       288.6279       287.8171    
 2122   287.5824       287.8810       288.5842       289.5136       290.4726       290.9134       291.2865       291.1075       290.5505       289.6242       288.4541       287.6969    
 2123   287.5508       287.8644       288.6393       289.5797       290.3537       290.8468       291.2209       291.0823       290.6043       289.5957       288.5878       287.7563    
 2124   287.6439       287.9867       288.8559       289.6387       290.4120       290.9538       291.3164       291.1983       290.6009       289.6599       288.6644       287.7529    
 2125   287.5425       287.9082       288.6976       289.7271       290.4757       291.0482       291.3310       291.2231       290.6511       289.8100       288.7602       288.1123    
 2126   287.8465       288.2181       288.9879       289.6604       290.2746       290.9412       291.2801       291.1735       290.6381       289.7889       288.7269       287.9993    
 2127   287.6650       287.7544       288.5096       289.4283       290.3382       290.9488       291.2174       291.1122       290.5157       289.5765       288.3603       287.6577    
 2128   287.5579       287.7621       288.7013       289.5715       290.3837       290.9189       291.2082       291.1108       290.5446       289.5952       288.6234       287.7640    
 2129   287.5475       287.9304       288.7168       289.5640       290.1885       290.7632       291.0885       291.1545       290.4836       289.5412       288.6586       287.7689    
 2130   287.6156       287.9786       288.6510       289.3543       290.1985       290.8492       291.2529       291.1061       290.4873       289.6720       288.7145       287.6995    
 2131   287.4946       287.8167       288.5739       289.3627       290.2110       290.8553       291.1579       291.0486       290.5125       289.6421       288.4125       287.6135    
 2132   287.6006       287.9858       288.5329       289.6383       290.3522       290.8712       291.1563       291.2178       290.6332       289.5869       288.4326       287.6927    
 2133   287.7055       287.9012       288.6943       289.4348       290.2845       290.8692       291.1591       291.1126       290.6118       289.6242       288.5921       287.8878    
 2134   287.6741       287.9101       288.5842       289.5005       290.3061       290.8465       291.2888       291.1574       290.5489       289.6443       288.6510       287.9312    
 2135   287.6924       287.9205       288.5287       289.4944       290.3383       290.7757       291.2474       291.1645       290.4470       289.5231       288.4137       287.8961    
 2136   287.4577       287.8091       288.5140       289.3798       290.1882       290.8398       291.1425       291.0723       290.4865       289.5966       288.6015       287.8455    
 2137   287.5345       287.7156       288.3931       289.2487       290.0822       290.6857       290.9817       290.8514       290.5071       289.5292       288.5170       287.7890    
 2138   287.5991       287.9182       288.6664       289.4874       290.3139       290.7936       291.1952       291.0964       290.4663       289.4503       288.4148       287.6002    
 2139   287.4841       287.8048       288.3902       289.3129       290.1133       290.6948       291.0575       290.9552       290.4133       289.4621       288.4974       287.6405    
 2140   287.2874       287.7909       288.4066       289.3527       290.2214       290.7508       291.0840       291.0291       290.5394       289.4956       288.4468       287.5570    
 2141   287.4164       287.6977       288.4838       289.2335       290.1373       290.8475       291.0588       291.0060       290.4075       289.6396       288.5563       287.7470    
 2142   287.3902       287.8322       288.5391       289.3499       290.1632       290.7709       291.0847       291.2142       290.5285       289.4560       288.5391       287.6761    
 2143   287.5728       287.7278       288.5680       289.5475       290.3774       290.9971       291.2730       291.2130       290.6675       289.5546       288.4661       287.8737    
 2144   287.6359       287.8212       288.6046       289.5269       290.2849       290.8980       291.1832       291.1546       290.4591       289.4667       288.4352       287.7100    
 2145   287.6388       287.9285       288.5504       289.6864       290.3961       290.8787       291.2917       291.2491       290.5970       289.5768       288.4305       287.7502    
 2146   287.7309       287.8152       288.5897       289.5314       290.3637       290.8818       291.2249       291.1917       290.6629       289.7094       288.6119       287.7416    
 2147   287.6963       288.0608       288.7472       289.5810       290.3816       290.9365       291.2828       291.2199       290.5154       289.8166       288.6577       287.7876    
 2148   287.5553       287.8867       288.6200       289.5456       290.2231       290.8773       291.2188       291.1247       290.5274       289.5852       288.5317       287.9070    
 2149   287.4909       287.8186       288.5220       289.4410       290.3957       290.8657       291.2136       291.1164       290.6850       289.6459       288.5493       287.8743    
 2150   287.7188       288.1125       288.8317       289.5429       290.2785       290.7657       291.1251       291.0406       290.4817       289.5089       288.4837       287.7045    
 2151   287.4259       287.9538       288.5162       289.4256       290.2625       290.9081       291.1492       291.0575       290.5578       289.5099       288.4668       287.7438    
 2152   287.5109       287.8853       288.5141       289.4188       290.1776       290.8136       291.1459       291.1457       290.6035       289.5682       288.6078       287.8914    
 2153   287.6028       287.8373       288.6690       289.6739       290.4165       290.9083       291.2357       291.2164       290.5905       289.6151       288.4046       287.7323    
 2154   287.4645       287.7933       288.5583       289.3863       290.2713       290.8459       291.2588       291.1709       290.4840       289.5948       288.6164       287.8909    
 2155   287.7915       287.9526       288.7697       289.4748       290.3160       290.8756       291.1695       291.1525       290.4669       289.6258       288.5479       287.7164    
 2156   287.4825       287.8959       288.5329       289.5428       290.2382       290.8337       291.2170       291.1263       290.5589       289.5619       288.5621       287.7820    
 2157   287.6862       288.0284       288.5107       289.5474       290.3107       290.9237       291.2854       291.2418       290.5100       289.7039       288.5945       287.7722    
 2158   287.6002       287.9902       288.6924       289.5279       290.3234       290.8946       291.2083       291.2210       290.6609       289.6751       288.6171       287.8583    
 2159   287.7633       288.0878       288.7261       289.4481       290.3141       290.9347       291.1806       291.1985       290.6305       289.5591       288.7005       287.9379    
 2160   287.8271       288.1561       288.7646       289.6450       290.4998       291.0140       291.3439       291.3622       290.8126       289.7108       288.7170       287.9650    
 2161   287.7585       287.9537       288.6949       289.6778       290.4461       290.9630       291.3281       291.3273       290.7385       289.7818       288.6669       287.9037    
 2162   287.7361       287.9021       288.8576       289.7390       290.3242       290.8860       291.2145       291.2255       290.5867       289.7069       288.4653       287.9391    
 2163   287.7048       288.1249       288.6226       289.4148       290.4174       290.8983       291.2118       291.0358       290.4890       289.6880       288.5750       287.7131    
 2164   287.5484       287.8374       288.6328       289.3582       290.1922       290.7911       291.2452       291.1482       290.4777       289.5458       288.3847       287.8087    
 2165   287.5828       287.8161       288.6256       289.5329       290.2442       290.8289       291.1380       291.0990       290.5415       289.5948       288.4172       287.8218    
 2166   287.4868       287.8010       288.6193       289.5351       290.3446       290.9521       291.1374       291.1475       290.5475       289.6094       288.5015       287.6604    
 2167   287.5593       287.8574       288.7968       289.5013       290.2821       290.8536       291.2551       291.1407       290.6627       289.6664       288.7300       287.9521    
 2168   287.6898       288.0830       288.7381       289.6232       290.3353       291.0763       291.3519       291.2431       290.6427       289.6379       288.6371       287.9570    
 2169   287.7066       288.0598       288.8349       289.7399       290.3416       290.9283       291.3525       291.1807       290.5824       289.5925       288.6660       287.8438    
 2170   287.7278       288.0319       288.5825       289.4384       290.2119       290.7657       291.1861       291.1256       290.6202       289.7627       288.7305       288.0356    
 2171   287.7552       288.1781       288.6567       289.5820       290.4377       290.9871       291.2944       291.2454       290.5631       289.7437       288.6634       287.7262    
 2172   287.6140       287.9486       288.7026       289.6040       290.2990       290.8900       291.2117       291.1224       290.5605       289.6110       288.6459       287.8983    
 2173   287.8990       288.0734       288.6920       289.6530       290.4500       291.0429       291.4920       291.2915       290.7075       289.8432       288.7364       288.0614    
 2174   287.8429       288.0725       288.7066       289.5464       290.3907       290.8718       291.2410       291.2321       290.6551       289.7546       288.5226       287.8777    
 2175   287.7251       287.9795       288.6183       289.5807       290.3671       290.9575       291.3176       291.2634       290.6490       289.6735       288.5878       287.8909    
 2176   287.7614       288.2057       288.6920       289.6442       290.4152       290.9067       291.3378       291.2338       290.5579       289.6224       288.6006       287.7612    
 2177   287.6094       287.8797       288.7088       289.6093       290.5620       291.0103       291.2838       291.1422       290.6031       289.6399       288.4765       287.8789    
 2178   287.7661       287.9568       288.6993       289.7526       290.3969       290.9467       291.2958       291.2821       290.6602       289.7022       288.6843       287.9209    
 2179   287.8279       288.0751       288.9892       289.6201       290.4763       291.0179       291.2664       291.1802       290.6662       289.7100       288.7163       287.9379    
 2180   287.7191       288.0067       288.8351       289.4983       290.3935       290.8509       291.2941       291.1602       290.5944       289.7243       288.5418       287.6889    
 2181   287.6963       288.1545       288.5677       289.5233       290.2035       290.7404       291.1533       291.1942       290.5164       289.4675       288.7005       287.8619    
 2182   287.4999       287.7213       288.5616       289.5605       290.2983       290.9982       291.2717       291.2672       290.5799       289.7382       288.5926       287.8204    
 2183   287.8021       288.1966       288.7130       289.6489       290.4336       290.9367       291.3822       291.2327       290.6103       289.6224       288.5946       287.8229    
 2184   287.6561       287.8662       288.7089       289.4618       290.3750       290.8495       291.2307       291.2163       290.6605       289.6948       288.7511       288.1053    
 2185   287.7705       288.1165       288.8981       289.5784       290.3426       290.9020       291.3767       291.3042       290.7301       289.7844       288.7487       287.8252    
 2186   287.6866       288.0538       288.7054       289.6127       290.3510       290.9687       291.2664       291.2972       290.6482       289.7746       288.7064       287.9065    
 2187   287.6715       288.0172       288.6694       289.4928       290.3668       290.9525       291.2785       291.2507       290.7981       289.6411       288.6448       287.9547    
 2188   287.8682       288.0082       288.5326       289.5344       290.3312       290.8957       291.3452       291.2141       290.6340       289.6580       288.6440       287.7960    
 2189   287.6420       288.1511       288.7402       289.5260       290.3697       290.9182       291.2924       291.1438       290.6254       289.6128       288.6416       287.9232    
 2190   287.6506       288.0429       288.6220       289.6732       290.4096       291.0316       291.3462       291.0646       290.6509       289.6613       288.5601       287.8968    
 2191   287.8211       288.1287       288.7778       289.6584       290.3317       290.9120       291.2650       291.2110       290.6772       289.6085       288.5225       287.7984    
 2192   287.6298       288.0521       288.6111       289.5216       290.4189       290.9403       291.2502       291.1448       290.5171       289.6248       288.5618       287.8260    
 2193   287.5153       287.9017       288.6202       289.5792       290.3263       290.9216       291.1256       291.1184       290.5936       289.6819       288.6476       288.0101    
 2194   287.8673       288.0587       288.8090       289.5074       290.3965       290.9729       291.4957       291.3708       290.8530       289.7923       288.6253       288.0362    
 2195   287.7453       288.2586       288.9490       289.8253       290.6104       291.0808       291.3707       291.2391       290.7212       289.7532       288.7177       287.9439    
 2196   287.9040       288.0223       288.8654       289.6200       290.3708       290.9851       291.3680       291.3235       290.6836       289.7203       288.5259       287.8311    
 2197   287.6980       287.9312       288.6621       289.6963       290.4002       290.9291       291.2504       291.2554       290.8295       289.8343       288.7130       287.9460    
 2198   287.8372       288.1167       288.8275       289.6965       290.4655       291.0912       291.3998       291.3361       290.7908       289.7354       288.7367       287.9150    
 2199   287.8190       288.1684       288.8126       289.6308       290.3769       290.9190       291.2571       291.2060       290.5672       289.6560       288.6484       287.7577    
 2200   287.5529       288.0226       288.6918       289.5802       290.3702       291.0398       291.3452       291.2610       290.6073       289.7288       288.5597       287.9624    
 2201   287.6494       287.8687       288.6144       289.5319       290.3736       290.9814       291.2977       291.1622       290.6118       289.7231       288.6075       287.8146    
 2202   287.5436       287.9560       288.6690       289.4939       290.3640       290.9558       291.2801       291.2344       290.6502       289.7048       288.6456       287.9713    
 2203   287.7847       287.9880       288.7507       289.6223       290.5324       291.0721       291.3748       291.3476       290.7344       289.8865       288.5690       287.9076    
 2204   287.7002       288.1088       288.9271       289.6043       290.4335       291.0913       291.3723       291.3295       290.6927       289.7336       288.7008       287.9671    
 2205   287.9484       288.1240       288.8263       289.8836       290.5202       291.0308       291.4363       291.3505       290.7036       289.7597       288.9296       288.2318    
 2206   287.7965       288.1666       288.8204       289.7070       290.4640       290.9691       291.3048       291.2862       290.6382       289.8365       288.6158       288.0453    
 2207   287.7216       287.8349       288.8305       289.5097       290.3546       290.9069       291.1789       291.2533       290.5287       289.6274       288.7161       287.9375    
 2208   287.6298       288.1993       288.6491       289.4288       290.3150       290.9062       291.2536       291.2743       290.6862       289.7038       288.6707       288.0529    
 2209   287.8091       288.1190       288.8647       289.7023       290.5443       291.0335       291.3680       291.4014       290.8033       289.9030       288.6431       287.9707    
 2210   287.6577       287.8294       288.7558       289.7460       290.4925       290.9306       291.3400       291.3271       290.7328       289.7508       288.7641       288.0078    
 2211   287.9273       288.1533       288.8399       289.6488       290.5841       291.0113       291.3959       291.3450       290.7209       289.7532       288.6254       287.9059    
 2212   287.5731       287.8406       288.5792       289.6307       290.4101       291.1491       291.4486       291.2868       290.8376       289.7496       288.6118       287.9881    
 2213   287.8000       287.9633       288.6401       289.5974       290.3929       290.9368       291.2974       291.1079       290.6473       289.6705       288.6888       288.0018    
 2214   287.6568       288.0242       288.7398       289.6952       290.5720       291.1194       291.4059       291.2967       290.7640       289.7329       288.7144       287.9721    
 2215   287.7159       287.9877       288.8445       289.7258       290.4226       290.9417       291.2117       291.0697       290.5886       289.5185       288.6078       288.0163    
 2216   287.6505       287.8626       288.7825       289.6091       290.3955       290.8881       291.2567       291.2478       290.7148       289.7944       288.7656       288.0630    
 2217   287.8669       288.1330       288.8391       289.5748       290.4133       290.9869       291.3027       291.2949       290.7004       289.7307       288.6121       287.6478    
 2218   287.5730       288.0106       288.7311       289.6086       290.3098       291.0247       291.2821       291.2885       290.7057       289.6676       288.7693       288.0600    
 2219   287.9312       288.1721       288.9024       289.6943       290.3991       290.8295       291.2496       291.3280       290.8228       289.7553       288.6302       288.0221    
 2220   287.8092       288.0341       288.7328       289.7490       290.3897       291.0553       291.3450       291.2263       290.5502       289.6157       288.6973       287.8506    
 2221   287.6743       287.9940       288.7870       289.5865       290.3866       290.9831       291.2936       291.2899       290.6788       289.6398       288.6294       287.8946    
 2222   287.6193       287.8015       288.6982       289.5444       290.4374       290.9624       291.3688       291.3240       290.7876       289.8720       288.7704       288.0265    
 2223   287.9462       288.0678       288.7511       289.6038       290.2797       290.9638       291.2279       291.1554       290.7246       289.7394       288.6731       288.0141    
 2224   287.9163       288.2365       288.8841       289.7084       290.4119       291.0772       291.4306       291.2881       290.6441       289.8103       288.8325       288.0789    
 2225   287.9423       288.2509       288.8713       289.6689       290.5606       291.0311       291.4391       291.2733       290.7480       289.7133       288.7313       287.9627    
 2226   287.9793       288.2249       288.7927       289.6830       290.3579       290.9841       291.3443       291.2685       290.7183       289.8157       288.7573       287.9825    
 2227   287.8791       288.2240       288.7919       289.5902       290.3491       290.9851       291.3165       291.2872       290.8041       289.7274       288.5236       287.8177    
 2228   287.9587       288.0540       288.7766       289.5219       290.4681       291.1329       291.3860       291.3690       290.6920       289.7607       288.8149       288.0599    
 2229   287.8840       288.1946       288.8913       289.7436       290.4594       291.0553       291.4877       291.3388       290.7934       289.7858       288.8615       288.0025    
 2230   287.8550       288.1982       288.9154       289.7187       290.4862       291.0711       291.3737       291.3044       290.6534       289.7748       288.6747       287.7584    
 2231   287.6270       288.0561       288.8095       289.5414       290.3745       290.9466       291.3053       291.1886       290.5908       289.6848       288.6725       287.8589    
 2232   287.7202       287.9604       288.7720       289.6361       290.3917       290.9841       291.2476       291.2563       290.7016       289.7694       288.6458       288.0414    
 2233   287.9225       288.1265       288.8386       289.8130       290.6112       291.1511       291.3096       291.3599       290.6969       289.7094       288.5481       287.7543    
 2234   287.4015       287.9102       288.5797       289.6939       290.4351       291.0379       291.3250       291.3045       290.6676       289.6741       288.3793       287.8329    
 2235   287.6842       288.0995       288.8148       289.5355       290.3605       290.9879       291.3130       291.3267       290.7506       289.8060       288.7473       288.1565    
 2236   287.8769       288.0998       288.8029       289.5959       290.4641       291.0891       291.4933       291.4806       290.8211       289.7237       288.6223       287.8899    
 2237   287.6329       288.0512       288.8239       289.6300       290.4151       290.8586       291.3150       291.1765       290.7313       289.8053       288.5901       287.8330    
 2238   287.7794       287.8574       288.7022       289.5605       290.3827       290.9826       291.4510       291.3695       290.8413       289.8406       288.6729       288.0916    
 2239   287.9660       288.4053       288.9658       289.7822       290.5099       291.2151       291.3963       291.4376       290.8305       289.6816       288.6865       287.9193    
 2240   287.6711       288.2188       288.7738       289.5785       290.3745       290.9952       291.3377       291.3545       290.7843       289.7962       288.8850       288.0471    
 2241   287.9637       288.2208       288.9501       289.7339       290.5434       291.0763       291.3557       291.3307       290.7562       289.8466       288.7611       288.0678    
 2242   287.7265       288.0864       288.9005       289.5802       290.5657       291.1885       291.3601       291.3999       290.8152       289.8414       288.7677       288.0785    
 2243   287.9622       288.2343       288.8438       289.6411       290.4906       291.0405       291.3645       291.2272       290.7090       289.8200       288.6453       287.8752    
 2244   287.7155       288.1393       288.7457       289.5345       290.4528       290.9421       291.3854       291.2792       290.7412       289.7663       288.7619       287.8601    
 2245   287.8417       288.0336       288.7406       289.6638       290.4667       290.9501       291.3271       291.2117       290.6803       289.7480       288.6152       287.9589    
 2246   287.9119       288.1742       288.7606       289.5158       290.2601       291.0052       291.4099       291.2349       290.7598       289.9088       288.6829       288.0013    
 2247   287.8153       288.0753       288.7843       289.6460       290.5088       291.0631       291.3462       291.2906       290.7738       289.7847       288.9185       288.0891    
 2248   287.9324       288.1684       288.6811       289.5443       290.4547       291.0074       291.3469       291.2690       290.6867       289.9035       288.7263       288.2022    
 2249   287.8560       288.2340       288.7841       289.7717       290.4872       291.0548       291.4099       291.3155       290.8686       289.8714       288.7478       287.8491    
 2250   287.8751       288.1022       288.8813       289.8374       290.4974       291.0755       291.4820       291.3391       290.7518       289.8161       288.6379       288.0140    
 2251   287.8125       288.0974       288.8175       289.6548       290.5437       291.0095       291.4131       291.2406       290.6588       289.7798       288.6473       288.0672    
 2252   287.8718       288.1548       288.6714       289.5419       290.4138       291.0432       291.3219       291.2405       290.6760       289.7648       288.5340       288.0110    
 2253   287.7747       288.2202       288.8118       289.7607       290.4555       291.0083       291.2959       291.2789       290.7141       289.7016       288.7773       287.9193    
 2254   287.6578       288.1703       288.7901       289.7158       290.5065       291.0082       291.3344       291.2703       290.6479       289.8464       288.8357       288.0693    
 2255   287.8120       287.9905       288.8340       289.6599       290.4071       290.9475       291.3097       291.2877       290.7780       289.7168       288.7104       287.9957    
 2256   287.8488       288.0756       288.9445       289.6848       290.4764       291.0872       291.4086       291.3406       290.6549       289.6928       288.7147       287.9935    
 2257   287.5664       288.0439       288.7727       289.6338       290.4132       290.9749       291.3714       291.2757       290.7711       289.8635       288.9978       288.0642    
 2258   287.8401       288.3604       289.0792       289.8495       290.4713       291.0874       291.3941       291.3560       290.6715       289.7569       288.6647       287.9736    
 2259   287.5222       287.9669       288.7748       289.6189       290.3499       290.9067       291.3002       291.2926       290.6777       289.7497       288.5678       288.0540    
 2260   287.8655       288.1413       288.8944       289.6458       290.5094       290.9716       291.3339       291.2994       290.6126       289.6857       288.6725       288.0380    
 2261   287.7684       288.1812       288.7848       289.7252       290.5352       291.0533       291.2896       291.2371       290.6545       289.7523       288.6148       287.9909    
 2262   287.8953       288.1121       288.8585       289.7566       290.5430       291.0623       291.3770       291.3556       290.8189       289.8723       288.6834       287.9322    
 2263   287.8120       288.0971       288.8661       289.6393       290.4849       291.0586       291.4679       291.3873       290.8440       289.9181       288.7372       287.8043    
 2264   287.5481       288.1871       288.6468       289.6756       290.5505       291.0370       291.4395       291.2986       290.7611       289.8696       288.9384       288.0354    
 2265   287.8456       288.1479       288.7293       289.9570       290.5823       291.1625       291.5314       291.3433       290.8947       289.8615       288.6898       288.0362    
 2266   287.8034       288.2912       288.9980       289.6921       290.5677       291.1979       291.4149       291.2881       290.7808       289.7928       288.6101       287.8442    
 2267   287.8333       287.9221       288.5133       289.6429       290.4212       291.0422       291.3348       291.2766       290.7750       289.6883       288.6597       287.9944    
 2268   287.8671       288.2679       288.8617       289.7582       290.6751       291.0561       291.4366       291.3513       290.8275       289.8764       288.7173       288.0428    
 2269   287.8502       288.1860       288.9268       289.7784       290.5151       291.1811       291.2906       291.2589       290.7836       289.7562       288.5685       287.8775    
 2270   287.8490       288.0668       288.6948       289.5699       290.4240       290.9993       291.2866       291.3490       290.8079       289.8307       288.5442       287.8843    
 2271   287.7785       288.0954       288.8385       289.6782       290.4372       291.1277       291.4441       291.3961       290.6899       289.7341       288.6871       288.0617    
 2272   287.7626       288.0515       288.7793       289.8198       290.6299       291.2047       291.4612       291.3996       290.9239       289.9005       288.7607       288.0102    
 2273   287.9221       288.2536       288.8449       289.6940       290.5542       291.0874       291.4174       291.3952       290.8437       289.8837       288.9171       288.1364    
 2274   287.9449       288.1983       288.8437       289.8856       290.4758       291.1408       291.4235       291.3637       290.7922       289.8880       288.7243       288.1250    
 2275   287.8423       288.0441       288.8454       289.6657       290.5340       291.0415       291.4445       291.3523       290.8630       289.7229       288.6133       287.8550    
 2276   287.7986       288.1616       288.7986       289.6184       290.4028       291.0287       291.3530       291.3630       290.8064       289.7716       288.6085       288.1359    
 2277   287.9732       288.2845       288.8987       289.8214       290.6770       291.0695       291.4030       291.3410       290.7456       289.8811       288.7469       288.2143    
 2278   287.8955       288.1971       288.8803       289.8158       290.5325       291.1398       291.3362       291.2831       290.7448       289.8846       288.7502       288.1242    
 2279   287.7834       288.0741       288.6484       289.6884       290.4109       290.8957       291.2393       291.2782       290.6976       289.7841       288.7661       288.1192    
 2280   287.6691       288.1944       288.9236       289.7494       290.4434       290.9460       291.3777       291.3153       290.8066       289.8294       288.7528       288.0002    
 2281   287.9085       288.1600       288.5749       289.7383       290.4310       291.0332       291.4894       291.3595       290.7388       289.8559       288.8779       287.9744    
 2282   287.6856       288.1610       288.7169       289.6152       290.4945       291.2023       291.4024       291.3116       290.6797       289.8631       288.7581       287.8869    
 2283   287.8383       288.0808       288.6597       289.6526       290.5787       291.0483       291.4744       291.4633       290.8072       289.7967       288.6839       288.0834    
 2284   287.8661       288.2711       288.9127       289.7022       290.4858       291.0872       291.3635       291.4060       290.9514       289.8073       288.7851       288.1295    
 2285   287.8666       288.2338       288.9331       289.8250       290.6446       291.2322       291.4353       291.3956       290.9741       290.0589       288.9681       288.2585    
 2286   288.0267       288.3467       289.0000       289.9124       290.7304       291.2461       291.5842       291.5291       290.9025       289.8914       288.7622       288.0794    
 2287   287.9323       288.2550       288.7816       289.7667       290.6119       291.2386       291.5115       291.4560       290.9053       289.9612       288.9388       288.1341    
 2288   287.9945       288.2778       288.8379       289.7900       290.5824       291.0867       291.5114       291.4551       290.8752       289.8999       289.0165       288.1869    
 2289   287.9425       288.2577       288.8848       289.8537       290.6951       291.2133       291.4261       291.4388       290.9113       289.8987       288.7246       288.1787    
 2290   287.8630       288.1583       288.9579       289.7407       290.5859       291.2227       291.4898       291.3749       290.8084       289.8749       288.8802       288.0819    
 2291   287.8025       288.0689       288.8350       289.8058       290.5450       291.1660       291.4374       291.5034       290.8553       289.9115       288.8680       288.2091    
 2292   287.9904       288.1817       288.9291       289.7207       290.5922       291.1746       291.5945       291.4602       290.8855       289.8763       288.7520       288.1236    
 2293   287.9663       288.2772       288.8262       289.7809       290.5857       291.1642       291.5212       291.5134       290.8820       289.8205       288.7397       288.2008    
 2294   288.0416       288.2323       289.0035       289.8389       290.5721       291.1051       291.4941       291.5280       290.9126       289.9541       288.8854       288.0055    
 2295   287.9291       288.3596       288.8738       289.7112       290.5597       291.0937       291.4372       291.3303       290.8566       289.8788       288.8101       288.1448    
 2296   287.9848       288.3259       288.7999       289.7905       290.5518       291.1283       291.5441       291.3862       290.8288       289.9034       288.7990       288.0225    
 2297   287.6036       288.0195       288.9157       289.6929       290.5147       291.1353       291.4373       291.3235       290.6655       289.9479       288.8534       287.9493    
 2298   287.8660       288.1851       288.8019       289.6014       290.4843       291.0145       291.4886       291.3806       290.8205       289.9752       288.8502       288.1853    
 2299   288.0664       288.2360       288.8809       289.9306       290.6570       291.1625       291.5458       291.4594       290.9115       289.9134       288.8073       287.9641    
 2300   287.7724       288.1519       288.8586       289.8941       290.6306       291.1911       291.4823       291.4114       290.9179       289.9143       288.8500       288.2194    
