# tas [K] from NOAA GFDL GFDL-ESM2M, natural-only (run 1) experiment output for CMIP5 AR5 r1i1p1
# cutting out region lon=    0.000  360.000, lat=  -90.000   90.000
 1861   285.1870       285.6577       286.1536       287.0214       287.9050       288.5795       288.7033       288.4886       287.7404       286.5511       285.5982       285.0921    
 1862   285.0291       285.2233       285.7987       286.7443       287.6795       288.4034       288.6570       288.5102       287.6118       286.5235       285.4305       285.1020    
 1863   285.0770       285.4915       286.0509       286.9638       287.9228       288.5345       288.7278       288.5079       287.7174       286.6046       285.8009       285.2050    
 1864   285.5531       285.6845       286.4411       287.2881       287.8760       288.5588       288.6903       288.4913       287.7846       286.5883       285.7851       285.1484    
 1865   285.2541       285.5783       286.2852       287.0813       288.0103       288.5548       288.8199       288.5151       287.7117       286.6861       285.6818       285.0717    
 1866   285.2290       285.3743       286.0187       286.9067       287.7807       288.3998       288.7157       288.4474       287.6006       286.5608       285.6254       285.0307    
 1867   284.9642       285.2741       285.9625       286.8418       287.7383       288.3262       288.6563       288.4529       287.6724       286.4310       285.5796       284.9118    
 1868   285.0862       285.1511       285.9598       286.7031       287.6545       288.2934       288.6068       288.3036       287.6703       286.4137       285.3947       285.0338    
 1869   285.1589       285.6223       286.0156       286.9687       288.0118       288.6310       288.8231       288.5415       287.7882       286.6993       285.6450       285.1864    
 1870   285.1354       285.3582       286.3766       287.0739       288.1135       288.6958       288.8514       288.6214       287.8241       286.6678       285.5590       285.2177    
 1871   285.2792       285.6225       286.1538       287.0172       287.7685       288.3966       288.6659       288.5043       287.6950       286.5200       285.5039       285.0903    
 1872   285.0555       285.3391       285.9436       286.6562       287.5837       288.1876       288.5477       288.3699       287.5159       286.5275       285.6127       285.0284    
 1873   285.2477       285.7695       286.1857       286.9808       287.8985       288.5696       288.9372       288.6360       287.8241       286.8526       285.9031       285.4693    
 1874   285.4761       286.0070       286.7172       287.3934       288.2169       288.8074       288.9669       288.5667       287.7753       286.6405       285.6400       285.2323    
 1875   285.4303       285.4896       286.1603       286.9551       287.7483       288.3817       288.6227       288.4517       287.7246       286.4814       285.4556       284.9913    
 1876   285.0515       285.5464       286.0052       286.8469       287.8348       288.3776       288.7747       288.5140       287.7211       286.6937       285.6988       285.2835    
 1877   285.2267       285.5365       286.2111       287.0155       287.8566       288.5149       288.7603       288.3883       287.6379       286.5858       285.5645       285.1422    
 1878   285.0680       285.4213       285.9684       286.9823       287.9321       288.3929       288.7025       288.4173       287.6792       286.5610       285.5852       285.2292    
 1879   285.0166       285.7021       286.3669       287.0417       287.9104       288.5426       288.8185       288.5664       287.7726       286.6445       285.5259       285.0742    
 1880   285.0576       285.7285       286.2064       287.2127       287.9897       288.6851       288.8517       288.6400       287.8540       286.6445       285.8506       285.2018    
 1881   285.1824       285.5486       286.2520       287.1119       287.8944       288.4498       288.6656       288.4697       287.6107       286.4492       285.5100       285.0664    
 1882   285.0569       285.4723       286.0297       286.9258       287.8704       288.4983       288.7545       288.5277       287.7480       286.6765       285.5623       285.1891    
 1883   285.3008       285.7738       286.2678       286.8898       287.6614       288.3873       288.7330       288.5246       287.6885       286.4892       285.4127       285.0081    
 1884   285.0064       285.4778       285.9077       286.7693       287.6034       288.3408       288.4474       288.0641       287.3821       286.2452       285.2564       284.9318    
 1885   284.8636       285.1902       286.0975       286.8060       287.6278       288.3625       288.5909       288.2496       287.3086       286.1640       285.0304       284.5234    
 1886   284.5334       284.9630       285.5446       286.5984       287.4003       287.9466       288.1687       288.1337       287.2764       286.0398       285.1010       284.4615    
 1887   284.6524       285.0887       285.7916       286.7181       287.5118       288.1364       288.3577       288.2074       287.3158       286.3810       285.2843       284.6969    
 1888   284.8271       285.2491       286.0037       286.8832       287.8760       288.5958       288.7737       288.4414       287.5623       286.3563       285.2115       284.6301    
 1889   284.9468       285.2328       286.0154       286.7622       287.5956       288.2537       288.4879       288.3579       287.4438       286.2850       285.1760       284.7258    
 1890   284.5684       285.0499       285.7321       286.6180       287.4359       288.1341       288.2365       288.0710       287.3825       286.1795       285.0722       284.5084    
 1891   284.4203       284.9215       285.7813       286.7484       287.6093       288.3407       288.5876       288.2773       287.5327       286.3805       285.2707       284.8877    
 1892   285.0098       285.4442       286.1977       286.9053       287.7740       288.4901       288.6085       288.3900       287.5399       286.2881       285.2232       285.1694    
 1893   285.1971       285.3382       286.1465       287.0009       287.8172       288.4678       288.5836       288.3762       287.4521       286.3440       285.3838       284.7414    
 1894   285.0494       285.1000       285.9804       286.7345       287.6232       288.3053       288.5571       288.2609       287.4339       286.3896       285.4345       284.8795    
 1895   284.8726       285.0152       285.8192       286.7752       287.6737       288.2381       288.5607       288.2816       287.4125       286.3562       285.2894       284.8145    
 1896   285.0910       285.3152       285.9016       286.6993       287.4879       288.2588       288.5410       288.4502       287.5565       286.4553       285.3444       285.0024    
 1897   285.0688       285.4549       286.2078       287.1696       288.1024       288.7124       288.7847       288.4348       287.6143       286.3543       285.2118       284.8090    
 1898   284.9764       285.2736       285.8512       286.8683       287.5450       288.2094       288.5009       288.2437       287.5371       286.3553       285.3343       284.9659    
 1899   285.1189       285.3448       286.0406       286.7636       287.6204       288.2462       288.5636       288.4329       287.5508       286.5079       285.5550       285.0963    
 1900   285.0887       285.4296       286.0706       286.7722       287.7627       288.4588       288.6917       288.4736       287.6597       286.6498       285.7046       285.2574    
 1901   285.3384       285.8635       286.4160       287.2929       288.1620       288.7113       288.8976       288.6750       287.6701       286.7217       285.6941       285.2874    
 1902   285.3212       285.5853       286.1163       287.0134       287.8454       288.4318       288.6737       288.3467       287.5098       286.4102       285.4358       284.9464    
 1903   285.0843       285.4379       286.0249       286.7967       287.6337       288.2351       288.5971       288.2154       287.4141       286.3071       285.3042       284.9340    
 1904   284.9890       285.4623       286.0978       286.9300       287.8258       288.4300       288.6848       288.3553       287.4507       286.2327       285.1987       284.7606    
 1905   284.8261       285.0152       285.8085       286.5219       287.4305       288.1960       288.5528       288.2860       287.5707       286.3666       285.3967       284.8589    
 1906   285.0900       285.2179       285.9519       286.8512       287.7274       288.3909       288.7779       288.4844       287.5341       286.4431       285.3941       284.9356    
 1907   285.0885       285.2712       285.9855       286.7866       287.7462       288.4534       288.6624       288.2711       287.4647       286.4081       285.3205       285.1880    
 1908   285.3455       285.7478       286.2879       287.0685       287.8462       288.5119       288.7811       288.3968       287.5699       286.4168       285.4719       284.9631    
 1909   285.1428       285.1956       285.9566       286.9167       287.8021       288.4136       288.6323       288.4026       287.5985       286.3897       285.2789       284.8130    
 1910   284.7484       285.2871       285.9608       286.8364       287.8591       288.4723       288.6856       288.4558       287.6692       286.5376       285.5815       285.0672    
 1911   285.0435       285.3934       285.9088       286.8378       287.8675       288.5714       288.7827       288.3852       287.5923       286.4223       285.3810       284.8469    
 1912   284.7591       285.3748       286.0298       286.7397       287.5634       288.2431       288.5574       288.2824       287.4180       286.1751       285.1964       284.5734    
 1913   284.8909       285.2100       285.7510       286.4622       287.5348       288.2936       288.5823       288.3437       287.4893       286.3374       285.4818       284.9307    
 1914   284.9406       285.4438       286.0694       286.6711       287.6759       288.1887       288.5360       288.3444       287.5212       286.2462       285.1365       284.7018    
 1915   284.7418       285.1778       285.7588       286.6161       287.5456       288.3473       288.7525       288.4183       287.5963       286.5528       285.4755       285.1877    
 1916   285.2663       285.3946       286.0816       286.9490       287.6725       288.3258       288.5826       288.3683       287.6647       286.6127       285.6210       285.1107    
 1917   285.2834       285.5094       286.2451       287.1194       287.8672       288.5814       288.7597       288.5806       287.7394       286.5343       285.5969       285.3513    
 1918   285.2814       285.8033       286.5012       287.1901       287.9156       288.5494       288.7523       288.4408       287.7043       286.5111       285.5052       284.8772    
 1919   284.9310       285.3196       285.9643       286.9304       287.6955       288.4441       288.6517       288.5472       287.7264       286.5955       285.5347       284.9221    
 1920   284.8922       285.2621       285.9397       286.7996       287.7826       288.4173       288.6308       288.4572       287.5993       286.4866       285.4368       285.1341    
 1921   285.1524       285.4998       286.0766       286.7460       287.7570       288.4875       288.8853       288.4695       287.7719       286.4995       285.6616       284.9919    
 1922   285.2094       285.8615       286.4016       287.2081       288.0247       288.5912       288.8953       288.6591       287.9833       286.8457       285.8606       285.3347    
 1923   285.3956       285.8912       286.4674       287.3406       288.3027       288.9657       289.1618       288.7833       287.8816       286.6194       285.5070       285.0299    
 1924   284.8545       285.1690       285.9819       286.8426       287.8193       288.4365       288.7147       288.5515       287.6875       286.6287       285.6141       285.1006    
 1925   285.0131       285.3370       286.2013       286.8785       287.7590       288.4430       288.7278       288.5294       287.7103       286.5550       285.5471       285.1518    
 1926   285.1946       285.5891       286.1598       287.0216       287.8472       288.7047       288.9396       288.6986       287.8246       286.7570       285.8771       285.1769    
 1927   285.3390       285.7631       286.2605       287.0793       288.0792       288.7517       288.9358       288.7800       287.9957       286.7779       285.8883       285.4146    
 1928   285.6234       285.9133       286.5622       287.5497       288.3698       288.9402       289.0841       288.8756       288.0210       286.9793       286.0337       285.7017    
 1929   285.5582       286.0229       286.5270       287.3516       288.2726       288.8073       288.9953       288.7801       287.9559       286.8734       285.6806       285.1263    
 1930   285.2164       285.6071       286.1789       287.1014       287.9188       288.4186       288.6895       288.5110       287.7507       286.4585       285.4662       284.8915    
 1931   284.7782       285.4323       286.0480       286.8983       287.8946       288.4259       288.8732       288.6177       287.7645       286.7604       285.8208       285.3792    
 1932   285.4272       285.6766       286.5661       287.2288       288.1424       288.7973       289.1182       288.8176       288.0782       286.9707       286.0963       285.5858    
 1933   285.7029       285.8998       286.5053       287.2448       288.2431       288.9745       289.1395       288.8081       287.9057       286.6422       285.7738       285.3547    
 1934   285.2272       285.6626       286.3630       286.9972       287.7884       288.5124       288.8115       288.4313       287.6598       286.5530       285.2858       284.9437    
 1935   284.9598       285.4675       286.2068       287.0354       287.9319       288.5250       288.7639       288.6100       287.8964       286.7435       285.6815       285.0491    
 1936   284.9502       285.7338       286.1832       286.9870       288.0324       288.6107       288.9002       288.6868       287.9312       286.7362       285.7099       285.3111    
 1937   285.2708       285.7725       286.2589       287.2443       288.1393       288.8667       288.9994       288.7381       287.9716       286.8458       285.8810       285.4240    
 1938   285.6153       285.9148       286.4255       287.0839       287.9261       288.7058       288.9991       288.7682       287.8987       286.7874       285.7157       285.1727    
 1939   285.4166       285.7836       286.3390       287.1064       288.0986       288.6566       289.0219       288.8041       288.0190       286.7591       285.7044       285.5342    
 1940   285.4723       285.8339       286.4510       287.1764       287.9200       288.6965       288.9681       288.7798       287.9600       286.8466       285.7258       285.1646    
 1941   285.3267       285.8320       286.2866       287.2943       288.0302       288.6389       288.8649       288.5595       287.8370       286.7681       285.6720       285.2681    
 1942   285.4656       285.7776       286.4258       287.1692       287.9169       288.8383       289.1040       288.8755       287.9925       286.7132       285.8534       285.4735    
 1943   285.5636       285.9049       286.4900       287.2560       288.1371       288.7585       288.8945       288.5617       287.6759       286.4851       285.5906       284.8387    
 1944   284.9155       285.1292       285.8163       286.6807       287.7923       288.4077       288.7499       288.4858       287.6387       286.7959       285.9044       285.1765    
 1945   285.3902       285.8312       286.4844       287.3711       288.2029       288.7816       288.9583       288.7396       287.9359       286.8828       285.9428       285.5137    
 1946   285.5563       286.0093       286.6534       287.6091       288.3778       288.9905       289.1585       288.8857       288.0009       286.8019       285.7821       285.4542    
 1947   285.5651       285.7990       286.3698       287.1912       287.9986       288.6173       288.8635       288.6409       287.8394       286.8189       285.7330       285.1825    
 1948   285.1019       285.7758       286.3081       287.1573       287.9988       288.6713       288.8404       288.6666       287.8982       286.6364       285.6561       285.2564    
 1949   285.4774       285.6808       286.5281       287.3005       288.1070       288.7021       288.8580       288.5422       287.8126       286.7910       285.6707       285.1510    
 1950   285.3007       285.6381       286.2053       287.0984       288.0354       288.6480       288.7999       288.7144       287.8633       286.7406       285.7451       285.1877    
 1951   285.4201       285.7836       286.5226       287.0853       287.9019       288.6237       288.9501       288.7049       287.8608       286.8474       285.7333       285.3357    
 1952   285.2681       285.6953       286.2688       287.2897       287.8998       288.6308       288.9793       288.7126       287.9592       286.7721       285.8580       285.5386    
 1953   285.6259       286.0426       286.5280       287.3550       288.3632       288.9280       289.1340       288.7408       287.8843       286.7288       285.7192       285.3633    
 1954   285.4360       285.6256       286.3156       286.9606       288.0258       288.6125       288.8307       288.4814       287.7969       286.6228       285.4310       285.0817    
 1955   285.1176       285.6155       286.0397       286.8149       287.8277       288.5478       288.8069       288.6637       287.8264       286.6815       285.9653       285.4175    
 1956   285.5982       286.0255       286.5116       287.1185       288.0565       288.7721       288.9861       288.7664       287.7961       286.8232       285.8214       285.4463    
 1957   285.6365       285.8393       286.6977       287.3869       288.3615       288.9942       289.1833       288.8766       288.0234       286.9152       285.8750       285.3858    
 1958   285.4738       285.9736       286.3890       287.1748       288.0879       288.5826       288.7453       288.6480       287.8608       286.7183       285.6299       284.9875    
 1959   285.0488       285.6244       286.2266       286.8700       287.7411       288.5259       288.7783       288.5255       287.9028       286.7018       285.6691       285.1130    
 1960   285.3541       285.6772       286.4447       287.1395       288.1253       288.7263       289.0241       288.7495       287.8555       286.6977       285.7812       285.3036    
 1961   285.4467       285.7425       286.4337       287.3680       288.1158       288.8831       288.9500       288.5931       287.8018       286.6503       285.6031       285.2704    
 1962   285.1391       285.4385       286.2444       286.9309       287.8351       288.4549       288.7328       288.5172       287.6394       286.5585       285.6179       285.0310    
 1963   285.2195       285.6120       286.0314       286.9295       287.7990       288.3342       288.6518       288.5249       287.6655       286.4054       285.6019       284.9216    
 1964   285.0746       285.4595       286.3025       287.0247       287.8102       288.4672       288.5862       288.3118       287.5228       286.4770       285.5694       285.2376    
 1965   285.2575       285.6960       286.3864       287.3678       288.1375       288.6652       288.7793       288.4603       287.6761       286.5097       285.5464       285.1849    
 1966   285.0768       285.2577       286.0223       286.8068       287.7747       288.3145       288.5875       288.3159       287.5026       286.3570       285.2722       284.8307    
 1967   284.6395       285.1870       285.8552       286.8726       287.7119       288.3003       288.5875       288.4210       287.6222       286.4471       285.2381       285.0297    
 1968   284.9683       285.4466       286.1009       286.7933       287.5679       288.2695       288.5689       288.3354       287.5743       286.3088       285.1294       284.7682    
 1969   284.8362       285.2318       285.8271       286.7391       287.5099       288.1251       288.3962       288.2358       287.4349       286.2849       285.4390       284.9322    
 1970   285.0022       285.5096       286.0498       286.9725       287.8181       288.4730       288.7267       288.4702       287.6555       286.4228       285.6006       285.0194    
 1971   285.2943       285.6949       286.2273       286.9751       287.8579       288.5547       288.6315       288.4804       287.6662       286.4941       285.4788       285.0931    
 1972   285.2917       285.4714       286.2876       287.0352       287.8906       288.4921       288.6076       288.3127       287.5758       286.3549       285.3756       284.7793    
 1973   284.9271       285.1569       285.9499       286.9634       287.7363       288.3898       288.6200       288.5203       287.6332       286.4672       285.3902       285.0551    
 1974   284.8924       285.7718       286.0858       286.9026       287.7872       288.4688       288.6852       288.6134       287.6912       286.4585       285.5177       284.9507    
 1975   285.1004       285.4052       286.1416       286.8961       287.9738       288.4395       288.6688       288.3780       287.5346       286.4021       285.3678       284.9573    
 1976   285.0190       285.5018       286.1080       286.8826       287.7264       288.3154       288.6231       288.4023       287.6739       286.4653       285.4248       284.9290    
 1977   285.0733       285.3805       286.1072       286.9959       287.7107       288.5000       288.7941       288.6012       287.7227       286.6111       285.4472       285.0397    
 1978   285.0512       285.5361       286.1589       286.8429       287.6836       288.3956       288.6322       288.4393       287.6973       286.5722       285.3984       284.8815    
 1979   284.8309       285.3869       286.0678       286.8957       287.8355       288.4090       288.6823       288.3674       287.6494       286.4785       285.5026       285.1144    
 1980   285.0592       285.5662       286.2067       286.8292       287.6823       288.4464       288.6742       288.5288       287.7090       286.5412       285.5929       285.0858    
 1981   285.2615       285.4459       286.0929       286.8721       287.7733       288.5168       288.7372       288.4341       287.5350       286.4632       285.4672       285.2036    
 1982   285.0497       285.7388       286.3793       286.9651       287.8356       288.4023       288.6295       288.4543       287.5481       286.3743       285.5371       284.9340    
 1983   284.9478       285.4450       286.2114       286.8218       287.7998       288.4249       288.4942       288.1488       287.4144       286.2664       285.2424       284.8702    
 1984   284.8292       285.2249       285.7813       286.6011       287.5159       288.1264       288.2897       288.2248       287.5033       286.4113       285.3562       284.7644    
 1985   284.9547       285.1544       285.7354       286.7546       287.6222       288.2540       288.3820       288.2525       287.4469       286.4077       285.4885       284.8663    
 1986   284.8948       285.2184       285.9090       286.6411       287.5451       288.2473       288.5296       288.2305       287.5880       286.3490       285.3885       284.5825    
 1987   284.8145       285.0711       285.8623       286.7852       287.5474       288.3868       288.5734       288.3569       287.4146       286.2963       285.1949       284.7499    
 1988   284.8169       285.3480       285.9231       286.6852       287.5887       288.3573       288.5771       288.4144       287.5225       286.4213       285.3830       284.9891    
 1989   285.2245       285.6700       286.2197       286.9695       287.9385       288.5792       288.7138       288.3780       287.5060       286.4201       285.4595       284.8694    
 1990   284.9372       285.3552       286.0533       286.8745       287.7079       288.4936       288.7418       288.4703       287.6003       286.4377       285.4789       284.9052    
 1991   285.1227       285.3898       285.9014       286.9117       287.8367       288.3023       288.6622       288.4597       287.5960       286.4041       285.2852       284.7260    
 1992   284.8659       285.3094       285.9513       286.6081       287.3973       288.1274       288.3595       288.0852       287.2502       286.1544       285.0945       284.4934    
 1993   284.7869       285.1736       285.9250       286.6553       287.4694       288.2218       288.3113       288.2696       287.3909       286.2491       285.0560       284.7054    
 1994   284.7481       284.8971       285.6535       286.4808       287.4763       288.1648       288.4768       288.1489       287.4026       286.1983       285.2179       284.8114    
 1995   285.0011       285.2378       286.0217       286.8312       287.5898       288.2530       288.4859       288.2637       287.4342       286.3667       285.2902       284.8668    
 1996   285.0281       285.1687       285.9628       286.7800       287.6628       288.2200       288.5284       288.2906       287.4589       286.2646       285.4495       284.7987    
 1997   284.9671       285.3201       286.1538       286.9097       287.7004       288.4596       288.6352       288.3942       287.6083       286.3540       285.2979       284.7625    
 1998   284.9377       285.2537       285.9231       286.5226       287.5918       288.2026       288.5007       288.2460       287.4726       286.4103       285.3553       284.8768    
 1999   284.8137       285.1525       286.0952       286.6692       287.6849       288.3984       288.5350       288.4755       287.5623       286.5807       285.4619       285.2291    
 2000   285.1544       285.5879       286.2269       287.0076       288.0100       288.5667       288.8082       288.4434       287.7600       286.5321       285.5525       285.1192    
 2001   285.1097       285.4293       285.9431       286.8988       287.8389       288.4765       288.6544       288.4781       287.5557       286.5290       285.3163       284.8548    
 2002   285.0404       285.3880       285.8902       286.8376       287.7351       288.2429       288.6483       288.3143       287.6028       286.4195       285.4377       284.9753    
 2003   284.9419       285.2695       286.0057       286.9544       287.8843       288.4431       288.7195       288.5191       287.7615       286.7306       285.7016       285.1937    
 2004   285.4225       285.8987       286.3859       286.8959       288.0566       288.8037       288.8828       288.6683       287.6949       286.6721       285.8742       285.4118    
 2005   285.4223       285.8813       286.4588       287.3671       288.1047       288.7534       288.8358       288.6178       287.7230       286.4849       285.5204       285.0225    
