# tas [K] from CCSM4 model output prepared for CMIP5 natural-only r4i1p1
# cutting out region lon=   -0.625  359.375, lat=  -90.000   90.000
 1850   284.4608       285.0261       285.7437       286.4846       287.3514       288.0608       288.4008       288.3573       287.3966       286.4464       285.5969       284.5468    
 1851   284.5595       285.0052       285.6459       286.4420       287.4490       288.0809       288.5281       288.2635       287.5195       286.5810       285.5658       285.0305    
 1852   285.0209       285.2321       285.7844       286.6035       287.4355       288.1141       288.5965       288.2271       287.4782       286.4786       285.4785       284.8621    
 1853   284.6497       284.9409       285.5164       286.2877       287.2397       287.9985       288.4794       288.1505       287.4706       286.3893       285.4487       284.7592    
 1854   284.4941       284.9031       285.2321       286.1036       287.1611       287.9296       288.3365       287.9431       287.2398       286.2660       285.3457       284.7025    
 1855   284.5727       284.7229       285.4140       286.3121       287.2607       287.9591       288.3244       288.2471       287.2580       286.2586       285.2375       284.5867    
 1856   284.4168       284.7243       285.4548       286.1771       287.1780       287.9591       288.4983       288.2145       287.4237       286.2844       285.5825       284.6178    
 1857   284.3306       284.9205       285.6792       286.3655       287.2426       288.0557       288.4766       288.3773       287.5468       286.3105       285.3690       284.6869    
 1858   284.8299       285.0957       285.6013       286.3906       287.2855       288.1215       288.4114       288.2829       287.5342       286.2662       285.3254       284.7427    
 1859   284.7397       285.0188       285.6949       286.4676       287.3548       287.9907       288.4517       288.2751       287.5013       286.3679       285.2319       284.7112    
 1860   284.6225       285.1316       285.6528       286.6927       287.2559       288.1013       288.5309       288.3372       287.5804       286.4481       285.3122       284.7662    
 1861   284.5622       284.8926       285.5562       286.3373       287.1992       287.8514       288.3340       288.2154       287.3898       286.2136       285.1976       284.6049    
 1862   284.6971       284.8439       285.4952       286.2861       287.0693       287.9182       288.2764       288.1348       287.5226       286.2853       285.4560       285.0035    
 1863   284.8398       284.9932       285.7701       286.5581       287.4364       288.0835       288.6505       288.3405       287.5834       286.4776       285.4098       284.7743    
 1864   284.6164       284.8719       285.4842       286.3924       287.2950       288.0171       288.3618       288.2022       287.3351       286.5005       285.3053       284.6935    
 1865   284.3828       285.0896       285.5093       286.2701       287.0263       287.8817       288.5231       288.2738       287.5500       286.3604       285.3271       284.6407    
 1866   284.5750       285.0271       285.8116       286.4213       287.3123       288.1578       288.5500       288.3357       287.5644       286.5341       285.4931       284.9160    
 1867   284.6039       285.1063       285.9358       286.7940       287.5150       288.1298       288.6440       288.4570       287.6479       286.6870       285.6586       285.2080    
 1868   285.0841       285.3177       285.7742       286.5363       287.5675       288.1495       288.5603       288.2150       287.4743       286.3384       285.4173       284.7463    
 1869   284.6043       285.0040       285.4615       286.1428       287.1479       287.9398       288.2676       288.1652       287.5233       286.3213       285.1041       284.6374    
 1870   284.4731       284.6926       285.5888       286.3014       287.3097       287.9593       288.4794       288.2385       287.2964       286.2444       285.1888       284.5648    
 1871   284.3935       284.9150       285.6321       286.5475       287.3445       287.8833       288.5233       288.2838       287.5266       286.4263       285.3110       284.6653    
 1872   284.5443       284.6132       285.3792       286.1837       287.2056       288.2025       288.5198       288.1842       287.5042       286.4148       285.2204       284.7845    
 1873   284.9977       285.0007       285.6754       286.2834       287.4084       288.2632       288.7149       288.6005       287.6842       286.5619       285.6031       284.8172    
 1874   284.7980       285.2803       285.9242       286.6376       287.4609       288.3325       288.7782       288.4279       287.7258       286.7337       285.5999       284.8470    
 1875   284.7555       285.0199       285.6020       286.6241       287.2913       287.9875       288.3990       288.0753       287.5959       286.3289       285.2766       284.5740    
 1876   284.5669       284.9741       285.5565       286.3047       287.3437       287.9830       288.4175       288.2064       287.3759       286.3970       285.4817       284.7701    
 1877   284.6154       285.0583       285.6542       286.3704       287.2991       288.0929       288.4909       288.2691       287.4185       286.4571       285.6007       284.8470    
 1878   284.6976       285.2569       285.7202       286.7211       287.5591       288.5353       288.7082       288.3440       287.6003       286.6284       285.5742       284.7914    
 1879   284.8731       284.9311       285.6362       286.4980       287.5771       288.1201       288.5049       288.3991       287.4651       286.5645       285.3808       285.0774    
 1880   284.6978       284.8808       285.5721       286.5579       287.2934       288.0869       288.4476       288.3132       287.3865       286.2605       285.3612       284.7312    
 1881   284.4246       284.5695       285.4780       286.2862       287.1599       288.0087       288.3967       288.2643       287.4836       286.4130       285.4078       284.6654    
 1882   284.8582       284.8990       285.5358       286.5106       287.2497       288.1764       288.4790       288.3730       287.6786       286.4936       285.7744       284.8911    
 1883   284.8617       285.0804       285.6699       286.5725       287.3926       288.1644       288.5866       288.2944       287.5471       286.3630       284.9173       284.4475    
 1884   284.4292       284.7787       285.1088       285.9243       286.5792       287.3758       287.7573       287.4894       286.8113       285.6925       284.7612       284.1872    
 1885   284.0644       284.5547       285.0376       285.8764       286.8365       287.6079       288.1523       287.8326       286.9866       286.0930       284.8943       284.3834    
 1886   284.4379       284.5674       285.2826       286.3289       287.1642       287.7757       288.0166       287.9810       287.2271       286.0134       285.0593       284.5496    
 1887   284.3438       284.5943       285.3859       285.9316       286.9949       287.8195       288.2967       288.0088       287.2557       286.2727       285.2135       284.4246    
 1888   284.2074       284.5866       285.1483       285.8647       286.9910       287.5733       288.0992       288.0440       287.4267       286.1614       285.2466       284.5787    
 1889   284.3850       284.7231       285.5706       286.2104       287.0331       287.8647       288.3944       288.2164       287.3789       286.2175       285.1954       284.6266    
 1890   284.4723       284.7556       285.1633       286.0611       286.8188       287.6347       288.1270       287.8825       287.1098       286.0211       284.9254       284.3781    
 1891   284.2185       284.4747       285.0987       286.0117       286.7858       287.6204       288.0549       287.8036       287.0422       286.0760       285.0375       284.5599    
 1892   284.2764       284.5128       285.2036       286.2820       287.0402       287.7647       288.1622       287.9556       287.2995       286.1385       285.0340       284.5731    
 1893   284.4053       284.9066       285.3268       286.0693       286.8374       287.6357       288.1084       288.0526       287.1920       286.0122       284.9925       284.5382    
 1894   284.4516       284.6151       285.2237       286.0818       286.8864       287.5440       288.0528       288.0066       287.3204       286.1869       285.2259       284.8099    
 1895   284.7556       284.8135       285.3948       286.4414       287.1663       287.8512       288.4126       288.1311       287.5211       286.3888       285.4853       284.9658    
 1896   284.9155       285.3343       285.7105       286.6194       287.4238       288.3799       288.7916       288.3279       287.5930       286.5764       285.4723       284.8302    
 1897   284.7446       284.6734       285.5759       286.3519       287.0173       287.8182       288.1997       287.9334       287.2190       286.0518       285.2989       284.4109    
 1898   284.2197       284.7457       285.3577       285.9496       286.9699       287.5925       288.0616       288.0051       287.2849       286.0391       285.0098       284.6945    
 1899   284.4569       284.4268       285.4117       286.2484       287.0949       287.8860       288.2354       288.1572       287.3395       286.1898       285.0284       284.4942    
 1900   284.4392       285.0245       285.5587       286.2938       287.3006       288.0612       288.3510       288.2272       287.4569       286.2610       285.2970       284.5867    
 1901   284.7153       284.9777       285.7411       286.6073       287.3174       288.0709       288.4184       288.1927       287.5160       286.3833       285.3642       284.6616    
 1902   284.5977       284.9200       285.5094       286.3222       287.2391       287.9521       288.5355       288.0741       287.2866       286.3208       285.1655       284.5852    
 1903   284.2426       284.4562       285.1227       285.8126       286.6311       287.4835       287.9037       287.8502       286.8398       285.6436       284.8015       284.3456    
 1904   284.1451       284.5327       284.8937       285.8737       286.7186       287.4987       287.9153       287.7353       286.8535       285.9372       284.9243       284.3772    
 1905   284.3790       284.5572       285.1198       286.0309       287.0135       287.7464       288.2440       287.9519       287.1686       285.9046       284.8352       284.3322    
 1906   284.3096       284.3195       284.8947       286.0084       286.8663       287.6733       288.0456       287.8343       287.0910       286.2241       285.0688       284.4564    
 1907   284.3175       284.7427       285.0851       286.1226       286.8438       287.7780       288.0854       287.7485       287.1512       286.1754       285.3643       284.7802    
 1908   284.4370       284.7281       285.5714       286.2369       286.9873       287.8044       288.1344       288.0900       287.2190       286.1659       285.1378       284.2769    
 1909   284.3146       284.7631       285.4657       286.4169       287.1945       288.0157       288.3078       288.0865       287.3234       286.3378       285.2207       284.9398    
 1910   284.6616       284.7787       285.4858       286.2350       287.1672       288.0684       288.5652       288.2587       287.5623       286.4335       285.4510       284.9496    
 1911   284.5993       285.1655       285.6339       286.6374       287.3188       288.0664       288.3864       288.0603       287.3260       286.0961       285.2224       284.5533    
 1912   284.1565       284.5893       285.3980       286.0111       286.9358       287.8043       288.0634       287.7151       287.0205       285.7408       284.9361       284.3404    
 1913   284.1023       284.4932       285.0361       286.0050       286.8654       287.5328       287.9824       287.8354       287.2820       286.1004       285.0638       284.4636    
 1914   284.4658       284.5840       285.5241       286.2086       287.0248       287.7228       288.3286       287.9785       287.3304       286.1131       285.2082       284.4649    
 1915   284.5579       284.6326       285.4204       286.2145       287.1637       287.9560       288.2882       288.1739       287.2311       286.2359       285.2160       284.4072    
 1916   284.4922       284.9866       285.4411       286.4681       287.1723       288.1635       288.6565       288.3626       287.4945       286.3531       285.3764       284.6877    
 1917   284.7153       284.8844       285.6066       286.5410       287.3802       288.1455       288.4666       288.1846       287.3841       286.2772       285.3288       284.6330    
 1918   284.4067       284.9278       285.3821       286.2147       287.0251       287.9892       288.3245       288.0347       287.4667       286.1841       285.2376       284.6921    
 1919   284.6132       284.6766       285.2101       286.2048       287.2097       287.9668       288.4343       288.1428       287.4441       286.2851       285.1439       284.5807    
 1920   284.6010       284.9930       285.2859       286.1272       287.1952       288.0113       288.2466       288.2528       287.3339       286.3086       285.2051       284.6374    
 1921   284.2536       284.6879       285.4477       286.1923       287.0108       287.7666       288.4897       288.0733       287.3140       286.2313       285.3914       284.7633    
 1922   284.6088       284.7966       285.4593       286.5234       287.2143       288.0342       288.4416       288.1824       287.4043       286.1583       285.3879       284.6854    
 1923   284.5185       285.2103       285.8555       286.4028       287.2191       287.9167       288.3917       288.1249       287.4264       286.2845       285.5287       284.7102    
 1924   284.4333       284.5681       285.4413       286.2785       287.0805       288.0527       288.3840       288.2432       287.3988       286.3098       285.0989       284.5714    
 1925   284.5582       284.7578       285.2643       286.2858       286.9466       287.8054       288.4258       288.1353       287.1641       286.2287       285.3697       284.4141    
 1926   284.2930       284.6649       285.4850       286.1592       287.2190       287.9332       288.3613       288.4197       287.2824       286.1446       285.2386       284.5670    
 1927   284.5216       285.0125       285.7376       286.4695       287.2945       288.1907       288.5932       288.3662       287.5012       286.3541       285.3914       284.6089    
 1928   284.6670       284.8814       285.5298       286.4322       287.3152       288.0356       288.3194       288.1738       287.2184       286.2564       285.2510       284.4492    
 1929   284.5641       284.6711       285.5466       286.1360       287.0870       287.8319       288.2502       288.0138       287.3617       286.3629       285.3676       284.7314    
 1930   284.5555       284.9637       285.5028       286.2310       286.9869       287.8665       288.3004       288.1033       287.4775       286.3070       285.4152       284.7934    
 1931   284.3392       284.9810       285.4381       286.2705       287.2258       287.9226       288.4194       288.2299       287.3662       286.1720       285.2076       284.9229    
 1932   284.9489       284.9911       285.4604       286.1762       287.1492       287.8394       288.3719       288.1099       287.3812       286.3141       285.3275       284.7834    
 1933   284.7747       285.0540       285.4802       286.2909       287.2345       288.0694       288.3117       288.0386       287.2794       286.2106       285.0612       284.4245    
 1934   284.5434       284.4932       285.4697       286.2943       286.8274       287.6043       288.2224       287.8860       287.3017       285.9967       285.0205       284.4164    
 1935   284.5422       284.7639       285.3684       286.1702       287.0965       287.8800       288.2211       288.0843       287.3785       286.3420       285.4305       284.7135    
 1936   284.3914       284.9419       285.3623       286.2182       287.1623       288.0438       288.2974       288.1126       287.3415       286.5167       285.2773       284.6766    
 1937   284.7522       284.7407       285.5279       286.2643       287.2683       288.1629       288.5236       288.2261       287.5491       286.3874       285.3255       284.7071    
 1938   284.7145       285.0042       285.6913       286.3238       287.1990       288.0641       288.4808       288.2197       287.5249       286.4459       285.3422       284.6815    
 1939   284.8075       284.9267       285.4641       286.2610       287.1630       288.0601       288.4775       288.1789       287.3185       286.0823       285.1709       284.5017    
 1940   284.3953       284.8565       285.3342       286.0880       287.0793       287.7100       288.3549       288.0839       287.2523       286.2291       285.0805       284.3740    
 1941   284.4503       284.8774       285.3973       286.2957       287.0544       287.9515       288.4051       288.0378       287.2066       286.1680       285.1930       284.6060    
 1942   284.0626       284.8600       285.5401       286.1454       287.1213       287.8754       288.3637       288.1671       287.2346       286.2398       285.2274       284.5151    
 1943   284.3792       284.7079       285.5961       286.2542       287.1571       288.1757       288.5097       288.1343       287.3670       286.2012       285.3861       284.7097    
 1944   284.8162       284.9301       285.7080       286.2783       287.0673       287.9319       288.3336       288.1317       287.2840       286.1064       285.1453       284.6532    
 1945   284.4808       284.9246       285.4073       286.5131       287.2480       287.8842       288.3077       288.1328       287.3387       286.1290       285.1617       284.6425    
 1946   284.6693       284.9644       285.6619       286.4474       287.1223       287.7477       288.1478       288.1748       287.3098       286.1823       285.2802       284.7413    
 1947   284.7072       284.9806       285.6688       286.1279       287.1222       287.9140       288.2654       288.2190       287.4953       286.3840       285.3312       284.8405    
 1948   284.9154       284.9943       285.4781       286.2598       287.2971       287.9763       288.5035       288.1398       287.4467       286.4268       285.3518       284.7476    
 1949   284.4529       284.8180       285.6368       286.4340       287.3452       288.1649       288.2960       288.3584       287.4090       286.2705       285.2530       284.5840    
 1950   284.2913       284.6871       285.2555       286.2639       286.9774       287.6947       288.3383       287.9385       287.1423       286.0660       285.1610       284.6288    
 1951   284.4559       284.5446       285.2133       286.0177       286.8834       287.7622       288.2558       288.0497       287.2502       286.0894       285.2292       284.6199    
 1952   284.4338       284.6655       285.2755       286.3565       287.2476       287.9793       288.4054       288.1796       287.4593       286.2673       285.3059       284.7230    
 1953   284.4234       284.8635       285.4641       286.3500       287.1669       287.8527       288.2337       288.0969       287.2498       286.1213       285.1792       284.5229    
 1954   284.3920       284.6008       285.3589       286.0077       286.9046       287.7595       288.2596       288.0992       287.4340       286.2454       285.1850       284.5311    
 1955   284.5155       284.8377       285.5045       286.2964       287.0669       287.9815       288.3856       288.1715       287.3552       286.3093       285.0994       284.7137    
 1956   284.5441       284.8228       285.3224       286.3820       287.1991       287.7828       288.3146       288.0747       287.3397       286.2775       285.3013       284.7602    
 1957   284.6133       285.1194       285.7437       286.3557       287.2384       288.0975       288.6099       288.3411       287.4954       286.7040       285.5117       284.7173    
 1958   284.8235       284.9888       286.0565       286.6107       287.5236       288.1878       288.7052       288.4706       287.5835       286.7056       285.7849       284.8651    
 1959   284.8347       284.8895       285.7086       286.5089       287.3327       288.0146       288.4140       288.1791       287.4431       286.3882       285.1633       284.8329    
 1960   284.7513       284.7721       285.1137       286.1935       287.0709       287.8890       288.3976       288.0644       287.3231       286.4456       285.4744       284.6629    
 1961   284.5757       284.8979       285.3255       286.4140       287.2542       287.8920       288.4136       288.2243       287.4067       286.4477       285.4109       284.7896    
 1962   284.9189       284.9077       285.5993       286.3631       287.2325       287.9308       288.5859       288.3131       287.6432       286.4775       285.3831       285.1107    
 1963   284.9336       285.0101       285.7495       286.5768       287.0485       287.8866       288.2661       287.9758       287.2399       286.0458       285.0290       284.4738    
 1964   284.2059       284.6628       285.1551       286.0492       286.8556       287.6572       288.0806       287.7940       287.2618       286.0027       284.9057       284.5038    
 1965   284.3268       284.7179       285.0907       286.1104       287.0592       287.8525       288.3794       288.0182       287.2188       286.2082       285.2477       284.8293    
 1966   284.6073       284.9427       285.4052       286.3014       287.2535       287.9322       288.2789       288.1070       287.3263       286.3360       285.5191       284.7655    
 1967   284.6513       285.0054       285.5182       286.3251       287.1374       287.9448       288.4075       288.1825       287.3867       286.4639       285.4217       284.8055    
 1968   284.6067       284.6814       285.4878       286.2235       287.1880       287.9799       288.2394       287.9992       287.3401       286.1736       285.1951       284.6654    
 1969   284.3391       284.5692       285.5368       286.2239       287.0742       287.9133       288.3221       288.1552       287.4221       286.4507       285.3848       284.6865    
 1970   284.4987       284.9123       285.2538       286.5343       287.3232       287.8703       288.3824       288.2051       287.4997       286.3960       285.5455       284.8889    
 1971   284.7105       284.7614       285.5258       286.2863       287.1191       287.8550       288.2974       288.1707       287.4104       286.3850       285.3397       284.4943    
 1972   284.3743       285.0464       285.5101       286.2110       286.9674       287.8336       288.3641       288.0934       287.3713       286.3265       285.2268       284.9341    
 1973   284.6199       284.9600       285.4357       286.3770       287.2380       288.0081       288.4117       288.1190       287.4420       286.3067       285.2816       284.5727    
 1974   284.5385       284.7545       285.5813       286.2975       287.2672       287.9977       288.2567       288.1928       287.5119       286.4042       285.4074       284.6433    
 1975   284.3300       284.4229       285.3178       286.1501       286.9981       287.8011       288.2751       288.0508       287.3311       286.3162       285.1682       284.4445    
 1976   284.5153       284.8326       285.3427       286.1353       287.0019       287.9750       288.3243       288.0665       287.3316       286.2771       285.3144       284.7386    
 1977   284.7035       284.9727       285.6415       286.3707       287.2415       287.9666       288.2517       288.0894       287.4349       286.3956       285.4559       284.5639    
 1978   284.4992       284.9457       285.4805       286.1399       287.1228       287.8353       288.2339       288.1806       287.3873       286.1516       285.2083       284.6743    
 1979   284.4756       284.8245       285.3932       286.1537       287.1815       287.7763       288.3123       288.0434       287.3352       286.0976       285.1595       284.5089    
 1980   284.6256       284.9684       285.5129       286.2187       287.1962       287.9767       288.6636       288.3186       287.4762       286.4908       285.3441       285.0385    
 1981   284.5960       284.9719       285.6582       286.5803       287.5423       288.3876       288.5559       288.3737       287.5805       286.5250       285.6342       284.8781    
 1982   284.9692       285.3432       285.8255       286.5449       287.3231       288.0033       288.3663       288.2139       287.2638       286.2250       284.9635       284.3428    
 1983   284.2163       284.7074       285.1684       285.8963       286.5407       287.5315       287.9155       287.8574       287.0535       285.9844       284.7776       284.1333    
 1984   284.4351       284.5230       285.0408       285.8333       286.8846       287.6660       288.2133       287.8409       287.2619       286.0680       285.1679       284.6516    
 1985   284.4214       284.7262       285.1828       286.3036       287.0946       287.9387       288.3532       288.1927       287.4193       286.2318       285.1850       284.6283    
 1986   284.3311       284.6907       285.4120       286.2571       287.2257       287.6918       288.0341       287.9590       287.1812       286.0227       284.9633       284.4083    
 1987   284.2116       284.5828       285.0359       285.9740       286.7739       287.6523       288.1682       288.0181       287.1756       286.2932       285.2759       284.5249    
 1988   284.3209       284.4997       285.4090       286.1115       287.0887       287.9256       288.2716       288.1544       287.3214       286.2722       285.2852       284.7581    
 1989   284.7147       284.8730       285.6091       286.4320       287.4537       288.1805       288.4761       288.4484       287.6027       286.3965       285.6278       284.9094    
 1990   284.6832       284.9189       285.6378       286.5218       287.3751       288.0400       288.4913       288.1761       287.4331       286.4619       285.3900       284.8123    
 1991   284.3486       284.8441       285.4019       286.3378       287.1699       287.8925       288.3327       288.1725       287.3073       286.0978       285.0055       284.4455    
 1992   284.1334       284.4354       285.1365       285.9529       286.7010       287.4034       287.9687       287.8556       287.1927       286.2515       285.0457       284.4130    
 1993   284.4602       284.7014       285.4172       286.2345       287.2425       287.7845       288.1020       287.9107       287.2237       286.0755       284.8462       284.2778    
 1994   284.1533       284.4198       285.3760       286.1257       286.8182       287.6970       287.9966       287.8467       287.1801       285.9225       284.7087       284.0940    
 1995   284.3597       284.4377       285.2831       286.2104       286.8631       287.7290       288.3278       288.1414       287.3843       286.2993       285.3243       284.5817    
 1996   284.3647       284.9487       285.4555       286.1750       287.1284       287.9060       288.4142       288.2173       287.3458       286.0773       285.0935       284.6251    
 1997   284.4841       285.0194       285.6100       286.3313       287.0792       288.0294       288.3907       288.1611       287.3620       286.3815       285.3110       284.5117    
 1998   284.2603       284.5910       285.5491       286.1339       287.2770       288.1495       288.4826       288.3351       287.5521       286.4769       285.4141       284.9212    
 1999   284.6329       284.9381       285.6754       286.6452       287.4572       287.9429       288.3070       288.1572       287.5020       286.2706       285.1956       284.6609    
 2000   284.6239       284.8376       285.3821       286.2614       287.1105       287.8924       288.3453       288.0548       287.3373       286.1761       285.1807       284.7074    
 2001   284.4407       284.6656       285.5276       286.3557       287.2278       288.0500       288.4752       288.2786       287.4846       286.2784       285.2852       284.7759    
 2002   285.0055       285.1218       285.5145       286.5877       287.2790       288.1223       288.3830       288.2563       287.4032       286.5117       285.3521       284.8510    
 2003   284.5448       284.9778       285.2040       286.3382       287.2736       288.0749       288.4172       288.2143       287.3469       286.2574       285.3774       284.7508    
 2004   284.6521       284.9174       285.5164       286.2245       287.2956       288.1429       288.4584       288.2036       287.3412       286.3198       285.3163       284.6229    
 2005   284.7473       284.9218       285.3925       286.1812       287.1711       287.9095       288.3525       288.0639       287.4630       286.2247       285.1438       284.6188    
