# <a href=http://cmip-pcmdi.llnl.gov/cmip5/>CMIP5</a> global mean temperature computed at <a href=http://www.knmi.nl/selectfield_cmip5.cgi?someone@somewhere>KNMI Climate Explorer</a> tas_Amon_EC-EARTH_rcp85_r3i1p1
# tas [K] from EC-Earth 2.3 experiment for CMIP5 RCP8.5
# cutting out region lon=   -0.562  359.438, lat=  -89.698   89.698
 1850   283.9283       284.2168       284.9724       285.6016       286.5164       287.3445       287.5741       287.2312       286.6126       285.6506       284.7488       284.1124    
 1851   283.8996       284.5610       285.1790       285.9459       286.5725       287.2076       287.4485       287.3209       286.6620       285.7514       284.7044       284.0301    
 1852   283.9752       284.2642       285.0563       286.0012       286.6790       287.3889       287.5490       287.3292       286.6814       285.7436       284.6136       283.9502    
 1853   283.8277       284.3456       285.0718       285.8370       286.6700       287.2600       287.5472       287.2809       286.6571       285.4834       284.5654       284.0881    
 1854   283.8641       284.3648       284.9584       285.7017       286.4444       287.1902       287.5742       287.3847       286.5653       285.4893       284.6944       284.0490    
 1855   284.1501       284.2234       285.0333       285.8345       286.6152       287.3174       287.5381       287.3109       286.6189       285.5653       284.6386       283.7565    
 1856   283.7184       284.2148       284.7455       285.4460       286.2852       286.8488       287.4099       286.9609       286.2295       285.2745       284.2356       283.6066    
 1857   283.7366       284.0039       284.6465       285.6113       286.3000       287.0070       287.2525       287.1152       286.2630       285.2507       284.2650       283.7906    
 1858   283.6592       284.0779       284.6448       285.6221       286.4462       287.1186       287.3844       287.1068       286.3245       285.3185       284.3334       283.7339    
 1859   283.7694       284.3215       284.8878       285.5849       286.4136       287.1008       287.5124       287.2415       286.5956       285.4275       284.5635       283.8968    
 1860   283.8184       284.5347       285.0127       285.7589       286.6528       287.2620       287.4443       287.2113       286.4423       285.7397       284.5519       284.0498    
 1861   283.9514       284.0322       284.7085       285.7281       286.3244       287.0253       287.3933       287.2235       286.4418       285.4275       284.3762       283.8875    
 1862   283.8589       283.9854       284.8208       285.7570       286.5450       287.1433       287.3963       287.1177       286.4651       285.3110       284.4104       283.7440    
 1863   283.8053       284.2403       284.8422       285.5127       286.3228       287.0436       287.4202       287.0813       286.4691       285.4069       284.4607       283.9431    
 1864   283.6175       284.1687       284.7986       285.7206       286.4182       287.0074       287.4702       287.2589       286.5924       285.5780       284.7003       284.0619    
 1865   283.9627       284.1834       284.8466       285.7365       286.6059       287.2266       287.5242       287.2512       286.4969       285.3141       284.4886       283.8920    
 1866   284.0265       284.2143       284.8511       285.8746       286.5051       287.2786       287.5096       287.1966       286.4832       285.6512       284.5889       283.9873    
 1867   284.0422       284.4402       284.9706       285.9757       286.6815       287.4850       287.6803       287.5169       286.7085       285.7531       284.6650       284.1501    
 1868   284.1307       284.2922       284.9127       285.8006       286.5714       287.1973       287.6242       287.4229       286.6176       285.7102       284.7547       284.2833    
 1869   284.1996       284.4020       285.1240       285.9811       286.7699       287.3819       287.5707       287.3994       286.6029       285.4822       284.4857       284.0039    
 1870   284.0039       284.3755       284.7959       285.7585       286.5858       287.1795       287.4161       287.3103       286.5718       285.4480       284.5768       284.0435    
 1871   283.7547       284.3051       284.9220       285.6753       286.5338       287.1580       287.5147       287.2909       286.4341       285.4692       284.3786       283.8227    
 1872   283.8770       284.2208       284.8832       285.5105       286.3880       287.1145       287.3347       287.1626       286.5625       285.3033       284.5723       284.0255    
 1873   284.2089       284.3732       285.0294       285.7141       286.5995       287.1968       287.5845       287.3994       286.5078       285.6118       284.9117       284.1520    
 1874   284.2177       284.4457       285.2518       285.8430       286.7120       287.3434       287.5309       287.4063       286.5597       285.7969       284.7361       284.0567    
 1875   283.9039       284.3067       285.1541       285.8559       286.6196       287.2134       287.5982       287.4556       286.8278       285.8203       284.8251       284.0335    
 1876   284.0022       284.4238       285.2185       286.0673       286.7899       287.2696       287.4714       287.2584       286.5108       285.6754       284.3528       283.8839    
 1877   283.9842       284.3070       284.9684       285.5110       286.3788       287.1932       287.4677       287.1920       286.4118       285.4725       284.5231       283.9184    
 1878   283.8589       284.2670       284.8233       285.6936       286.5277       287.2111       287.4721       287.2822       286.6234       285.5670       284.6439       284.1118    
 1879   284.1465       284.5314       285.1708       286.0544       286.8705       287.5421       287.7112       287.2957       286.6259       285.7315       284.7744       284.0874    
 1880   283.8693       284.3351       285.1506       285.7943       286.5156       287.1411       287.6099       287.2441       286.4766       285.4384       284.4899       283.9344    
 1881   284.2286       284.5425       285.0893       285.7818       286.6056       287.0909       287.4959       287.2349       286.6004       285.6407       284.6787       284.2459    
 1882   284.2534       284.5063       285.2445       285.9616       286.6708       287.2905       287.6452       287.3561       286.5858       285.6407       284.6881       283.8846    
 1883   283.9879       284.1948       284.8586       285.5951       286.5215       287.1587       287.5952       287.2936       286.5813       285.6494       284.4846       283.7583    
 1884   283.5936       284.1810       284.7009       285.4628       286.1887       286.8191       287.2277       286.8098       286.1367       285.0258       284.1389       283.4808    
 1885   283.4735       283.8724       284.7118       285.3005       286.1480       286.8423       287.2209       286.9714       286.4507       285.2593       284.3344       283.9449    
 1886   284.0503       284.3026       284.7679       285.7104       286.5188       287.1476       287.4760       287.3095       286.4918       285.4658       284.3907       283.4713    
 1887   283.5764       284.1299       284.9735       285.8142       286.6147       287.2597       287.4778       287.0758       286.4460       285.4174       284.6445       283.5830    
 1888   283.6828       284.1136       284.8030       285.5065       286.3033       287.1913       287.3927       287.1638       286.1516       285.1423       284.1355       283.6475    
 1889   283.6791       284.0832       284.6762       285.4904       286.3596       286.9380       287.2731       287.0735       286.3297       285.2068       284.1911       283.6657    
 1890   283.7536       284.1116       284.7678       285.5826       286.2724       286.9156       287.1613       286.8935       286.0948       285.2366       284.1386       283.4932    
 1891   283.4992       283.9805       284.6075       285.3739       286.1323       286.8204       287.2263       287.0450       286.2697       285.3520       284.3564       283.6421    
 1892   283.5466       284.0422       284.7624       285.5820       286.2168       287.0198       287.2849       287.0446       286.3864       285.1829       284.3602       283.7275    
 1893   284.0785       284.2596       284.9207       285.6122       286.4905       287.1308       287.3665       287.2609       286.4594       285.3639       284.4163       284.1033    
 1894   284.0372       284.2878       285.0200       285.8793       286.6614       287.2674       287.6729       287.5653       286.6136       285.5244       284.5881       284.1136    
 1895   283.8625       284.1844       284.8392       285.6259       286.5647       287.2375       287.6459       287.4377       286.4482       285.6687       284.6292       284.0789    
 1896   283.7776       284.4029       284.9999       285.8526       286.6593       287.3837       287.6567       287.2837       286.6411       285.5262       284.6061       283.9756    
 1897   283.9584       284.3604       284.9459       285.8076       286.6754       287.3746       287.5896       287.2476       286.6458       285.5166       284.7104       283.9734    
 1898   283.9663       284.4108       284.7858       285.7718       286.5705       287.1990       287.5512       287.4675       286.7321       285.4870       284.5948       283.9978    
 1899   283.7492       284.3419       285.0653       285.9411       286.5817       287.3333       287.6768       287.3709       286.6092       285.5381       284.6211       283.9630    
 1900   283.7564       284.1113       284.9393       285.9465       286.5522       287.2202       287.5810       287.4239       286.5796       285.5312       284.5959       283.8515    
 1901   284.0456       284.2450       284.7971       285.6837       286.5253       287.2913       287.6682       287.4741       286.6392       285.5752       284.5119       283.7715    
 1902   283.7998       284.2750       284.9837       285.7612       286.6980       287.4518       287.6619       287.4748       286.6972       285.6837       284.5698       283.9888    
 1903   283.8908       284.2428       284.9108       285.6591       286.3315       287.0400       287.4122       287.1203       286.3458       285.2727       284.3664       283.5875    
 1904   283.5521       284.0752       284.7008       285.6216       286.3901       287.1421       287.4975       287.2931       286.3612       285.3274       284.3389       283.8885    
 1905   283.7770       284.1911       284.9686       285.6855       286.3922       287.1975       287.5694       287.3524       286.5827       285.4908       284.4534       283.9535    
 1906   283.8096       283.8504       284.7735       285.6986       286.6558       287.2884       287.5756       287.4508       286.6786       285.5370       284.5041       283.7361    
 1907   283.8660       284.3264       284.9023       285.7108       286.4709       287.2532       287.4907       287.3146       286.6898       285.6599       284.7527       284.0314    
 1908   283.8517       284.4196       285.0815       285.8699       286.6148       287.3722       287.6923       287.4415       286.7141       285.6187       284.7462       284.0757    
 1909   283.6311       284.1525       284.8336       285.6741       286.5480       287.3960       287.6761       287.4397       286.5594       285.7607       284.6660       283.9917    
 1910   283.8223       284.2052       284.8093       285.8496       286.7884       287.3582       287.8076       287.4915       286.7860       285.7211       284.4783       283.9093    
 1911   284.0469       284.5077       285.0794       285.9067       286.6807       287.4966       287.7725       287.6393       286.8798       285.6642       284.6361       284.0895    
 1912   284.0173       284.3616       284.9870       285.9121       286.7206       287.3184       287.6410       287.2830       286.5319       285.5310       284.4328       283.9227    
 1913   283.8870       284.2542       284.9784       285.8586       286.4574       287.0823       287.4111       287.2567       286.3480       285.3013       284.1512       283.7549    
 1914   283.7948       284.2785       284.7240       285.5862       286.4055       287.1733       287.4874       287.2724       286.5676       285.4516       284.6696       283.9435    
 1915   284.0277       284.4897       285.1880       285.9308       286.5409       287.2686       287.6733       287.2571       286.5245       285.4977       284.6828       284.1432    
 1916   284.0545       284.4690       285.0406       285.8908       286.6833       287.3117       287.6251       287.2333       286.3946       285.5741       284.5463       284.0072    
 1917   283.8832       284.4773       284.9597       285.9234       286.8049       287.3376       287.5696       287.4064       286.6972       285.7385       284.8894       284.2676    
 1918   284.3101       284.8311       285.3102       286.1788       286.9583       287.6148       287.7736       287.5197       286.7437       285.8768       284.9787       284.2607    
 1919   284.1931       284.4532       285.2265       285.9590       286.6211       287.2738       287.7509       287.5009       286.6385       285.6861       284.6716       284.1254    
 1920   284.1236       284.4271       284.8624       285.7332       286.4668       287.2459       287.6884       287.4184       286.5436       285.7501       284.7034       283.9763    
 1921   284.3111       284.3992       285.1475       285.9403       286.6764       287.4060       287.7778       287.5029       286.8355       285.7670       284.8170       284.2406    
 1922   284.0630       284.4514       284.9799       285.7962       286.6750       287.2964       287.7626       287.4511       286.5964       285.6042       284.5054       284.1266    
 1923   284.0871       284.3385       284.8835       285.9610       286.6366       287.3138       287.5718       287.2220       286.5060       285.6877       284.8027       284.1224    
 1924   284.0274       284.5457       285.0969       285.8188       286.5138       287.2010       287.5096       287.3176       286.6661       285.6636       284.5023       284.0289    
 1925   284.2001       284.4102       284.9791       285.8313       286.7625       287.2983       287.6854       287.5235       286.8331       285.8002       284.7696       284.2507    
 1926   284.3763       284.5125       285.2916       285.9694       286.6420       287.3965       287.6739       287.5237       286.8522       285.8596       284.8416       284.2831    
 1927   284.3023       284.8725       285.3505       285.9735       286.7776       287.4837       287.8524       287.5223       286.9077       285.9049       284.8543       284.4850    
 1928   284.1575       284.5276       285.1410       286.0264       286.8014       287.5047       287.7607       287.4638       286.8131       285.8581       284.7896       284.0610    
 1929   284.0457       284.7125       285.2221       286.0248       286.8131       287.4432       287.7994       287.5951       286.9484       285.9380       284.8598       284.2381    
 1930   284.3076       284.6859       285.2159       286.0860       286.8907       287.5325       287.8411       287.7373       286.8744       286.0020       284.9015       284.1091    
 1931   284.2539       284.7728       285.3316       286.2712       286.9541       287.4427       287.8573       287.5964       286.8964       285.7871       284.8495       284.1298    
 1932   284.0085       284.4794       284.9406       285.9473       286.8070       287.4196       287.7628       287.5444       286.7261       285.7607       284.8212       284.3089    
 1933   284.0864       284.3451       284.8991       285.9528       286.6624       287.3434       287.7054       287.5037       286.8371       285.7022       284.8032       284.2293    
 1934   284.0344       284.3960       285.1631       286.0465       286.7993       287.5567       287.7982       287.5050       286.8295       285.6598       284.8747       284.2112    
 1935   283.9669       284.3656       284.8527       285.7964       286.7801       287.3018       287.7843       287.5954       286.8107       285.8633       284.7043       284.1294    
 1936   283.9003       284.3909       285.0598       286.0038       286.7455       287.4431       287.7870       287.5885       286.8270       285.7536       284.7652       284.2893    
 1937   284.1069       284.3629       285.1180       285.9670       286.7361       287.4548       287.7633       287.5246       286.7216       285.7529       284.7417       284.1135    
 1938   284.0022       284.5004       285.1372       285.9025       286.7740       287.4401       287.7557       287.5318       286.8172       285.8661       284.9376       284.2641    
 1939   284.2935       284.6717       285.0065       286.0285       286.6733       287.5580       287.9255       287.6905       286.8628       285.9074       284.7316       284.1978    
 1940   284.1216       284.5878       285.2274       286.0477       286.8150       287.5302       287.8625       287.6210       286.7982       285.8216       284.8375       284.3542    
 1941   284.5410       284.7032       285.4040       286.1460       286.8795       287.5589       287.9149       287.7435       287.0045       285.8936       284.9278       284.5996    
 1942   284.4294       284.8551       285.3518       286.1099       286.9108       287.6113       287.9617       287.6200       287.0380       285.9122       284.8635       284.1477    
 1943   284.0871       284.5876       285.3064       286.0271       286.9056       287.5216       287.7225       287.6057       286.9614       285.9006       284.9023       284.1763    
 1944   284.1054       284.4518       284.9640       285.8698       286.7754       287.3934       287.7237       287.5073       286.9168       285.9910       284.9655       284.6967    
 1945   284.3771       284.6701       285.4446       286.0060       286.9676       287.6024       287.8674       287.4494       286.6664       285.6893       284.6732       284.2007    
 1946   284.0590       284.2918       285.1440       286.0476       286.7701       287.5438       287.7289       287.4566       286.7420       285.7115       284.8425       284.3001    
 1947   284.2215       284.4535       285.2972       286.2173       286.9012       287.5745       287.8606       287.5969       286.8351       285.8842       284.7751       284.2083    
 1948   284.2704       284.5334       285.1159       286.0007       286.7667       287.4492       287.8708       287.6751       286.8375       285.8610       284.8054       284.2443    
 1949   284.2211       284.8447       285.1994       286.1823       286.9870       287.7197       288.0595       287.7805       287.0662       286.0458       284.7544       284.2137    
 1950   283.9666       284.4819       285.1975       286.0717       286.8642       287.4577       287.8581       287.6279       286.7448       285.9136       284.9450       284.4578    
 1951   284.5523       284.8391       285.4221       286.1650       287.0208       287.6211       287.7912       287.6358       287.0142       286.0005       285.0274       284.2027    
 1952   284.0682       284.6770       285.3961       286.2496       287.0381       287.5255       287.8724       287.6115       286.8890       285.8755       284.8718       284.3192    
 1953   284.1440       284.7523       285.1393       286.0944       286.7773       287.5741       287.7867       287.3715       286.6860       285.8745       284.9408       284.5482    
 1954   284.3751       284.8004       285.4756       286.3882       286.9377       287.4174       287.7839       287.6010       286.9902       285.9037       284.9168       284.3010    
 1955   284.2557       284.7144       285.4993       286.2388       287.0916       287.7391       287.8867       287.8187       286.9957       286.0750       285.1192       284.4691    
 1956   284.4602       284.7324       285.4000       286.1864       286.9471       287.6169       287.9326       287.6507       286.8041       286.0057       284.9162       284.4287    
 1957   284.3235       284.4908       285.3957       286.1707       286.9167       287.5890       287.8992       287.6116       287.0436       285.9117       284.9038       284.2706    
 1958   284.0615       284.5230       285.2220       286.0658       286.7895       287.5017       287.7491       287.5307       286.8207       285.8249       284.7739       284.2480    
 1959   284.1866       284.5876       285.2870       285.9730       286.7783       287.4445       287.8333       287.5101       286.8070       285.7874       284.7529       284.1486    
 1960   284.0694       284.5089       285.2927       285.9579       286.8126       287.5413       287.8289       287.5477       286.8831       285.7363       284.7854       284.2697    
 1961   284.3972       284.6767       285.0805       286.1692       286.9673       287.5434       287.9291       287.6607       287.0049       285.8881       284.8994       284.3195    
 1962   284.2197       284.7588       285.3984       286.0953       286.7738       287.4350       287.8417       287.5210       286.9586       285.8156       284.9117       284.4376    
 1963   284.1092       284.3268       285.3159       286.1640       286.7705       287.5544       287.8456       287.5480       286.7127       285.7533       284.7665       284.2144    
 1964   284.0256       284.5599       285.1184       285.8831       286.5788       287.3642       287.7327       287.4960       286.7216       285.8477       284.7895       284.2000    
 1965   284.2531       284.5121       285.0673       285.9639       286.7635       287.4955       287.8487       287.5794       286.7522       285.7665       284.7101       283.9275    
 1966   283.9316       284.6162       285.2626       286.0711       286.7652       287.3409       287.7421       287.6445       286.7341       285.7793       284.6951       284.3353    
 1967   284.0595       284.7209       285.0427       286.0182       286.8612       287.5881       287.8539       287.4325       286.8225       285.8566       284.9002       284.4456    
 1968   284.3540       284.6559       285.4144       286.0757       286.9255       287.4384       287.8647       287.6065       286.9223       285.8758       284.7850       284.2427    
 1969   284.0390       284.5879       285.2261       285.9101       286.6681       287.3857       287.6832       287.4942       286.7975       285.8300       284.6652       284.0869    
 1970   283.8011       284.4324       285.1356       285.9142       286.7561       287.4640       287.8431       287.5594       286.6991       285.7756       284.7980       284.2094    
 1971   284.0803       284.5664       285.0802       285.6819       286.5834       287.3124       287.8373       287.5933       286.8023       285.8969       284.6882       284.1380    
 1972   284.2338       284.9621       285.4254       286.2008       287.1476       287.7761       287.9871       287.8318       287.0980       286.1070       285.0785       284.5751    
 1973   284.1651       284.6700       285.2528       286.2588       287.1577       287.7623       288.0586       287.7567       287.0050       285.9128       284.9672       284.2952    
 1974   284.2147       284.6061       285.1455       286.2185       286.8877       287.6131       287.9108       287.5997       286.9736       285.9068       284.8727       284.4402    
 1975   284.3010       284.7375       285.2427       286.2371       286.9124       287.7541       288.0169       287.8779       287.1945       286.1035       285.1522       284.3911    
 1976   284.5393       285.0716       285.5067       286.3128       287.0851       287.7709       288.1713       287.8826       287.1089       286.0302       285.1779       284.2821    
 1977   284.5499       284.8075       285.3887       286.0833       286.9311       287.7380       288.1828       287.8417       287.1953       285.9672       285.0850       284.5602    
 1978   284.4108       284.7398       285.4146       286.3438       287.2259       287.9350       288.2085       287.9884       287.1629       286.0264       285.0784       284.4661    
 1979   284.4598       284.7675       285.4131       286.0464       287.1064       287.8544       288.1383       287.8269       287.1606       286.1085       285.2527       284.5835    
 1980   284.3013       284.8403       285.2917       286.2701       287.1195       287.7130       288.0506       287.7878       287.0129       285.9411       284.9871       284.5271    
 1981   284.3688       284.6263       285.4629       286.3555       287.2027       287.8447       288.1738       287.9267       287.0963       286.0568       285.1064       284.6497    
 1982   284.4870       284.6362       285.5122       286.4108       287.1485       287.8658       288.0345       287.7576       287.0960       286.0794       285.1767       284.5388    
 1983   284.5757       284.8365       285.5620       286.3558       287.0336       287.7254       287.9762       287.8664       287.0381       286.0301       285.1464       284.5842    
 1984   284.6474       284.8640       285.5706       286.3419       287.2527       287.8487       288.0811       287.8280       286.9667       286.1798       285.3085       284.5920    
 1985   284.3577       284.8560       285.5006       286.3855       287.2110       287.7625       288.1355       287.8961       287.1600       286.1489       285.2277       284.7086    
 1986   284.4934       284.8422       285.5734       286.3216       287.0188       287.8473       288.0526       287.8415       287.0721       286.0461       285.2522       284.7644    
 1987   284.4563       285.0126       285.7046       286.4476       287.2031       287.8348       288.2130       287.9213       287.2544       286.4005       285.4875       284.5235    
 1988   284.5539       284.9078       285.7437       286.6106       287.3307       288.1567       288.3617       288.0782       287.2927       286.3634       285.4903       284.9239    
 1989   284.6998       285.1349       285.6522       286.5994       287.3682       288.0256       288.3859       288.0676       287.2719       286.4294       285.4077       284.7886    
 1990   284.6595       285.2444       285.6694       286.4516       287.3187       287.9955       288.2776       288.0440       287.3937       286.3221       285.6097       284.9264    
 1991   284.7461       284.9982       285.6628       286.5280       287.2007       287.9401       288.2751       288.0306       287.3189       286.3146       285.4166       284.6201    
 1992   284.4089       284.8800       285.5024       286.2396       287.1087       287.7225       288.0411       287.8148       287.0577       286.0771       285.0742       284.4174    
 1993   284.3727       284.9655       285.3496       286.1612       287.0279       287.8014       287.9921       287.9322       287.2197       286.2696       285.2481       284.6846    
 1994   284.3586       285.0278       285.6080       286.3224       287.3035       287.8513       288.2715       288.1694       287.2553       286.3441       285.2951       284.7566    
 1995   284.5486       285.0291       285.6988       286.5375       287.3159       287.9066       288.3079       287.9012       287.2507       286.4373       285.1958       284.6464    
 1996   284.5315       284.8440       285.5032       286.4222       287.2583       287.8460       288.1853       288.0381       287.2846       286.2430       285.3694       284.7111    
 1997   284.7940       285.2611       285.6564       286.6086       287.3047       287.9350       288.0957       288.0862       287.4244       286.4609       285.4185       284.8711    
 1998   284.9832       285.3139       285.8983       286.6422       287.5586       288.1540       288.4401       288.0704       287.4281       286.3892       285.5241       284.8417    
 1999   284.8304       285.1036       285.7952       286.6793       287.4981       288.0033       288.3440       288.1945       287.5450       286.5237       285.5737       285.0008    
 2000   284.8056       285.5665       285.9330       286.8060       287.5388       288.1729       288.4886       288.2957       287.4807       286.4077       285.4027       284.8787    
 2001   284.8290       285.2740       285.9055       286.7022       287.5507       288.2992       288.5166       288.1812       287.4855       286.4936       285.5107       284.8837    
 2002   284.8062       285.1140       285.7022       286.6541       287.4186       288.0554       288.3409       288.0345       287.4702       286.4814       285.5501       285.0057    
 2003   285.0313       285.4400       285.9892       286.7819       287.4475       288.0905       288.5175       288.2281       287.4527       286.5492       285.8040       285.1403    
 2004   284.7577       285.2048       286.1266       286.9745       287.6442       288.3481       288.5988       288.3721       287.6119       286.5904       285.6545       284.9451    
 2005   284.8589       285.1554       285.8957       286.7768       287.5092       288.2110       288.5362       288.2527       287.5640       286.5910       285.4384       284.9464    
 2006   284.9122       285.2637       285.8425       286.6898       287.4405       288.1523       288.4926       288.3752       287.4184       286.4289       285.6485       285.0615    
 2007   284.8654       285.1415       285.8954       286.8214       287.5262       288.0775       288.4049       288.4010       287.7212       286.7482       285.7943       285.1694    
 2008   284.9871       285.2537       285.9120       286.7448       287.5685       288.2648       288.4682       288.2911       287.5638       286.7008       285.7672       285.1148    
 2009   285.1288       285.6910       286.2430       287.1075       287.8984       288.4341       288.7067       288.4326       287.7103       286.9578       286.0075       285.3614    
 2010   285.2745       285.6282       286.1420       286.8741       287.5912       288.3066       288.6306       288.4496       287.8132       286.7514       285.8289       285.1492    
 2011   285.2755       285.4091       286.1760       286.7839       287.6968       288.3628       288.7469       288.4753       287.6932       286.9716       286.0376       285.4334    
 2012   285.2673       285.7943       286.2234       286.9723       287.8361       288.4678       288.6237       288.3529       287.7701       286.7823       285.9710       285.3298    
 2013   285.1904       285.6721       286.2824       287.1748       287.8532       288.4765       288.6678       288.4034       287.8127       286.9554       286.0247       285.3158    
 2014   285.1622       285.6700       286.2738       287.1222       287.7766       288.3359       288.6651       288.4622       287.8197       287.0433       286.0283       285.3531    
 2015   285.3673       285.6978       286.3814       287.0805       287.8141       288.4966       288.8280       288.5397       287.8293       286.9836       285.7749       285.2494    
 2016   285.2939       285.4183       286.3800       287.0892       287.7917       288.4534       288.7510       288.6653       288.0428       286.9886       286.0995       285.2707    
 2017   285.2566       285.6029       286.2855       287.0778       287.9070       288.5176       288.9129       288.6541       287.9653       286.9466       285.9398       285.3713    
 2018   285.4538       285.8180       286.4050       287.0911       287.9014       288.6261       288.8719       288.7767       287.9921       287.0176       286.1703       285.5535    
 2019   285.2179       285.6554       286.3788       287.2875       288.0618       288.7117       289.0323       288.7755       287.7962       287.1341       286.1553       285.4696    
 2020   285.2416       285.7739       286.1907       287.1228       287.8525       288.4731       288.7013       288.5051       287.9259       286.9717       286.1918       285.5123    
 2021   285.4702       285.7403       286.3484       287.1195       287.9043       288.6359       288.8841       288.5811       288.0084       286.9696       286.0690       285.5019    
 2022   285.3679       285.9333       286.3157       287.1038       287.8962       288.5910       288.9518       288.7021       287.9103       286.9935       285.9313       285.3703    
 2023   285.4637       285.7714       286.3631       287.2549       287.9670       288.6696       288.9621       288.6659       287.8996       287.1335       286.2244       285.5302    
 2024   285.2873       285.6977       286.4042       287.1350       287.8784       288.6350       288.8573       288.6339       287.9868       287.0307       286.2357       285.5894    
 2025   285.4375       285.8685       286.4136       287.3655       287.9796       288.6285       288.9985       288.7238       287.9835       287.2375       286.4396       285.8488    
 2026   285.8075       286.0353       286.4280       287.2995       288.1267       288.7950       289.1585       288.8714       288.2414       287.2788       286.4367       285.9690    
 2027   285.6394       285.9535       286.5452       287.3661       287.9585       288.6089       289.0129       288.8417       288.2048       287.1964       286.2086       285.6436    
 2028   285.5915       285.8065       286.3652       287.5539       288.1805       288.9064       289.0550       289.0058       288.2301       287.3619       286.4406       285.7369    
 2029   285.5373       286.1322       286.8856       287.6462       288.3488       289.0971       289.2360       288.8582       288.4502       287.5429       286.6334       285.7835    
 2030   285.6800       286.3181       286.8420       287.7032       288.4152       289.0219       289.3116       289.0378       288.2729       287.3550       286.3578       285.7628    
 2031   285.6514       286.0992       286.5771       287.2977       288.0099       288.6596       289.1277       288.9261       288.0941       287.2831       286.4156       285.6885    
 2032   285.5074       286.0834       286.6298       287.4290       288.1473       288.7413       289.0277       288.8233       288.1508       287.3723       286.5085       285.9127    
 2033   285.7754       286.1085       286.6067       287.4142       288.2202       288.8210       289.1899       289.0463       288.4007       287.4287       286.4967       285.9770    
 2034   285.8114       286.2142       286.8309       287.5711       288.3413       289.0267       289.2878       289.0896       288.3553       287.5797       286.7150       285.9121    
 2035   285.9525       286.1884       286.7931       287.5717       288.3529       289.1440       289.2677       289.0194       288.4738       287.6585       286.5411       286.0115    
 2036   285.6815       286.1177       286.7511       287.5790       288.3992       288.8740       289.2844       288.9655       288.3601       287.4132       286.4971       285.9748    
 2037   285.7474       286.0930       286.7828       287.4944       288.1585       288.8135       289.1078       289.0197       288.2909       287.3917       286.4069       285.8911    
 2038   285.7560       285.9634       286.6685       287.4369       288.1195       288.7775       289.3023       289.0023       288.3735       287.4416       286.4384       285.9215    
 2039   285.9293       286.2776       286.9207       287.7553       288.4213       289.0748       289.4816       289.2510       288.4609       287.4502       286.6828       285.9846    
 2040   285.9482       286.2660       286.8098       287.8110       288.5713       289.0749       289.4650       289.3368       288.7833       287.7547       286.8263       286.0294    
 2041   286.1920       286.7729       287.4279       288.0173       288.6019       289.2275       289.6302       289.3045       288.6655       287.8396       286.7702       286.1960    
 2042   286.1280       286.3135       286.9585       287.7361       288.5572       289.2272       289.5842       289.2659       288.6440       287.6477       286.6012       286.0494    
 2043   286.1133       286.5753       287.0707       287.9016       288.5194       289.2198       289.4665       289.3118       288.6964       287.8252       286.8283       286.2300    
 2044   286.0828       286.4353       287.0263       287.8732       288.5735       289.2626       289.4871       289.3136       288.7182       287.9071       287.0655       286.1972    
 2045   286.2396       286.4436       287.2393       287.9838       288.7053       289.3827       289.7208       289.5273       288.7759       287.9028       287.2061       286.2831    
 2046   286.0388       286.5888       287.3516       288.0476       288.6557       289.3277       289.5277       289.5119       288.8049       288.0063       287.0542       286.2121    
 2047   286.1628       286.4796       287.1683       288.0750       288.6370       289.2433       289.6414       289.3779       288.6903       287.8994       287.0869       286.5028    
 2048   286.4294       286.8921       287.4236       288.1200       288.9249       289.5569       289.9519       289.6018       288.9084       288.0898       287.3022       286.7169    
 2049   286.6119       287.0930       287.6289       288.5617       289.1509       289.8358       290.0903       289.9743       289.1158       288.2141       287.2644       286.7469    
 2050   286.4028       286.6921       287.2775       288.1587       288.7942       289.4770       289.8751       289.5595       288.8515       288.1277       287.1523       286.4503    
 2051   286.3007       286.6191       287.2495       287.9656       288.8267       289.3795       289.6276       289.5100       288.9164       288.0946       287.2021       286.4434    
 2052   286.3979       286.6621       287.1840       287.9836       288.7773       289.3951       289.8393       289.7464       288.8875       288.2926       287.3714       286.7898    
 2053   286.6509       286.9186       287.5145       288.3147       289.1139       289.6720       290.0155       289.7379       289.1828       288.3659       287.4885       286.7869    
 2054   286.6385       286.9112       287.7083       288.2880       289.0149       289.6601       289.9316       289.7654       289.1742       288.3745       287.4427       286.8764    
 2055   286.7838       287.1553       287.6210       288.3168       289.0103       289.6208       289.8967       289.7470       289.0999       288.2281       287.4344       286.8532    
 2056   286.6123       286.8607       287.5914       288.4372       289.0597       289.7562       289.9926       289.7897       289.1195       288.2924       287.2515       286.6810    
 2057   286.6646       286.9093       287.3861       288.1008       289.1500       289.7905       289.9835       289.7974       289.2722       288.3975       287.5638       286.7734    
 2058   286.8289       287.1817       287.8161       288.4803       289.3308       289.9553       290.2551       290.0551       289.4408       288.5048       287.8462       286.9799    
 2059   287.1022       287.4660       287.8543       288.5878       289.3661       290.1366       290.2816       290.2229       289.4895       288.5623       287.7883       287.1057    
 2060   286.8464       287.2941       287.8177       288.7057       289.3443       289.8792       290.1292       289.9612       289.4536       288.5608       287.6870       287.2195    
 2061   286.9706       287.2696       287.8560       288.7264       289.2697       289.9608       290.3516       289.9941       289.5873       288.6445       287.7861       286.9816    
 2062   287.1085       287.3142       287.9393       288.7396       289.5455       290.1935       290.4187       290.1499       289.5641       288.6845       288.0885       287.3821    
 2063   287.1149       287.4562       288.0635       288.9943       289.6190       290.2335       290.5515       290.1357       289.5532       288.7109       288.0157       287.2664    
 2064   287.0326       287.4055       287.9813       288.5515       289.2852       289.9452       290.1499       290.1382       289.4952       288.6787       287.8616       287.3900    
 2065   287.0978       287.4819       288.0221       288.7865       289.5112       290.2713       290.5178       290.3669       289.7753       289.0583       288.2039       287.4446    
 2066   287.1606       287.5151       288.0432       288.8719       289.5855       290.2348       290.4990       290.4283       289.7899       288.8793       288.0640       287.5919    
 2067   287.4410       287.7076       288.2476       288.9872       289.6803       290.3895       290.7701       290.4675       289.9382       289.0754       288.3058       287.4992    
 2068   287.3938       287.7171       288.2312       289.1041       289.5591       290.1489       290.5068       290.5464       289.6892       288.9511       288.2126       287.5835    
 2069   287.4486       287.7412       288.2477       288.9757       289.6475       290.2724       290.6274       290.5217       289.8196       289.0615       288.3338       287.7670    
 2070   287.7304       287.8491       288.3847       289.1938       289.9197       290.5325       290.9243       290.7254       290.0210       289.3706       288.3335       287.8788    
 2071   287.7697       288.0363       288.5388       289.2332       289.9601       290.4733       291.0368       290.7821       290.1084       289.3643       288.4523       288.0423    
 2072   287.7060       287.7327       288.6107       289.2895       289.8737       290.4802       290.7778       290.6264       290.0955       289.2791       288.3561       287.7002    
 2073   287.4686       287.7582       288.5072       289.1650       289.8474       290.4081       290.7810       290.4444       289.7835       289.0146       288.2168       287.5131    
 2074   287.6007       287.7400       288.2725       289.0332       289.6932       290.3034       290.6575       290.5309       289.9950       289.1073       288.4171       287.6715    
 2075   287.7552       287.9887       288.2919       289.0088       289.8287       290.3633       290.8617       290.7820       290.0244       289.1386       288.3412       287.9069    
 2076   287.6696       288.0390       288.5879       289.2510       289.9761       290.5909       290.8324       290.6178       290.2056       289.3445       288.5495       288.0913    
 2077   287.8151       287.9232       288.5563       289.2988       290.0237       290.5438       290.9255       290.7795       289.9940       289.2400       288.5762       288.1065    
 2078   287.9941       288.1909       288.5963       289.4239       290.0563       290.8513       291.1222       291.0016       290.2586       289.4964       288.7907       288.2630    
 2079   288.1215       288.3492       288.9238       289.7245       290.2493       290.9274       291.3917       291.3462       290.7214       289.7981       289.1113       288.4850    
 2080   288.3966       288.8102       289.4511       289.9880       290.5600       291.2809       291.4972       291.2750       290.4383       289.6534       288.7818       288.3087    
 2081   288.0923       288.1057       288.7799       289.4213       290.0544       290.6541       291.1055       290.8230       290.2918       289.3599       288.5828       288.0994    
 2082   288.0637       288.2568       288.8319       289.5270       290.1666       290.7556       291.0698       290.9261       290.3997       289.3676       288.5580       288.2366    
 2083   288.1562       288.1831       288.5864       289.4254       290.2162       290.8248       291.2267       291.0985       290.5647       289.7558       288.8949       288.4879    
 2084   288.2336       288.3258       289.0454       289.6707       290.3468       291.0255       291.3847       291.1278       290.5321       289.9183       289.0425       288.5345    
 2085   288.5374       288.6356       289.1830       290.0933       290.6069       290.9706       291.4778       291.3660       290.6489       289.9731       289.1600       288.6086    
 2086   288.4770       288.6618       289.1107       289.8596       290.4850       291.1232       291.4545       291.3340       290.7646       290.0054       289.0948       288.5994    
 2087   288.5420       288.6707       289.1912       289.8430       290.4561       291.1405       291.3552       291.2059       290.5726       289.8695       289.1010       288.5340    
 2088   288.3687       288.5139       288.9374       289.7182       290.5291       291.1458       291.3106       291.2475       290.7838       290.0090       289.3167       288.7584    
 2089   288.5730       288.8386       289.4509       289.8621       290.6479       291.2588       291.7562       291.6600       290.9856       290.2281       289.4816       288.8897    
 2090   288.7879       289.1664       289.7508       290.5270       291.0186       291.6812       292.0277       291.6582       291.0885       290.1848       289.4549       288.8818    
 2091   288.7094       288.9146       289.4146       290.0325       290.7896       291.3198       291.7338       291.4590       290.8174       290.0092       289.2755       288.7265    
 2092   288.7423       288.8024       289.2804       290.2063       290.8828       291.4449       291.6393       291.6132       290.8462       289.9932       289.2976       288.8412    
 2093   288.6485       288.7643       289.2413       289.9518       290.6503       291.3040       291.7173       291.5455       290.8711       290.0610       289.3268       288.7746    
 2094   288.8458       289.1552       289.6676       290.4613       290.9088       291.5645       291.9486       291.8945       291.1721       290.3807       289.5541       289.1064    
 2095   288.9857       289.0777       289.6555       290.4562       291.0068       291.6943       292.1003       291.9761       291.3344       290.3942       289.6656       289.1767    
 2096   289.1724       289.3513       289.4767       290.3862       290.9562       291.5999       291.9310       291.7149       291.0417       290.1639       289.5053       289.0492    
 2097   288.8057       289.0039       289.4342       290.1593       290.7005       291.4242       291.9020       291.5625       291.1090       290.1302       289.3375       288.8764    
 2098   288.8110       289.0035       289.4825       290.1648       290.9185       291.5930       291.8653       291.7245       291.2079       290.3043       289.6736       289.0036    
 2099   289.0344       289.1356       289.6922       290.2407       290.9669       291.5384       292.0328       292.0087       291.3451       290.3865       289.5997       289.1427    
 2100   289.1039       289.3551       289.7581       290.5161       291.1395       291.5971       292.0913       291.8623       291.2514       290.5537       289.5503       289.0826    
