# <a href=http://cmip-pcmdi.llnl.gov/cmip5/>CMIP5</a> global mean temperature computed at <a href=http://www.knmi.nl/selectfield_cmip5.cgi?someone@somewhere>KNMI Climate Explorer</a> tas_Amon_CESM1-CAM5_rcp60_r1i1p1
# tas [K] from CESM1-CAM5 model output prepared for CMIP5 RCP6 r1i1p1
# cutting out region lon=   -0.625  359.375, lat=  -90.000   90.000
 1850   284.1816       284.4612       285.2125       286.3055       287.2871       287.9937       288.2484       287.9840       287.2574       286.0028       285.0201       284.3565    
 1851   284.2852       284.5253       285.4694       286.4384       287.2357       287.9586       288.3205       288.2928       287.3339       286.1859       285.0933       284.5962    
 1852   284.3808       284.7181       285.3723       286.3405       287.2019       287.9314       288.3321       288.1018       287.2773       286.2437       285.2490       284.4007    
 1853   284.2972       284.5713       285.3988       286.3088       287.2753       288.1368       288.3840       288.2177       287.3609       286.2034       285.2492       284.5591    
 1854   284.4870       284.8706       285.5827       286.3933       287.2770       287.8775       288.2010       288.0313       287.1870       286.0635       284.9316       283.9838    
 1855   283.8076       284.2535       284.9442       285.9749       287.0888       287.7941       288.1523       287.9844       287.2768       286.0639       285.0118       284.2961    
 1856   284.1354       284.4005       285.1682       286.4066       287.2138       287.9289       288.3457       288.1106       287.2544       286.0072       284.8604       284.1742    
 1857   283.9427       284.5770       285.4751       286.5645       287.4101       288.1622       288.5300       288.0785       287.4345       286.1818       285.2344       284.3645    
 1858   284.1885       284.5468       285.4391       286.4642       287.3531       287.9507       288.4803       287.9963       287.2595       286.0800       285.0617       284.4823    
 1859   283.9898       284.5972       285.2430       286.2929       287.1645       287.8373       288.2021       287.9969       287.3117       286.1077       284.9700       284.3241    
 1860   284.1271       284.7183       285.1964       286.2783       287.1867       287.9549       288.3882       288.0844       287.2870       286.0334       285.1169       284.2754    
 1861   284.0724       284.6569       285.2444       286.2928       287.1414       287.9284       288.2807       288.0053       287.3332       286.1683       285.0992       284.3109    
 1862   284.0455       284.3898       285.3310       286.3179       287.1619       288.0583       288.4323       288.2173       287.3139       286.1991       285.2053       284.5501    
 1863   284.4858       284.7619       285.5688       286.5756       287.4594       288.0636       288.4507       288.3189       287.5469       286.4216       285.3916       284.7158    
 1864   284.6264       284.6864       285.6896       286.5891       287.4682       288.2050       288.4611       288.1252       287.4256       286.1171       285.0215       284.4214    
 1865   284.0402       284.4068       285.4036       286.3438       287.2447       287.9049       288.3672       287.9794       287.3508       286.0743       285.0796       284.3406    
 1866   283.8226       284.3839       285.1780       286.0588       287.0333       287.9359       288.2876       288.1053       287.3578       286.0444       285.0188       284.3215    
 1867   284.2356       284.5276       285.2687       286.0790       287.0688       287.9868       288.3248       287.9897       287.3419       286.2482       285.2555       284.4230    
 1868   284.3707       284.6849       285.2661       286.4209       287.2690       287.9301       288.3922       288.0825       287.4325       286.2439       285.0304       284.4545    
 1869   284.4396       284.8745       285.3416       286.5051       287.3853       288.0475       288.7018       288.2463       287.4289       286.2857       285.1714       284.5780    
 1870   284.3342       284.9029       285.5684       286.6173       287.4716       288.2478       288.5212       288.2411       287.5731       286.3946       285.1808       284.3844    
 1871   284.4955       284.8739       285.5153       286.3513       287.3562       288.1555       288.3815       288.1752       287.3777       286.2446       285.1121       284.5115    
 1872   284.1917       284.8526       285.4354       286.5252       287.4466       288.1458       288.4296       288.1681       287.3466       286.3326       285.4180       284.6866    
 1873   284.2571       284.8915       285.7081       286.5597       287.4166       288.1376       288.4577       288.0201       287.3448       286.3101       285.2652       284.4043    
 1874   284.3176       284.5829       285.3359       286.4488       287.3323       287.9940       288.3734       287.9348       287.2697       286.1208       285.0917       284.2874    
 1875   284.1107       284.4804       285.4312       286.2709       287.2031       287.8886       288.2406       288.0149       287.4092       286.3474       285.2539       284.5297    
 1876   284.0805       284.6622       285.4846       286.4380       287.2719       287.9008       288.2955       288.0283       287.2402       286.1042       285.1570       284.4003    
 1877   284.1150       284.4587       285.2957       286.2481       287.0489       287.7446       288.2274       288.0116       287.3110       286.0307       285.0585       284.3476    
 1878   283.9889       284.5028       285.3934       286.3412       287.1641       287.9156       288.2061       288.0161       287.3061       286.2370       285.3110       284.4874    
 1879   284.5518       284.9228       285.5728       286.6143       287.5160       288.1898       288.4027       288.0491       287.4553       286.2921       285.2376       284.4160    
 1880   284.2072       284.5179       285.3445       286.2570       287.1946       287.8561       288.3171       288.0201       287.3217       286.2810       285.3281       284.5238    
 1881   284.3951       284.6535       285.4724       286.3859       287.1702       287.9760       288.1484       288.0297       287.2589       286.1909       285.2534       284.4998    
 1882   284.0833       284.6131       285.5460       286.4379       287.3271       288.1686       288.3570       288.1682       287.2820       286.3341       285.1441       284.3888    
 1883   284.3602       284.8521       285.5213       286.3571       287.2651       288.0320       288.3214       288.1171       287.3138       286.1037       284.9825       284.0982    
 1884   283.8574       284.2368       285.0085       285.9236       286.8993       287.5414       287.9562       287.8130       286.9759       285.8522       284.8190       283.9062    
 1885   283.8216       284.2284       285.1668       286.0262       286.9432       287.6835       288.1194       287.8911       287.1084       285.9003       284.9250       283.9910    
 1886   283.9185       284.5088       285.2124       286.3052       287.1351       287.8093       288.2202       287.8884       287.1947       286.0910       284.8979       284.2574    
 1887   283.8329       284.5192       285.1389       286.0371       286.9091       287.8108       288.1599       287.8565       287.1215       286.0573       284.9558       284.1152    
 1888   283.8870       284.3702       285.1452       286.1977       286.9691       287.6981       288.0483       287.8838       287.0635       285.9435       285.0180       284.4211    
 1889   284.2112       284.3553       285.1529       286.2958       286.9890       287.7887       288.2265       287.9114       287.2272       286.0506       285.0141       284.2652    
 1890   284.4424       284.8031       285.2740       286.3317       287.0654       287.9636       288.1732       287.9371       287.1547       286.2794       285.1509       284.4326    
 1891   284.2300       284.7158       285.3024       286.2930       287.1539       287.9884       288.3103       287.9232       287.1875       286.1456       285.0250       284.4041    
 1892   284.2018       284.8325       285.5483       286.5286       287.3330       287.9595       288.1351       287.9514       287.1239       285.9427       285.0214       284.3086    
 1893   284.0869       284.3874       285.2635       286.0407       287.0969       287.7475       288.1970       287.9618       287.2487       286.1712       284.8715       284.3325    
 1894   284.1117       284.6693       285.3010       286.1164       287.2012       288.0294       288.3450       288.0119       287.2983       286.1578       285.0761       284.3302    
 1895   284.2318       284.7007       285.4042       286.3231       287.1564       287.9982       288.2416       288.0488       287.2435       286.1897       285.3578       284.4975    
 1896   284.1415       284.7795       285.5702       286.3282       287.1962       287.9007       288.2770       287.9156       287.2188       286.1553       285.0136       284.3681    
 1897   284.2971       284.7789       285.3286       286.1508       287.2401       287.9596       288.4121       288.1666       287.2649       286.2327       285.1832       284.2704    
 1898   284.1140       284.6599       285.4427       286.2653       287.4103       288.0431       288.3745       288.0576       287.3054       286.1814       285.1217       284.6137    
 1899   284.1849       284.4663       285.2673       286.3404       287.3895       288.0845       288.4333       288.1062       287.2875       286.1657       284.9144       284.1803    
 1900   284.2097       284.6565       285.3276       286.4334       287.4023       287.9248       288.2831       288.1470       287.3357       286.2771       284.9239       284.3670    
 1901   284.0760       284.4619       285.2057       286.2654       287.1364       287.7590       288.2403       287.9908       287.2297       286.0364       284.9829       284.3119    
 1902   284.2205       284.6219       285.3947       286.3943       287.0675       287.9005       288.3726       288.0505       287.2137       285.8164       284.9597       284.1818    
 1903   283.8263       284.3455       285.0750       286.1035       286.8280       287.6090       287.8820       287.6941       286.8914       285.8197       284.7028       284.0828    
 1904   283.9254       284.4593       284.8853       286.0256       286.9365       287.7717       288.1909       287.8508       287.0254       285.8884       284.7333       284.2280    
 1905   284.2620       284.5894       285.4386       286.3507       287.2746       288.0504       288.3402       287.9920       287.3014       286.1050       285.1454       284.3397    
 1906   284.2010       284.6989       285.5208       286.3772       287.2526       287.9211       288.2944       288.0258       287.2032       286.1716       285.2627       284.3177    
 1907   284.1083       284.5454       285.4511       286.2989       287.2405       287.8350       288.2350       287.9012       287.1379       285.9680       285.0948       284.2396    
 1908   284.2876       284.6296       285.3413       286.2881       287.1717       287.7861       288.1974       288.0340       287.2183       286.0033       285.0933       284.4886    
 1909   284.3286       284.4750       285.2498       286.2389       287.1597       288.0383       288.2813       288.1108       287.3492       286.1721       284.9998       284.4912    
 1910   284.4268       284.7632       285.6267       286.5240       287.3511       288.1410       288.3643       288.0581       287.3549       286.3010       285.0485       284.4158    
 1911   284.1705       284.3971       285.1593       286.3066       287.1845       288.0049       288.2862       287.9524       287.1500       286.1116       284.9390       284.2236    
 1912   284.0091       284.4316       285.2475       286.2799       287.2883       288.0106       288.2763       287.9278       287.2495       286.0956       285.1359       284.5375    
 1913   284.0404       284.6292       285.3727       286.2582       287.1138       287.8465       288.0662       287.7690       287.1171       285.8748       284.8208       284.1174    
 1914   284.0553       284.5467       285.3586       286.1579       287.1595       287.7953       288.0717       287.9477       287.2366       286.1897       284.9420       284.1684    
 1915   284.2061       284.7490       285.4530       286.3351       287.3582       288.1212       288.5546       288.1738       287.3890       286.3557       285.3575       284.4759    
 1916   284.3646       284.5702       285.4514       286.5857       287.4411       288.2185       288.4671       288.1729       287.4946       286.3996       285.3497       284.6124    
 1917   284.2695       284.5265       285.4720       286.5339       287.4613       288.2415       288.4266       288.2093       287.4620       286.3541       285.2912       284.5327    
 1918   284.0242       284.7628       285.5974       286.4371       287.4108       288.1234       288.4214       288.1446       287.4399       286.2464       285.2761       284.4976    
 1919   284.4387       284.5954       285.1647       286.3429       287.1375       287.9837       288.3356       287.9961       287.2649       285.9946       285.1236       284.4277    
 1920   284.1510       284.6631       285.3369       286.2734       287.1360       287.9057       288.1806       288.0316       287.3328       286.3041       285.3946       284.8234    
 1921   284.5719       284.7315       285.5691       286.4275       287.3297       288.2399       288.5027       288.0741       287.4525       286.3312       285.2010       284.4769    
 1922   284.2155       284.6472       285.5161       286.5199       287.5102       288.1330       288.6507       288.2076       287.5680       286.4076       285.3164       284.4744    
 1923   284.3506       284.8490       285.4021       286.4523       287.4280       288.1152       288.5186       288.1658       287.3116       286.2599       285.2013       284.4474    
 1924   284.3873       284.7882       285.3177       286.3270       287.4334       288.0695       288.3960       288.1594       287.3315       286.1284       285.0652       284.4082    
 1925   284.2360       284.6442       285.4212       286.2863       287.2127       288.0391       288.4287       288.2160       287.5071       286.4894       285.2249       284.6356    
 1926   284.4245       285.1147       285.6956       286.5936       287.4623       288.1353       288.6158       288.2565       287.6007       286.5151       285.3314       284.6276    
 1927   284.3718       284.7827       285.5448       286.2730       287.4440       288.0974       288.4906       288.3000       287.5885       286.5771       285.5003       284.2850    
 1928   284.4576       284.7731       285.7624       286.7397       287.3777       288.0929       288.5428       288.2260       287.4593       286.2585       285.2903       284.4720    
 1929   284.2777       284.5453       285.2481       286.3589       287.2385       288.0385       288.4043       288.1970       287.4216       286.3523       285.0492       284.5475    
 1930   284.6019       284.8853       285.4886       286.3680       287.1793       287.9569       288.3168       288.1790       287.2791       286.2581       284.8738       284.4468    
 1931   284.3216       284.7656       285.4895       286.5261       287.4524       288.1519       288.4212       288.2281       287.3930       286.2741       285.2122       284.5968    
 1932   284.3493       284.8975       285.3453       286.4091       287.2725       287.9275       288.3390       288.1658       287.5091       286.2433       285.1668       284.3491    
 1933   284.1946       284.6885       285.4081       286.4083       287.2847       288.0919       288.3192       288.1874       287.4754       286.4134       285.2357       284.4641    
 1934   284.3337       284.8519       285.4838       286.3798       287.3344       288.1431       288.5114       288.1770       287.4137       286.3775       285.5000       284.8488    
 1935   284.3656       285.1061       285.7623       286.5826       287.4292       288.1881       288.4811       288.1202       287.4709       286.2961       285.0740       284.3473    
 1936   284.3763       284.6016       285.2342       286.3088       287.2468       287.9305       288.3577       288.0691       287.2946       286.2381       285.1802       284.4131    
 1937   284.3055       284.6087       285.3871       286.2763       287.0947       287.9013       288.3412       288.1591       287.3707       286.2223       285.1662       284.4673    
 1938   284.2843       284.8478       285.4483       286.3148       287.2129       288.0311       288.5704       288.2130       287.3442       286.3491       285.3407       284.6351    
 1939   284.5430       284.7121       285.5817       286.5150       287.2565       287.9893       288.4557       288.3514       287.5167       286.4620       285.3971       284.8170    
 1940   284.4729       284.8857       285.6689       286.4873       287.2994       288.1149       288.4293       288.2198       287.3540       286.2435       285.3541       284.3261    
 1941   284.1767       284.3153       285.3357       286.4044       287.2613       288.0449       288.3767       288.1756       287.3518       286.3459       285.1267       284.4273    
 1942   284.2057       284.3243       285.2938       286.2167       287.1821       287.8898       288.2455       288.1645       287.4605       286.2883       285.1651       284.4468    
 1943   284.2418       284.6342       285.4392       286.3366       287.1751       287.9194       288.4250       288.3737       287.4982       286.3846       285.3358       284.6489    
 1944   284.6035       284.5519       285.4887       286.4641       287.3804       288.1686       288.5814       288.3929       287.5583       286.5046       285.1967       284.4729    
 1945   284.3702       284.8624       285.5695       286.5258       287.5394       288.2636       288.6626       288.2635       287.3920       286.2603       285.2283       284.5047    
 1946   284.3945       284.6029       285.3716       286.4867       287.2753       288.0857       288.3515       288.1208       287.3803       286.2704       285.2067       284.1937    
 1947   284.0908       284.7421       285.2726       286.3852       287.2911       287.9962       288.3267       288.0425       287.3229       286.1915       285.0893       284.2570    
 1948   284.0809       284.3904       285.2641       286.2065       287.2265       287.9879       288.3737       288.2116       287.3938       286.2652       285.1975       284.4974    
 1949   284.4611       284.8887       285.5093       286.3953       287.3749       288.1709       288.5473       288.3936       287.4633       286.3109       285.2318       284.5226    
 1950   284.3805       284.8782       285.7550       286.7551       287.5493       288.2183       288.4326       288.3020       287.4610       286.3581       285.2760       284.4772    
 1951   284.3045       284.4440       285.1688       286.3224       287.5106       288.1508       288.4976       288.2251       287.4238       286.3024       285.2939       284.5461    
 1952   284.3956       284.6985       285.2973       286.2374       287.3250       288.1230       288.4070       288.2758       287.5681       286.2317       285.1888       284.4407    
 1953   284.2356       284.8238       285.5148       286.5976       287.3758       288.2180       288.5550       288.3362       287.4855       286.4528       285.3663       284.6574    
 1954   284.4116       284.8174       285.5491       286.4692       287.4646       288.1711       288.5651       288.3634       287.4325       286.2581       285.2111       284.5514    
 1955   284.4225       284.5819       285.3956       286.4490       287.4203       288.0216       288.3673       288.2139       287.5424       286.2309       285.2181       284.6574    
 1956   284.3039       284.5366       285.2220       286.3358       287.2040       287.9194       288.3775       288.2326       287.4438       286.2027       285.1393       284.3732    
 1957   284.1660       284.5329       285.3899       286.7299       287.3789       288.1086       288.4085       288.1931       287.4114       286.2463       285.1830       284.6316    
 1958   284.4737       284.6387       285.4842       286.5528       287.2890       288.1080       288.5239       288.3174       287.4482       286.1662       285.4521       284.7484    
 1959   284.6343       284.7553       285.3053       286.4872       287.2667       288.0925       288.6284       288.4297       287.5646       286.4994       285.4662       284.6204    
 1960   284.5582       284.8662       285.7851       286.7336       287.4263       288.2587       288.6329       288.2756       287.5281       286.4631       285.2683       284.4588    
 1961   284.4150       284.7448       285.3257       286.3623       287.3016       288.0863       288.4484       288.2907       287.3978       286.3280       285.1380       284.3591    
 1962   284.1712       284.6151       285.3976       286.5962       287.4471       288.0518       288.3930       288.1764       287.4612       286.3307       285.3874       284.6964    
 1963   284.2518       284.6476       285.4226       286.3709       287.3787       288.0129       288.4168       288.1674       287.3701       286.2691       285.3790       284.7047    
 1964   284.4378       284.6978       285.4308       286.2628       287.1107       287.9292       288.3736       287.9884       287.3628       286.0974       285.3291       284.4849    
 1965   284.3669       284.7403       285.5758       286.4758       287.3861       287.9585       288.3579       288.2760       287.4801       286.2755       285.2250       284.7239    
 1966   284.4422       284.7162       285.5037       286.6574       287.5807       288.1671       288.4239       288.2435       287.4026       286.3733       285.1725       284.4180    
 1967   284.4030       284.8322       285.5336       286.3002       287.3379       288.1845       288.4320       288.2837       287.5599       286.3010       285.2107       284.5381    
 1968   284.3786       284.6392       285.3995       286.5094       287.3907       287.9857       288.3457       288.0566       287.3304       286.1786       285.2923       284.6178    
 1969   284.5528       284.5990       285.3689       286.4532       287.2885       287.9496       288.4047       288.1216       287.5262       286.5057       285.3237       284.5736    
 1970   284.4204       284.9120       285.5751       286.5238       287.5045       288.0719       288.4818       288.1578       287.5435       286.4057       285.2057       284.6626    
 1971   284.5348       284.9010       285.5751       286.3515       287.3692       288.2068       288.5263       288.2899       287.6280       286.4502       285.3421       284.6600    
 1972   284.4092       284.8824       285.7596       286.6874       287.4995       288.2498       288.6158       288.4340       287.5751       286.3771       285.5401       284.5259    
 1973   284.4642       284.8701       285.5641       286.5214       287.5491       288.2480       288.7178       288.4232       287.6941       286.6458       285.6570       284.8662    
 1974   284.8502       285.0201       285.9569       286.8773       287.4791       288.2080       288.6116       288.4601       287.6379       286.5683       285.4020       284.6898    
 1975   284.4485       284.7664       285.6225       286.6175       287.5047       288.1223       288.5959       288.3801       287.5674       286.4106       285.3647       284.7550    
 1976   284.7907       284.9544       285.6274       286.7281       287.5625       288.2077       288.5327       288.2778       287.6055       286.3745       285.4597       284.7526    
 1977   284.4956       284.7722       285.5842       286.5679       287.5235       288.2944       288.5625       288.4634       287.6456       286.3658       285.3938       284.7882    
 1978   284.5356       284.7312       285.6158       286.7134       287.4632       288.1843       288.6554       288.3708       287.6854       286.6179       285.4083       284.7295    
 1979   284.6892       285.0326       285.7202       286.6679       287.6448       288.4035       288.5463       288.5081       287.7895       286.5072       285.6041       284.9865    
 1980   284.5309       285.2132       285.7754       286.8043       287.7021       288.4475       288.6966       288.5153       287.7773       286.7135       285.5687       284.9676    
 1981   284.9052       285.2683       285.8968       286.8014       287.8308       288.5768       288.8782       288.6869       287.9004       286.9094       285.8689       285.1233    
 1982   284.8228       285.2343       286.0724       286.9636       287.8068       288.4462       288.8156       288.4704       287.6491       286.5174       285.3683       284.5200    
 1983   284.5938       284.9530       285.5684       286.5282       287.5625       288.1498       288.5050       288.3586       287.6442       286.4108       285.1985       284.7319    
 1984   284.4856       285.2217       285.7739       286.7653       287.3951       288.0806       288.5115       288.2881       287.6748       286.6858       285.4711       284.6566    
 1985   284.5736       284.8943       285.7294       286.6689       287.6475       288.2203       288.5753       288.3568       287.5778       286.3807       285.4915       284.6711    
 1986   284.4608       284.8925       285.5715       286.6570       287.5302       288.1873       288.5995       288.4507       287.6213       286.5130       285.4704       285.0105    
 1987   284.9959       285.2556       285.9053       286.7328       287.6234       288.3036       288.7752       288.6174       287.7871       286.5767       285.5466       284.8127    
 1988   284.7503       285.0410       285.9239       286.9413       287.7175       288.5453       288.7666       288.4256       287.6961       286.5403       285.5377       284.5555    
 1989   284.5827       284.8458       285.6716       286.6400       287.5459       288.1664       288.5261       288.4393       287.7425       286.4316       285.3867       284.6145    
 1990   284.3705       284.8011       285.7367       286.6456       287.4800       288.2743       288.6036       288.3685       287.6842       286.4491       285.2565       284.7585    
 1991   284.6612       284.9169       285.5262       286.6803       287.6709       288.3727       288.8401       288.5023       287.7168       286.4544       285.3123       284.4719    
 1992   284.7869       285.0281       285.7623       286.5493       287.4390       288.1902       288.6622       288.3251       287.5526       286.5517       285.3871       284.8168    
 1993   284.7148       284.9870       285.7537       286.7697       287.6557       288.3644       288.7111       288.3783       287.5441       286.4052       285.3809       284.6165    
 1994   284.4197       284.7003       285.5428       286.6083       287.5089       288.1458       288.6312       288.4091       287.5867       286.3507       285.3474       284.6812    
 1995   284.3232       284.6866       285.4999       286.5685       287.4668       288.1669       288.6323       288.4042       287.6418       286.5646       285.3810       284.9479    
 1996   284.6383       285.1698       285.9385       286.9496       287.6376       288.4464       288.7866       288.5394       287.7433       286.7270       285.5890       284.8889    
 1997   284.7401       284.9489       285.6740       286.8583       287.8580       288.4865       288.8007       288.5394       287.7418       286.8085       285.5641       285.0982    
 1998   284.8801       285.0545       285.9703       286.7991       287.7873       288.6924       288.9266       288.7976       288.0169       287.0919       286.0220       285.2226    
 1999   285.1794       285.5365       286.3365       287.1542       288.1103       288.7844       289.1270       288.6362       287.8773       286.8324       285.7154       284.8327    
 2000   284.6864       284.9467       285.7472       287.0638       287.8815       288.4943       288.9348       288.7004       287.9509       286.6775       285.5849       284.9717    
 2001   284.7319       285.2232       286.1946       287.0824       287.9659       288.6672       288.9284       288.8716       288.0166       286.9566       285.8705       285.0135    
 2002   285.0076       285.4609       286.0699       286.9898       288.0247       288.8342       289.1455       288.8792       288.1742       287.1668       286.0414       285.2389    
 2003   284.9318       285.3606       286.2176       287.0894       288.0095       288.7841       289.0193       288.7006       287.9918       286.9253       285.8012       284.8992    
 2004   285.0368       285.3059       286.1843       287.2067       288.0210       288.7043       289.0160       288.6410       287.9465       286.8206       285.7077       285.0810    
 2005   284.8439       285.5149       286.3809       287.2076       288.0641       288.7792       289.1345       288.8527       288.1055       287.1049       286.0913       285.2142    
 2006   285.0511       285.5610       286.2942       287.0848       287.9708       288.7676       289.1070       288.9685       288.1855       287.1237       285.9087       285.1753    
 2007   284.9550       285.5364       286.1247       287.2083       288.0360       288.7673       289.0774       288.8934       288.0699       287.0254       285.9081       285.2013    
 2008   285.0883       285.4809       286.4121       287.1522       288.1064       288.6999       289.1196       288.8326       288.1139       287.0948       286.1842       285.4250    
 2009   285.0609       285.4182       286.3566       287.2476       288.1349       288.8344       289.1984       288.8983       288.2885       287.1798       286.1677       285.2605    
 2010   285.4159       285.8321       286.5593       287.4243       288.2213       289.0483       289.2099       288.9402       288.2662       287.0460       285.9087       285.2177    
 2011   285.0865       285.3734       286.3857       287.2514       288.1785       288.8343       289.2858       288.9530       288.2539       287.1714       286.1980       285.3907    
 2012   285.0783       285.2684       286.2168       287.0692       288.0650       288.8289       289.1418       288.8977       288.1748       287.0642       286.2476       285.2450    
 2013   285.0843       285.5556       286.2333       287.1490       288.0491       288.7563       289.1918       288.9264       288.2426       287.2966       286.2058       285.3931    
 2014   285.2953       285.6018       286.1897       287.2255       288.2851       288.9981       289.4668       289.1314       288.3761       287.4670       286.2993       285.5502    
 2015   285.2049       285.7766       286.5671       287.6458       288.3629       289.1982       289.5813       289.1526       288.4051       287.2327       286.4461       285.6641    
 2016   285.3663       285.7308       286.3136       287.3164       288.2265       288.9540       289.3896       289.0934       288.4258       287.1636       285.9856       285.3301    
 2017   285.3592       285.4931       286.2884       287.2319       288.0706       288.9203       289.2430       289.1412       288.3238       287.2070       286.1419       285.5768    
 2018   285.2987       285.6552       286.4328       287.4480       288.3242       288.9879       289.3969       288.9869       288.4757       287.4378       286.5509       285.6808    
 2019   285.4028       286.0321       286.5308       287.7126       288.5347       289.2767       289.5567       289.2849       288.5975       287.5382       286.5427       285.7462    
 2020   285.5388       286.0816       286.8347       287.7030       288.4088       289.1655       289.6455       289.2843       288.5692       287.5095       286.3246       285.6130    
 2021   285.2481       285.4514       286.7189       287.6156       288.4095       289.1308       289.5579       289.2765       288.5870       287.5417       286.3330       285.4670    
 2022   285.2867       285.3606       286.3996       287.5451       288.3204       288.9698       289.4112       289.2417       288.5131       287.2883       286.2230       285.3552    
 2023   285.2111       285.7498       286.5048       287.6552       288.5750       289.2691       289.5692       289.2732       288.6328       287.6650       286.4778       285.7257    
 2024   285.7570       285.8482       286.6101       287.4825       288.4306       289.3225       289.4892       289.1572       288.5092       287.4005       286.2257       285.5381    
 2025   285.3800       285.6702       286.4624       287.6338       288.5057       289.2294       289.6200       289.2709       288.6379       287.5490       286.3279       285.6551    
 2026   285.2191       285.7161       286.5881       287.5209       288.4062       289.1286       289.6487       289.3560       288.7639       287.8136       286.7802       285.7191    
 2027   285.7686       286.2282       286.7267       287.7208       288.7245       289.4288       289.5930       289.4264       288.5999       287.6532       286.7360       285.7218    
 2028   285.5049       285.9513       286.7337       287.5980       288.3871       289.3298       289.6121       289.4960       288.6732       287.7558       286.4832       285.8143    
 2029   285.5816       286.1583       286.6541       287.6923       288.4738       289.2831       289.5385       289.4050       288.6677       287.6454       286.4015       285.7717    
 2030   285.4593       286.0194       286.8268       287.7150       288.5937       289.1842       289.6887       289.4713       288.7814       287.6462       286.6855       286.0944    
 2031   285.5990       286.0450       286.8625       287.7090       288.5835       289.3875       289.7352       289.6013       288.8626       287.7419       286.7887       285.9440    
 2032   285.6529       286.1824       286.8953       287.8173       288.6524       289.4174       289.6199       289.3795       288.7062       287.8038       286.7176       285.7978    
 2033   285.4421       285.7559       286.6604       287.5894       288.5537       289.2281       289.5692       289.3346       288.7472       287.6660       286.4447       285.7861    
 2034   285.4518       285.8912       286.6398       287.5621       288.5246       289.3128       289.6424       289.3774       288.7032       287.6474       286.6389       285.7721    
 2035   285.7374       286.1158       286.5578       287.6673       288.6418       289.4424       289.7542       289.4842       288.8100       287.9179       286.7480       285.9982    
 2036   285.6581       285.9309       286.7318       287.7942       288.8419       289.4982       289.8162       289.4722       288.8130       287.8255       286.7098       286.0187    
 2037   285.7845       286.3032       286.6747       287.7650       288.5821       289.4090       289.7296       289.5237       288.8295       287.9883       286.7684       286.1200    
 2038   285.7231       286.1634       286.9756       287.8904       288.6618       289.6325       289.8154       289.6219       289.0798       287.9856       287.0416       286.2608    
 2039   286.2195       286.3443       287.1383       288.1342       288.8889       289.6357       289.9391       289.7161       289.1034       288.1112       287.3507       286.3126    
 2040   286.1304       286.5419       287.2819       288.1754       288.8896       289.5660       289.9495       289.7405       289.0672       287.9123       286.9344       285.9308    
 2041   285.8807       286.2398       286.9823       287.9660       288.6538       289.5627       289.7926       289.5325       288.9746       288.0525       286.9864       286.3065    
 2042   285.9615       286.2226       286.9528       287.9128       288.9152       289.5457       289.9878       289.6892       289.0391       288.1845       287.2103       286.3210    
 2043   286.2111       286.0448       287.1739       288.0370       288.9246       289.5642       289.9270       289.6340       288.9770       288.0675       286.9983       286.4376    
 2044   286.3218       286.3988       287.0265       287.9692       288.9712       289.7081       290.0825       289.8267       289.2448       288.0615       287.1240       286.2688    
 2045   286.1502       286.3141       287.0259       287.8631       288.8362       289.6680       290.0109       289.8907       289.0799       287.9572       286.8639       286.0685    
 2046   285.8038       286.1248       287.0433       287.9207       288.7851       289.5638       289.9586       289.7436       289.0959       287.9361       286.7641       286.2927    
 2047   285.9471       286.3011       287.1840       287.9997       289.0609       289.7497       290.0900       289.8892       289.2774       288.1621       287.1827       286.2649    
 2048   286.3115       286.5687       287.1672       288.0034       289.0299       289.7218       290.1477       289.9877       289.2406       288.1976       287.0865       286.4259    
 2049   286.2140       286.5774       287.5187       288.1717       289.0132       289.8861       290.1853       289.8535       289.2010       288.2925       287.1683       286.2113    
 2050   286.3024       286.6092       287.4270       288.2164       289.1667       289.9698       290.2254       289.9326       289.2224       288.1282       286.9915       286.3518    
 2051   286.1041       286.6341       287.2643       288.1621       289.0019       289.8219       290.0819       289.8827       289.1382       288.1604       287.1181       286.0923    
 2052   285.8605       286.4042       287.1210       288.0473       288.9297       289.6877       290.0774       289.9282       289.1697       288.2246       287.2148       286.3909    
 2053   286.1208       286.4731       287.1801       288.1624       289.0233       289.7624       290.0450       289.9227       289.1614       288.2487       287.2538       286.4590    
 2054   286.3678       286.5660       287.2296       288.2842       289.1431       289.8557       290.2169       290.0379       289.3958       288.4883       287.5997       286.6201    
 2055   286.4931       286.7108       287.5501       288.4598       289.2891       289.9750       290.2957       290.0155       289.3123       288.2816       287.3561       286.5775    
 2056   286.3425       286.5085       287.3483       288.2381       288.9687       289.7467       290.1905       289.9184       289.3037       288.2047       287.1006       286.3282    
 2057   286.1836       286.4741       287.3818       288.3396       289.3009       289.8930       290.1769       289.9650       289.2079       288.2802       287.0859       286.5346    
 2058   286.2269       286.6541       287.4476       288.2852       289.1735       290.0242       290.3354       290.2310       289.6338       288.7610       287.6298       286.9941    
 2059   286.7905       287.1151       287.7738       288.7664       289.4404       290.3602       290.5806       290.3607       289.5163       288.5065       287.4730       286.6369    
 2060   286.2741       286.5890       287.5783       288.2967       289.2935       290.0165       290.4003       290.2028       289.3351       288.3870       287.4121       286.5337    
 2061   286.3114       286.7227       287.5982       288.3846       289.1761       289.9210       290.2635       290.1395       289.5262       288.3742       287.6022       286.6703    
 2062   286.3124       286.8201       287.5104       288.3373       289.2826       290.0021       290.4392       290.2623       289.4962       288.4539       287.4877       286.7800    
 2063   286.5316       287.0184       287.6538       288.5346       289.4068       290.3156       290.5685       290.4183       289.7044       288.7842       287.8114       287.0204    
 2064   286.6162       287.0121       287.7574       288.6536       289.5983       290.3255       290.7616       290.4150       289.7104       288.7756       287.7443       287.0324    
 2065   286.7260       286.9978       287.7337       288.7271       289.6935       290.2817       290.5839       290.3175       289.7586       288.7411       287.6672       286.9981    
 2066   286.6044       286.9787       287.9398       288.6602       289.4864       290.3340       290.6429       290.4110       289.7679       288.7046       287.7690       286.8239    
 2067   286.7537       287.0294       287.5705       288.6145       289.4520       290.2244       290.6894       290.4371       289.7292       288.7636       287.7680       286.7440    
 2068   286.6046       286.9854       287.9379       288.6899       289.5147       290.3394       290.7371       290.5653       289.8315       288.7293       287.7477       286.9789    
 2069   286.7311       287.1758       287.8533       288.7890       289.6736       290.3692       290.7762       290.5125       289.8123       288.9915       287.7384       286.8789    
 2070   286.6172       286.9174       287.8194       288.7702       289.6792       290.4456       290.8282       290.5344       289.8137       289.0636       288.0495       287.3071    
 2071   287.1549       287.5348       288.1128       288.9416       289.8300       290.4539       290.9405       290.7417       290.0140       289.1796       288.2657       287.3739    
 2072   287.0687       287.4830       288.1445       288.9873       289.8773       290.6752       291.0331       290.7018       290.0357       288.9060       288.0207       287.3016    
 2073   286.8606       287.2648       287.7917       288.6530       289.6681       290.4002       290.6886       290.4738       289.8394       288.8252       287.6376       286.9515    
 2074   286.9348       286.8620       287.7993       288.6544       289.6024       290.4224       290.8231       290.6859       289.9292       289.0094       287.9881       287.2727    
 2075   286.9651       287.3642       287.8650       288.9452       289.8373       290.6657       291.0351       290.8243       290.0281       289.2121       288.1541       287.2999    
 2076   287.2497       287.5180       288.1587       289.0199       289.9374       290.6970       290.9878       290.8760       290.1319       289.0276       288.2202       287.1690    
 2077   287.0820       287.1666       288.2631       289.0824       289.9864       290.7823       291.1022       290.9467       290.2662       289.2268       288.2858       287.5273    
 2078   287.3228       287.7505       288.5197       289.2225       290.0252       290.7516       291.1261       290.8751       290.2250       289.2453       288.1925       287.4375    
 2079   287.1089       287.3346       288.3255       289.1953       290.0957       290.7715       291.0403       290.7963       290.1074       289.1920       288.2619       287.4885    
 2080   287.0900       287.5978       288.2773       289.1309       290.0359       290.7544       291.2744       291.0055       290.2548       289.2976       288.3509       287.6386    
 2081   287.4224       287.7186       288.5391       289.3557       290.1729       291.0701       291.3351       291.0927       290.4384       289.5694       288.6085       287.7469    
 2082   287.6858       287.9230       288.8105       289.6107       290.3101       291.1896       291.4420       291.0766       290.3905       289.2905       288.3279       287.4895    
 2083   287.1002       287.4710       288.0595       289.3227       290.0821       290.7565       291.0966       290.8788       290.1471       289.3226       288.3911       287.7508    
 2084   287.4089       287.6436       288.5382       289.2963       290.1839       290.8721       291.2885       291.0893       290.3366       289.3525       288.2993       287.7057    
 2085   287.1625       287.9002       288.3111       289.3138       290.2774       290.9760       291.4207       291.1785       290.4742       289.5028       288.5092       287.7866    
 2086   287.7595       288.0521       288.6787       289.4958       290.5201       291.1744       291.5852       291.3646       290.6462       289.5995       288.6615       287.8185    
 2087   287.6553       288.1522       288.6408       289.4490       290.3138       291.0794       291.5596       291.2671       290.5690       289.5803       288.6076       287.8361    
 2088   287.6088       287.8195       288.5340       289.6076       290.4417       291.2610       291.5240       291.3637       290.5719       289.5875       288.6381       287.7855    
 2089   287.7135       288.1102       288.7975       289.5188       290.3796       291.2573       291.5494       291.3494       290.6625       289.7528       288.8686       288.1605    
 2090   287.9193       288.0218       288.7772       289.7689       290.4758       291.3733       291.7628       291.4965       290.8653       289.9207       288.8636       288.0420    
 2091   287.5962       287.9455       288.7035       289.4630       290.3529       291.2157       291.6114       291.3465       290.6540       289.6217       288.5381       288.0237    
 2092   287.5352       287.9706       288.8172       289.6067       290.4105       291.1125       291.5081       291.3734       290.4337       289.5726       288.6075       287.6816    
 2093   287.5996       287.8005       288.5773       289.6153       290.4854       291.3239       291.6224       291.4812       290.7941       289.9036       288.9849       288.1398    
 2094   287.8546       288.2547       289.0281       289.8766       290.6020       291.3946       291.7627       291.4136       290.8669       289.8206       288.9789       288.3117    
 2095   287.9752       288.2484       288.8742       289.7269       290.6085       291.3406       291.5644       291.3361       290.6341       289.6524       288.6485       287.8866    
 2096   287.7293       288.0014       288.7662       289.7056       290.5394       291.3810       291.6887       291.4287       290.7768       289.7740       288.8361       288.1300    
 2097   287.6588       288.2208       288.7350       289.6739       290.5883       291.2795       291.6691       291.6315       291.0415       289.9459       289.0163       288.0359    
 2098   287.9196       288.3269       288.8099       289.8515       290.7562       291.5376       291.9646       291.7051       291.0077       289.9080       289.1220       288.3328    
 2099   288.0483       288.3496       289.1126       289.9847       290.7978       291.5838       291.8183       291.5671       290.8443       289.8927       288.9026       288.3019    
 2100   288.0037       288.0116       288.9370       289.7116       290.5344       291.4024       291.7719       291.6292       290.7891       289.8082       288.7654       287.7778    
 2101   287.6609       288.0566       288.8408       289.8307       290.7389       291.5392       291.6569       291.5610       290.7448       289.7561       288.8429       288.1210    
 2102   287.6635       288.2625       288.6649       289.5535       290.6662       291.4682       291.7319       291.5560       290.8085       289.7704       288.9286       287.9008    
 2103   287.8469       288.2274       288.8690       289.7715       290.5742       291.3730       291.7291       291.6065       290.8273       289.8669       289.0009       288.2021    
 2104   287.9926       288.5694       289.2060       289.9038       290.7864       291.5020       291.9392       291.6965       290.9588       290.0252       289.0759       288.2099    
 2105   287.9143       288.3448       289.1669       289.9493       290.8026       291.6133       291.8757       291.7076       290.9159       289.9514       288.9334       287.9756    
 2106   287.9340       288.0225       288.8235       289.8430       290.6842       291.3112       291.7206       291.6445       290.8295       289.7943       288.7791       287.8062    
 2107   287.6020       287.9774       288.6223       289.6502       290.6134       291.2108       291.7662       291.4813       290.8323       289.8261       288.8566       288.0902    
 2108   287.8766       288.0258       288.9482       290.0081       290.8931       291.6478       291.8668       291.6934       291.0922       290.1274       289.2537       288.5152    
 2109   288.2564       288.3804       289.1388       290.0618       291.0052       291.7549       292.1345       291.8362       291.0903       290.1889       289.0714       288.4536    
 2110   288.0226       288.4394       288.9065       290.0058       290.8011       291.4833       291.8303       291.5555       290.8889       289.8615       288.7482       288.1175    
 2111   288.0261       288.1192       288.8060       289.8502       290.7238       291.4749       291.9509       291.5623       290.8007       289.8991       288.8340       288.0958    
 2112   287.6124       287.9530       288.9009       289.9853       290.7080       291.5331       291.9340       291.6974       290.9759       290.0626       289.1654       288.4563    
 2113   287.9897       288.5577       289.3518       290.1089       290.8416       291.6509       292.0380       291.8945       291.1084       290.0970       289.1169       288.5482    
 2114   288.1980       288.7518       289.3911       290.1537       291.0537       291.7414       292.0511       291.8715       291.1177       290.1792       289.0252       288.4661    
 2115   287.9042       288.3231       289.1285       289.9674       290.8588       291.5690       291.9651       291.8550       291.0692       290.2679       289.2108       288.2734    
 2116   288.2186       288.5117       289.2291       290.2245       290.9184       291.7931       292.1395       291.8821       291.1193       290.2047       289.2286       288.3021    
 2117   288.2718       288.6892       289.2656       290.1101       290.8804       291.7820       292.0220       291.7150       291.0758       289.9940       289.1857       288.2553    
 2118   288.0529       288.2325       288.8979       289.9011       290.7177       291.7455       292.0745       291.7571       290.9843       289.9571       289.1005       288.1520    
 2119   288.1075       288.2815       288.9807       289.9609       290.8060       291.6593       291.8845       291.7174       291.0097       289.9230       288.9342       288.2328    
 2120   287.9383       288.3891       288.9801       289.8908       290.8936       291.6711       292.0636       291.8077       291.0538       290.1375       289.1339       288.1787    
 2121   288.3299       288.5291       289.1229       290.0982       290.9071       291.7676       292.0834       291.8677       291.1535       290.0984       289.0221       288.0076    
 2122   287.9294       288.4421       289.1154       289.9794       290.7775       291.6286       292.0788       291.8752       291.2233       290.1603       289.2416       288.2985    
 2123   288.0740       288.3981       289.2668       290.2048       290.9911       291.8241       292.1501       291.9695       291.3469       290.4294       289.5044       288.8541    
 2124   288.5714       288.8904       289.7274       290.5439       291.2732       291.9852       292.3891       292.1626       291.3030       290.3713       289.4900       288.5526    
 2125   288.3955       288.5192       289.0959       290.1835       291.0536       291.7166       292.1462       291.8907       291.2000       290.2009       289.1696       288.3640    
 2126   288.2446       288.5628       289.0719       290.1258       291.0125       291.8336       292.1992       292.0110       291.2455       290.3077       289.2737       288.6606    
 2127   288.5306       288.6716       289.5077       290.3399       291.1665       291.8407       292.1839       292.0948       291.4634       290.5133       289.4540       288.7896    
 2128   288.6945       288.9321       289.5181       290.5109       291.1686       291.9525       292.3480       292.1142       291.2548       290.3968       289.4553       288.4958    
 2129   288.2402       288.5132       289.3414       290.3326       291.1620       291.9026       292.2207       292.0639       291.3710       290.3271       289.2894       288.4141    
 2130   288.2790       288.4829       289.3443       290.2997       291.1590       292.0091       292.3864       292.0183       291.4673       290.3668       289.3760       288.6389    
 2131   288.2990       288.4289       289.3138       290.1322       291.0547       291.9712       292.2758       292.1390       291.3220       290.2729       289.3120       288.4609    
 2132   288.3390       288.4646       289.3715       290.2831       291.2257       292.0182       292.3530       292.1539       291.4187       290.5043       289.5152       288.5300    
 2133   288.5130       288.5656       289.4195       290.2985       291.2352       292.0107       292.3979       292.2507       291.5981       290.4760       289.4896       288.7138    
 2134   288.5856       288.8612       289.4386       290.5457       291.3387       292.0891       292.4568       292.1420       291.5245       290.5943       289.5265       288.9941    
 2135   288.9445       289.0006       289.5269       290.5847       291.2834       292.1205       292.4944       292.1323       291.5394       290.4428       289.3043       288.6412    
 2136   288.3638       288.7467       289.2928       290.3403       291.3262       291.9879       292.3197       292.0172       291.2923       290.3979       289.4168       288.8271    
 2137   288.3765       288.5107       289.2203       290.4144       291.1791       291.9761       292.3891       292.2222       291.5105       290.5264       289.5263       288.8712    
 2138   288.6486       288.8259       289.3624       290.3403       291.0833       292.0476       292.5515       292.1992       291.5321       290.4941       289.6483       288.9740    
 2139   288.6273       289.0110       289.7586       290.6511       291.5391       292.2690       292.5824       292.3273       291.5707       290.3434       289.4012       288.6388    
 2140   288.4598       288.7381       289.6415       290.3565       291.1726       292.0070       292.2974       292.0827       291.4040       290.3492       289.3406       288.7401    
 2141   288.3894       288.5775       289.4555       290.2918       291.0899       291.9549       292.3120       292.1277       291.4430       290.4140       289.4755       288.8003    
 2142   288.7071       289.1528       289.5497       290.5578       291.2833       292.1725       292.5976       292.2828       291.5538       290.6435       289.8170       288.9739    
 2143   288.7802       289.0897       289.6755       290.5585       291.3496       292.0909       292.4948       292.3257       291.4836       290.5867       289.6394       288.7764    
 2144   288.5039       288.7715       289.3847       290.3697       291.2216       292.0759       292.3578       291.9756       291.3391       290.4178       289.4432       288.7003    
 2145   288.4435       288.7970       289.4717       290.4359       291.2264       292.1203       292.5555       292.3420       291.6331       290.7141       289.8904       289.1681    
 2146   288.8271       289.1607       289.7607       290.8459       291.5875       292.3860       292.6602       292.3786       291.6143       290.7617       289.6096       289.0262    
 2147   288.6641       288.9986       289.6879       290.3691       291.3106       292.1194       292.3642       292.0405       291.4280       290.4679       289.4201       288.7965    
 2148   288.5327       288.7986       289.3985       290.4724       291.1911       291.9275       292.4313       292.3232       291.4766       290.5546       289.4705       288.8613    
 2149   288.5085       288.7722       289.6923       290.5171       291.2817       292.0387       292.5003       292.3122       291.7142       290.7426       289.5589       289.0777    
 2150   288.7311       289.1209       289.6810       290.5797       291.4257       292.1398       292.6254       292.3396       291.4893       290.5921       289.5375       288.7226    
 2151   288.4771       288.8287       289.4322       290.2963       291.3004       292.1855       292.4597       292.2948       291.5032       290.4854       289.4240       288.4757    
 2152   288.6556       288.6136       289.4902       290.4261       291.3552       292.1197       292.4654       292.1472       291.5449       290.4720       289.7534       289.2051    
 2153   288.8334       289.1341       289.9582       290.6487       291.3952       292.2385       292.7993       292.6598       291.8510       290.8969       289.8976       289.0914    
 2154   289.1847       289.4543       289.9292       290.7372       291.5353       292.4341       292.7875       292.5463       291.7253       290.7072       289.6903       288.7352    
 2155   288.4146       288.8385       289.6550       290.5325       291.5188       292.2148       292.6346       292.3854       291.6157       290.6288       289.7192       289.0072    
 2156   288.6982       288.7772       289.4748       290.7137       291.4620       292.3145       292.6309       292.4770       291.7491       290.6879       289.8296       289.1281    
 2157   288.9880       289.1889       289.9745       290.6408       291.4969       292.2909       292.6623       292.5603       291.8071       290.8009       289.9506       289.1114    
 2158   288.8662       289.2401       289.9225       290.7575       291.6343       292.2907       292.6674       292.4549       291.6890       290.7274       289.7715       288.9871    
 2159   288.7282       288.7890       289.2459       290.5514       291.4231       292.2075       292.5290       292.3661       291.5386       290.6689       289.6020       288.9061    
 2160   288.8024       288.8985       289.6675       290.5970       291.4746       292.3315       292.6320       292.3582       291.6710       290.6167       289.6722       289.2382    
 2161   288.9326       289.3658       289.8604       290.5465       291.3867       292.3141       292.6611       292.5599       291.7050       290.6118       289.7294       288.6983    
 2162   288.5754       288.7981       289.6064       290.5551       291.4612       292.1499       292.6252       292.3568       291.6364       290.5777       289.7428       288.9222    
 2163   288.4867       288.6691       289.5043       290.5742       291.5597       292.2984       292.6532       292.3568       291.7141       290.5595       289.6330       288.8880    
 2164   288.8412       289.3033       289.8749       290.6436       291.5577       292.2791       292.7360       292.5277       291.7595       290.7488       289.9280       289.2514    
 2165   288.9340       289.1984       289.9131       290.7890       291.4747       292.3629       292.7365       292.6184       291.7694       290.8813       289.9023       289.2236    
 2166   288.9432       289.1622       289.8584       290.7234       291.5753       292.3605       292.6389       292.3725       291.7253       290.6151       289.7730       289.1126    
 2167   288.8263       289.0211       289.7715       290.7330       291.6256       292.3918       292.7901       292.6343       291.9426       290.8506       290.0321       289.2904    
 2168   289.0732       289.4818       289.9036       290.8154       291.7708       292.4759       292.8770       292.7034       291.9011       290.9407       289.9846       289.3381    
 2169   289.0970       289.5279       289.8162       290.7708       291.6666       292.4937       292.6288       292.5771       291.7875       290.8400       289.6707       288.9218    
 2170   288.8322       288.9533       289.7535       290.8011       291.5575       292.3395       292.6869       292.5584       291.8389       290.8773       289.7735       289.0913    
 2171   288.9509       289.0447       289.6119       290.5385       291.5726       292.2978       292.6120       292.5088       291.6500       290.8357       289.5976       289.2312    
 2172   289.0022       289.2803       289.9290       290.7945       291.5929       292.3604       292.9168       292.6887       291.9158       290.9095       289.9633       289.3943    
 2173   289.1943       289.5610       290.0597       290.8535       291.7827       292.6662       292.9980       292.7502       291.9702       290.9735       290.0620       289.2225    
 2174   288.9811       289.4518       290.0746       290.8396       291.7174       292.3575       292.6956       292.5808       291.8128       290.8746       289.7409       289.0522    
 2175   288.7609       289.0555       289.8750       290.6810       291.4811       292.2362       292.6669       292.5031       291.7007       290.7080       289.8393       288.9463    
 2176   289.0172       289.1133       289.7546       290.5980       291.6874       292.4658       292.7212       292.4808       291.7137       290.8060       289.8849       289.2813    
 2177   289.0462       289.5482       289.9951       290.9066       291.5525       292.2728       292.7607       292.6449       291.8666       290.9402       290.1106       289.5233    
 2178   289.3111       289.6444       290.1377       290.7543       291.5161       292.4396       292.8384       292.5631       291.7670       290.7199       289.7671       289.1036    
 2179   288.8422       289.1736       289.7891       290.5813       291.4921       292.3073       292.5137       292.3657       291.5669       290.5049       289.4984       288.7552    
 2180   288.7378       288.8076       289.6720       290.5207       291.4003       292.1792       292.6140       292.3651       291.5891       290.5897       289.6629       289.1290    
 2181   288.7157       289.0079       289.8549       290.6376       291.4801       292.2255       292.7213       292.4158       291.8159       290.7592       289.9119       289.2890    
 2182   289.1888       289.2670       289.9260       290.7950       291.8506       292.5183       292.8723       292.6910       291.8642       290.9606       289.9196       289.2954    
 2183   289.0909       289.2065       289.8483       290.7279       291.6557       292.3918       292.7520       292.4814       291.9291       290.7095       289.5332       288.8923    
 2184   288.6115       289.1292       289.6422       290.5594       291.3898       292.2114       292.6412       292.4152       291.6431       290.8027       289.7118       288.9891    
 2185   288.6530       288.7679       289.7445       290.8662       291.6906       292.4014       292.7912       292.5255       291.8154       290.8766       289.6617       289.1135    
 2186   289.1023       289.4149       289.9377       290.7183       291.5963       292.4569       292.7810       292.6148       291.7895       290.8824       289.8733       289.3621    
 2187   289.1357       289.3640       290.0365       290.9019       291.7724       292.5033       292.9132       292.7701       292.0154       291.0373       290.1226       289.6459    
 2188   289.3178       289.5430       290.1954       290.8516       291.7928       292.5685       292.8260       292.6053       291.9194       290.9669       289.9745       289.3084    
 2189   288.9294       289.1693       289.9243       290.8514       291.6445       292.3632       292.6972       292.3842       291.6227       290.6624       289.4969       289.1332    
 2190   288.9619       288.7834       289.7457       290.6411       291.6971       292.4614       292.8201       292.5009       291.8729       290.9525       289.9569       289.2647    
 2191   289.0245       289.2536       289.9377       290.8976       291.7629       292.5555       293.0014       292.8148       292.1451       291.1765       290.2024       289.5284    
 2192   289.4502       289.6247       290.0967       291.0512       291.9514       292.6009       293.0635       292.7941       291.9608       290.9704       289.9373       289.1788    
 2193   288.8741       289.3526       289.9554       290.7852       291.5701       292.4464       292.8206       292.5485       291.8722       290.7713       289.7262       289.0332    
 2194   288.8835       288.8706       289.5982       290.5982       291.6016       292.2982       292.7547       292.5384       291.8722       290.7785       289.7157       289.1760    
 2195   288.8943       289.2343       289.8931       290.8036       291.7210       292.5611       292.8885       292.6692       292.0663       291.0894       289.9785       289.4916    
 2196   289.3159       289.7293       290.1790       291.0410       291.8685       292.6732       293.1209       292.7849       292.0588       291.0039       290.1079       289.5529    
 2197   289.0862       289.4489       290.0950       290.8936       291.7841       292.6586       292.9353       292.6550       292.1044       291.0739       290.0379       289.1477    
 2198   289.0175       289.2201       290.0428       290.8657       291.7829       292.3857       292.8589       292.6656       291.8705       290.7958       290.0661       289.1291    
 2199   289.0580       289.2081       289.9181       290.8111       291.7168       292.5189       292.9430       292.7267       292.0188       291.0802       290.0695       289.4730    
 2200   289.2287       289.4734       290.1355       291.0185       291.9199       292.6505       292.8422       292.7489       292.0532       291.1775       290.2757       289.3515    
 2201   288.9359       289.3612       290.0363       290.9956       291.7650       292.6021       293.0596       292.7930       292.1745       291.0367       290.2497       289.6764    
 2202   289.4351       289.6554       290.4353       291.2525       292.0098       292.7964       293.1208       293.0201       292.2459       291.3069       290.2588       289.4937    
 2203   289.5219       289.9353       290.3068       291.2712       292.1606       292.6930       293.0439       292.8400       292.1950       291.0210       290.0034       289.5818    
 2204   289.3632       289.5862       289.9854       291.0830       291.8705       292.6010       292.9442       292.7764       292.0137       290.9156       289.9266       289.1338    
 2205   288.8593       289.2000       289.7538       290.8812       291.7256       292.5667       292.9770       292.8168       292.1380       291.0459       290.1791       289.5344    
 2206   289.3338       289.6632       290.2866       291.1783       291.9295       292.8167       293.2034       292.9396       292.2113       291.3993       290.3777       289.6512    
 2207   289.5626       289.6662       290.4589       291.1379       291.9559       292.7162       293.0526       292.9549       292.2850       291.3478       290.2567       289.7066    
 2208   289.4426       290.0480       290.4337       291.2090       292.0118       292.7293       293.0896       292.9388       292.2145       291.2260       290.3943       289.6695    
 2209   289.5028       289.7200       290.5173       291.0879       291.9739       292.7626       293.1561       292.8690       292.1912       291.1418       290.2337       289.6524    
 2210   289.3799       289.7909       290.3339       291.1642       291.8965       292.7613       293.1429       292.8941       292.0499       291.1825       290.2111       289.3660    
 2211   289.0759       289.2891       290.0897       291.1289       291.8582       292.6696       292.9488       292.7684       292.0429       291.1181       290.2596       289.3418    
 2212   289.2609       289.9834       290.3555       291.1204       291.8407       292.6937       293.1561       293.0407       292.2749       291.2292       290.3626       289.6501    
 2213   289.6177       289.8528       290.3688       291.1848       292.0294       292.7428       293.1575       292.9635       292.1018       291.1371       290.1073       289.4450    
 2214   289.3259       289.3043       289.9624       290.9727       291.8018       292.5874       292.8606       292.6998       291.9368       290.8007       289.8529       289.1346    
 2215   288.7560       289.2242       289.9694       290.9186       291.7747       292.6116       292.9030       292.7274       292.0400       290.8811       289.8987       289.3666    
 2216   289.3491       289.5044       290.2173       291.1349       291.9669       292.6811       293.0255       292.8445       292.1818       291.2554       290.1931       289.6696    
 2217   289.5155       289.8921       290.3920       291.2295       292.1302       292.9650       293.2236       293.1345       292.3055       291.3004       290.3609       289.7125    
 2218   289.3035       289.6804       290.3977       291.2335       292.1423       292.8960       293.1008       292.9137       292.0988       291.1809       290.2296       289.4922    
 2219   289.3360       289.8261       290.3580       291.0034       291.8884       292.6922       293.1033       292.9171       292.1925       291.1683       290.4266       289.5912    
 2220   289.6226       289.8762       290.3508       291.1620       292.0141       292.8339       293.0573       292.8284       292.0663       291.0931       290.1891       289.5589    
 2221   289.2324       289.7456       290.1237       291.0877       291.9050       292.7748       293.0620       292.8380       292.0384       291.0871       290.2111       289.3970    
 2222   289.3373       289.6153       290.4732       291.1948       291.9734       292.9049       293.2363       292.9187       292.1961       291.2248       290.4412       289.8452    
 2223   289.6960       289.8524       290.3591       291.3452       292.0742       292.8450       293.2034       292.9171       292.1114       291.0492       290.2553       289.4955    
 2224   289.1948       289.6728       290.2277       291.2092       291.9892       292.5574       293.0294       292.8560       292.0548       291.1057       290.1659       289.4127    
 2225   289.3287       289.3613       290.1556       291.1677       291.8794       292.7921       293.1643       293.0455       292.2428       291.3254       290.2308       289.4990    
 2226   289.3729       289.8776       290.4261       291.3252       292.2951       293.0968       293.4743       293.3175       292.5193       291.4105       290.6115       289.8170    
 2227   289.5039       289.7752       290.5391       291.3355       292.0765       292.9578       293.3563       293.0561       292.5223       291.4370       290.6104       289.7281    
 2228   289.5103       290.2059       290.6139       291.5689       292.2288       293.0365       293.3847       293.1356       292.3661       291.3683       290.3253       289.7582    
 2229   289.3626       289.6852       290.3488       291.3727       292.0605       292.9304       293.2472       293.0582       292.2343       291.2096       290.2211       289.5583    
 2230   289.3177       289.5517       290.1936       291.0840       291.9691       292.8682       293.2508       292.9534       292.2576       291.3284       290.5009       289.5105    
 2231   289.6068       289.7664       290.3494       291.2205       292.1660       293.0288       293.4549       293.0952       292.4436       291.4948       290.5372       289.8873    
 2232   289.7476       290.3304       290.6435       291.2303       292.1895       292.8746       293.2395       292.9759       292.3070       291.3891       290.4368       289.6229    
 2233   289.5592       289.8218       290.3518       291.2722       292.1363       292.9008       293.3311       293.1540       292.4279       291.2652       290.4774       289.8465    
 2234   289.7498       289.8646       290.4477       291.3355       292.1676       292.8893       293.2662       293.2506       292.4383       291.3434       290.3070       289.7535    
 2235   289.6145       289.7903       290.4217       291.3221       292.1851       292.9529       293.2639       293.0150       292.2301       291.3293       290.4651       289.7574    
 2236   289.4749       290.0479       290.5370       291.2045       292.0395       292.8030       293.2880       293.1414       292.3748       291.4514       290.5526       289.6657    
 2237   289.7263       289.8892       290.5172       291.3729       292.1127       292.9808       293.4060       293.1039       292.3404       291.3824       290.3596       289.5739    
 2238   289.4342       289.8284       290.4128       291.0490       291.9902       292.7856       293.1842       293.0196       292.3521       291.1342       290.2243       289.4950    
 2239   289.4753       289.5375       290.4200       291.2669       292.1784       292.8953       293.2844       293.0482       292.3245       291.3272       290.3722       289.7398    
 2240   289.4821       289.7332       290.4718       291.1670       292.1489       292.7627       293.1542       293.0125       292.4121       291.3414       290.5039       289.9243    
 2241   289.6688       289.9930       290.5824       291.3782       292.1455       292.8809       293.2641       293.0352       292.3997       291.3790       290.2661       289.9504    
 2242   289.5883       289.8681       290.5240       291.2254       292.1548       292.9309       293.2259       293.0634       292.4398       291.5407       290.4200       289.9373    
 2243   289.7740       290.1989       290.6401       291.4131       292.1813       292.8255       293.1586       293.0217       292.2304       291.2445       290.2328       289.6819    
 2244   289.5696       289.7500       290.3730       291.2822       292.0116       292.8485       293.1572       293.0697       292.1261       291.1980       290.2551       289.7167    
 2245   289.4728       289.7753       290.5704       291.2197       292.1021       292.8862       293.3026       293.0452       292.3679       291.4346       290.5244       289.5764    
 2246   289.8024       289.9762       290.5161       291.3568       292.2106       292.9756       293.4001       293.1714       292.3765       291.4842       290.5992       289.8020    
 2247   289.8199       290.0183       290.6211       291.5087       292.1964       293.0868       293.3183       293.1903       292.4323       291.3993       290.3366       289.8450    
 2248   289.8018       290.0002       290.6857       291.4557       292.2260       293.0416       293.3677       293.2278       292.4985       291.3822       290.4715       289.7212    
 2249   289.7272       290.0578       290.5376       291.4978       292.2000       293.0657       293.4044       293.1854       292.4505       291.4601       290.4645       289.8029    
 2250   289.8878       290.1193       290.7528       291.4976       292.2600       293.0345       293.3737       293.1534       292.4919       291.5090       290.6288       289.9921    
 2251   290.0502       290.2698       290.6533       291.4400       292.1576       293.0155       293.2322       293.0372       292.4038       291.3853       290.4477       289.6744    
 2252   289.4205       289.9168       290.3995       291.3097       292.0625       292.7630       293.0449       292.8513       292.1071       291.1249       290.1876       289.6475    
 2253   289.4457       289.6245       290.3590       291.1733       292.1693       292.9312       293.2675       293.0986       292.4427       291.4265       290.5141       289.7135    
 2254   289.9328       290.1376       290.6436       291.4376       292.2011       292.9070       293.3582       293.2080       292.4924       291.5240       290.5057       290.0310    
 2255   289.9766       290.1729       290.7229       291.5536       292.4876       293.1299       293.4921       293.4600       292.6792       291.7297       290.6604       290.2373    
 2256   290.2727       290.5676       290.8953       291.6270       292.4153       293.1599       293.5915       293.4159       292.6029       291.6276       290.5905       290.0572    
 2257   289.6905       290.1795       290.5138       291.3592       292.2383       293.0211       293.4319       293.2304       292.4288       291.4398       290.4437       289.8867    
 2258   289.4911       289.7043       290.5379       291.3233       292.2094       293.0322       293.3052       293.0899       292.4095       291.2570       290.4223       289.7081    
 2259   289.5356       289.7899       290.3810       291.3141       292.1398       293.0236       293.3546       293.1272       292.5022       291.4104       290.3135       289.8210    
 2260   289.8520       290.1801       290.6801       291.4045       292.2114       292.9339       293.4504       293.2325       292.3857       291.5299       290.6851       290.0599    
 2261   290.0635       290.1207       290.5928       291.5656       292.3318       293.1696       293.5899       293.3815       292.6696       291.7422       290.6989       290.0791    
 2262   289.9146       290.1241       290.8459       291.6477       292.4357       293.2293       293.6215       293.4144       292.7097       291.6288       290.7672       289.9947    
 2263   289.7393       289.9989       290.7088       291.5064       292.4551       293.0894       293.4193       293.2143       292.4406       291.4649       290.5700       289.9318    
 2264   289.8035       290.1689       290.6934       291.5282       292.2787       293.1318       293.4487       293.2160       292.4110       291.6412       290.7111       289.9555    
 2265   289.8709       290.2092       290.8071       291.5195       292.4216       293.2505       293.5936       293.3842       292.6917       291.6720       290.6919       290.0593    
 2266   289.9801       290.3137       290.9208       291.5232       292.3340       293.0448       293.4160       293.2187       292.4528       291.4460       290.5894       289.8319    
 2267   289.7812       289.9990       290.7789       291.4265       292.2083       293.0113       293.4497       293.2278       292.5446       291.3628       290.4441       289.6656    
 2268   289.7891       290.0330       290.7916       291.5764       292.3584       293.1741       293.6036       293.4257       292.6711       291.5989       290.8519       289.9836    
 2269   289.9338       290.3759       290.8838       291.7603       292.4025       293.1685       293.4850       293.2540       292.4843       291.5764       290.7091       289.9767    
 2270   289.7645       290.2316       290.7842       291.5175       292.3283       293.1844       293.4918       293.1478       292.3991       291.3474       290.3715       289.5821    
 2271   289.4225       289.9298       290.5536       291.5069       292.4588       293.2131       293.5370       293.3511       292.5713       291.5877       290.6341       290.0946    
 2272   289.8581       290.1729       290.8608       291.6311       292.4359       293.1270       293.6267       293.3509       292.6183       291.5643       290.6652       290.0226    
 2273   290.0630       290.1866       290.8121       291.5262       292.2797       292.9858       293.4001       293.2214       292.5332       291.6054       290.6422       289.9372    
 2274   289.5949       289.6807       290.5146       291.3045       292.1421       292.9585       293.2743       293.0261       292.3027       291.3292       290.3962       289.8041    
 2275   289.6328       289.9063       290.4344       291.3160       292.1086       292.9165       293.3074       293.1024       292.4872       291.4112       290.3956       289.7473    
 2276   289.6989       290.0223       290.5043       291.4641       292.3954       293.1967       293.6371       293.4479       292.7361       291.7749       290.8549       290.3042    
 2277   290.0151       290.2094       291.0877       291.6956       292.4843       293.2178       293.5172       293.2522       292.5148       291.6547       290.7785       290.2433    
 2278   289.7900       290.1009       290.9346       291.6200       292.3479       293.0644       293.4395       293.2938       292.4428       291.3463       290.5544       290.0051    
 2279   289.8118       290.2442       290.4413       291.4338       292.2868       292.9694       293.4683       293.1566       292.4684       291.4574       290.4659       290.0363    
 2280   289.8670       290.0699       290.8723       291.6185       292.3078       293.1698       293.5687       293.3020       292.5474       291.5817       290.7299       289.9948    
 2281   290.1010       290.3069       290.6826       291.6501       292.4419       293.0594       293.5529       293.3663       292.6335       291.6698       290.6016       290.2127    
 2282   290.1537       290.5262       291.0079       291.6123       292.4225       293.1418       293.5833       293.3920       292.6193       291.7134       290.7767       290.1212    
 2283   289.8467       290.2049       290.7958       291.5005       292.2971       292.9511       293.5824       293.3298       292.4590       291.5356       290.5353       289.9795    
 2284   289.9975       290.2329       290.8294       291.4757       292.4136       293.1141       293.5399       293.2454       292.3913       291.3048       290.4935       289.8031    
 2285   289.6135       289.8784       290.4081       291.3859       292.1475       293.1052       293.4763       293.3037       292.5445       291.6478       290.5944       290.0060    
 2286   289.6343       289.9486       290.6677       291.4748       292.4162       293.2299       293.5795       293.4823       292.7148       291.7300       290.7451       290.0896    
 2287   290.1184       290.3413       290.9497       291.7787       292.5521       293.3008       293.7864       293.4887       292.7959       291.8517       290.9946       290.3343    
 2288   290.3008       290.5066       290.8784       291.7796       292.4109       293.1533       293.4849       293.1819       292.4852       291.4100       290.5100       290.0537    
 2289   289.8195       289.9701       290.4806       291.4417       292.2806       293.0186       293.4012       293.1692       292.4516       291.4392       290.4307       289.9478    
 2290   289.7066       289.9795       290.5625       291.5490       292.2092       293.0852       293.5620       293.3475       292.5294       291.5934       290.8366       290.2729    
 2291   290.1790       290.4536       290.9959       291.6179       292.5318       293.2991       293.5525       293.4666       292.7860       291.7266       290.7293       290.0817    
 2292   290.1431       290.4893       291.0637       291.8170       292.5972       293.4499       293.6918       293.4982       292.6670       291.7341       290.7564       290.0658    
 2293   289.8662       290.2348       290.7599       291.6722       292.3532       293.0674       293.5341       293.2553       292.6055       291.5681       290.5364       289.9134    
 2294   289.7318       289.9462       290.6492       291.5926       292.5555       293.2343       293.5860       293.3125       292.5155       291.5615       290.5394       289.9275    
 2295   289.9322       290.1458       290.5912       291.4716       292.2932       293.2083       293.6202       293.3349       292.5271       291.6142       290.6303       289.9961    
 2296   289.9368       290.2327       290.9550       291.5797       292.4169       293.1810       293.6516       293.3495       292.6870       291.7000       290.6862       290.1617    
 2297   290.0610       290.2960       290.9489       291.7675       292.5130       293.2269       293.6544       293.3905       292.8348       291.6807       290.6785       290.0649    
 2298   289.8302       290.0889       290.8467       291.7037       292.4734       293.1782       293.5649       293.4149       292.6219       291.6298       290.6903       290.0927    
 2299   289.8436       290.0094       290.6159       291.5122       292.3783       293.1720       293.5776       293.2919       292.6695       291.5075       290.6540       289.9224    
 2300   290.0153       290.4374       290.9066       291.5963       292.3180       293.2834       293.7683       293.5464       292.8205       291.7344       290.9209       290.1930    
