# ensemble mea of file global_tas_Amon_MPI-ESM-LR_rcp26_%%.dat
# using members   0 to   2
# <a href=http://cmip-pcmdi.llnl.gov/cmip5/>CMIP5</a> global mean temperature computed at <a href=http://www.knmi.nl/selectfield_cmip5.cgi?someone@somewhere>KNMI Climate Explorer</a> tas_Amon_MPI-ESM-LR_rcp26_r1i1p1
# tas [K] from MPI-ESM-LR model output prepared for CMIP5 RCP2.6 r1i1p1
# cutting out region lon=   -0.938  359.062, lat=  -89.497   89.497
 1850   284.5577       284.8882       285.7649       286.7796       287.6806       288.3543       288.5505       288.3387       287.6506       286.6219       285.5528       284.7843    
 1851   284.5467       284.9647       285.9454       286.7862       287.7158       288.3072       288.4784       288.3186       287.6438       286.5639       285.4367       284.7969    
 1852   284.5645       284.9115       285.7320       286.8240       287.6647       288.2738       288.4958       288.2643       287.6433       286.5388       285.3709       284.7401    
 1853   284.5921       284.9710       285.7769       286.6855       287.6478       288.2303       288.5490       288.3275       287.5945       286.5097       285.4259       284.6908    
 1854   284.6173       285.0451       285.8289       286.8189       287.6460       288.2155       288.4999       288.3558       287.6240       286.5265       285.3676       284.6261    
 1855   284.4535       284.7560       285.6253       286.7011       287.5388       288.0933       288.4233       288.2954       287.5673       286.5251       285.4346       284.5856    
 1856   284.3192       284.7671       285.6390       286.6621       287.5576       288.2318       288.3994       288.2417       287.5476       286.4731       285.4386       284.6361    
 1857   284.4827       284.8712       285.7560       286.7494       287.6932       288.2607       288.4716       288.2063       287.5828       286.4878       285.3197       284.5897    
 1858   284.4173       284.7971       285.6243       286.6466       287.5661       288.1373       288.4348       288.2915       287.7333       286.7069       285.4294       284.6956    
 1859   284.4778       284.8756       285.6611       286.6488       287.6504       288.2579       288.4865       288.2990       287.6042       286.4669       285.3329       284.6443    
 1860   284.3341       284.7720       285.6761       286.6868       287.5546       288.2533       288.4779       288.2524       287.5933       286.5375       285.3979       284.6833    
 1861   284.5426       284.8908       285.6931       286.7697       287.6464       288.2955       288.5272       288.3198       287.6603       286.5254       285.3917       284.6029    
 1862   284.3328       284.7839       285.6217       286.6068       287.6232       288.2456       288.4678       288.3373       287.5995       286.5097       285.3774       284.6670    
 1863   284.4757       284.9777       285.6840       286.7353       287.5786       288.2075       288.5397       288.3155       287.6345       286.6596       285.5051       284.6622    
 1864   284.4627       284.8662       285.7227       286.6570       287.6007       288.1754       288.3869       288.2510       287.6053       286.4138       285.3474       284.7036    
 1865   284.5500       285.1078       285.8110       286.6774       287.5992       288.2446       288.4615       288.3313       287.5955       286.5376       285.3682       284.6612    
 1866   284.4673       284.7784       285.5215       286.6728       287.6159       288.2225       288.5517       288.3856       287.6609       286.6433       285.5027       284.7509    
 1867   284.6591       285.0441       285.9185       286.8353       287.7799       288.3589       288.6749       288.4957       287.7720       286.6564       285.5110       284.8510    
 1868   284.5550       284.9159       285.8611       286.8797       287.7583       288.4054       288.6214       288.4687       287.7869       286.6118       285.5388       284.9023    
 1869   284.6213       284.9284       285.7252       286.7768       287.6843       288.3073       288.4894       288.3305       287.7171       286.6157       285.4467       284.7935    
 1870   284.5813       285.0280       285.8022       286.7303       287.6388       288.2838       288.5233       288.3582       287.7012       286.5813       285.5646       284.8297    
 1871   284.5884       285.0180       285.8385       286.7548       287.6584       288.2770       288.5224       288.3154       287.6380       286.5688       285.4257       284.7765    
 1872   284.6103       284.9673       285.8822       286.8390       287.5735       288.2852       288.5137       288.3263       287.6150       286.4590       285.3792       284.6302    
 1873   284.4521       284.9732       285.8114       286.7950       287.6057       288.2533       288.5062       288.3321       287.7064       286.5716       285.5057       284.7323    
 1874   284.5174       285.0027       285.6718       286.8234       287.7132       288.4031       288.6183       288.4395       287.7734       286.6623       285.6589       284.9266    
 1875   284.6920       285.2176       286.0260       286.9748       287.9167       288.4269       288.6241       288.3922       287.7407       286.7967       285.6325       284.9040    
 1876   284.7802       284.9920       285.8665       286.8087       287.7390       288.4120       288.6658       288.4455       287.7237       286.5963       285.4763       284.7344    
 1877   284.6350       285.0278       285.8110       286.8212       287.7314       288.2990       288.6558       288.4222       287.6673       286.5274       285.4858       284.7611    
 1878   284.5143       285.0382       285.7943       286.7522       287.6161       288.3195       288.4828       288.2912       287.6573       286.5060       285.4026       284.7683    
 1879   284.4576       284.8844       285.6080       286.7281       287.5884       288.2775       288.4765       288.2816       287.5922       286.5058       285.3152       284.5700    
 1880   284.4054       284.9002       285.7335       286.8044       287.6369       288.2765       288.4766       288.2440       287.5660       286.4668       285.2510       284.6463    
 1881   284.5561       284.8500       285.7038       286.8460       287.6887       288.3462       288.5477       288.3720       287.7021       286.6247       285.4193       284.6914    
 1882   284.5016       284.9340       285.7672       286.6608       287.6533       288.2199       288.4373       288.2267       287.6084       286.4442       285.3390       284.7527    
 1883   284.4251       284.7898       285.6024       286.5933       287.4885       288.1283       288.2947       288.0663       287.4144       286.2888       285.1275       284.4233    
 1884   284.2533       284.6576       285.3684       286.3159       287.2213       287.8395       288.0550       287.8257       287.1195       286.0070       284.8064       284.2325    
 1885   284.0999       284.4138       285.2321       286.3238       287.2001       287.8251       288.0581       287.8630       287.2126       286.1130       284.9663       284.1382    
 1886   283.9249       284.5195       285.4030       286.4274       287.3379       288.0419       288.3008       288.0844       287.4438       286.3332       285.1013       284.3836    
 1887   284.1070       284.5511       285.3385       286.3725       287.3986       287.9929       288.2206       288.0357       287.3976       286.3674       285.2238       284.5002    
 1888   284.3260       284.6134       285.5442       286.4916       287.4530       288.1165       288.2997       288.1304       287.4652       286.4162       285.1496       284.2981    
 1889   284.3544       284.6146       285.4426       286.5825       287.4351       288.0972       288.3057       288.1835       287.4558       286.2691       285.2447       284.5050    
 1890   284.2456       284.7367       285.5298       286.4933       287.4180       288.1417       288.3127       288.1323       287.4859       286.3835       285.3167       284.5351    
 1891   284.2904       284.7609       285.5462       286.5455       287.4752       288.1701       288.4191       288.1944       287.4605       286.4373       285.2193       284.4389    
 1892   284.4199       284.8763       285.6852       286.5780       287.5288       288.1342       288.3774       288.2177       287.4395       286.3231       285.1779       284.4477    
 1893   284.2630       284.7592       285.5904       286.6802       287.6234       288.1962       288.4978       288.2982       287.6187       286.5049       285.4218       284.7131    
 1894   284.5465       284.9998       285.7924       286.7505       287.6501       288.3062       288.5203       288.3777       287.7141       286.6106       285.4286       284.7932    
 1895   284.6000       284.9655       285.7509       286.7568       287.6437       288.3174       288.5959       288.4165       287.7162       286.6825       285.4708       284.7719    
 1896   284.6187       284.9931       285.9000       286.8656       287.7533       288.3505       288.5805       288.3253       287.5565       286.4739       285.3891       284.6852    
 1897   284.4430       284.8652       285.6452       286.7109       287.7140       288.2866       288.5020       288.2888       287.5945       286.5668       285.4651       284.6548    
 1898   284.5023       284.9303       285.8538       286.8291       287.6140       288.2675       288.5304       288.3695       287.6912       286.5952       285.4522       284.7306    
 1899   284.5150       284.9695       285.7877       286.8100       287.6721       288.3099       288.5591       288.3237       287.7221       286.6790       285.4910       284.8166    
 1900   284.6147       285.0741       285.6896       286.7068       287.6246       288.2903       288.4837       288.2871       287.6519       286.5347       285.4006       284.7299    
 1901   284.5288       284.9487       285.7528       286.7128       287.5973       288.2598       288.4928       288.3304       287.6286       286.6224       285.4202       284.7013    
 1902   284.6046       284.8997       285.6555       286.6864       287.5879       288.2632       288.5087       288.3152       287.7731       286.6194       285.4851       284.7498    
 1903   284.5049       284.8479       285.6134       286.6594       287.5147       288.1136       288.4385       288.1960       287.6101       286.5580       285.4547       284.6064    
 1904   284.4103       284.8821       285.7405       286.7030       287.5687       288.1902       288.3926       288.2071       287.5450       286.4679       285.4640       284.6052    
 1905   284.4330       284.8100       285.6617       286.7558       287.6205       288.2306       288.4274       288.2495       287.5507       286.4199       285.3509       284.5682    
 1906   284.4018       284.8480       285.6113       286.6113       287.6185       288.2788       288.4562       288.3021       287.6492       286.6690       285.4656       284.7098    
 1907   284.4535       284.9278       285.7200       286.6375       287.5756       288.1430       288.3758       288.2507       287.5884       286.4948       285.3855       284.6646    
 1908   284.5477       284.9657       285.7122       286.7328       287.6497       288.2781       288.4936       288.2958       287.7056       286.5900       285.4307       284.7269    
 1909   284.5911       284.9696       285.6928       286.7982       287.7178       288.3351       288.5469       288.4210       287.7838       286.7869       285.6743       284.8944    
 1910   284.7800       285.0146       285.8956       286.8806       287.7703       288.3739       288.6013       288.3849       287.7595       286.6989       285.4767       284.7876    
 1911   284.6728       285.0044       285.6987       286.7356       287.6542       288.2655       288.5491       288.3860       287.6997       286.7185       285.5824       284.8859    
 1912   284.7458       285.0568       285.9139       286.8668       287.7482       288.3768       288.6146       288.3338       287.6015       286.5468       285.4200       284.8492    
 1913   284.5583       285.0391       285.7545       286.7935       287.6270       288.1992       288.4181       288.2789       287.5407       286.5017       285.3877       284.7084    
 1914   284.5155       284.8376       285.7856       286.7413       287.6398       288.2740       288.4596       288.3828       287.7625       286.7252       285.5729       284.8600    
 1915   284.5980       284.9927       285.8485       286.8030       287.7790       288.3611       288.5703       288.4066       287.7518       286.7499       285.6244       284.9059    
 1916   284.7525       285.0263       285.8361       286.8349       287.7851       288.4313       288.5746       288.4026       287.6860       286.6854       285.6511       285.0185    
 1917   284.6607       285.1326       285.9126       286.7560       287.7019       288.3748       288.5099       288.2886       287.6974       286.5273       285.5187       284.7707    
 1918   284.5562       284.9611       285.7882       286.8682       287.8383       288.3778       288.5736       288.4781       287.8383       286.7140       285.6121       284.8683    
 1919   284.6829       284.8557       285.8460       286.9146       287.9007       288.5195       288.7491       288.5096       287.8351       286.8389       285.7421       284.9004    
 1920   284.7907       285.2682       286.0850       287.0441       287.9049       288.4868       288.6995       288.4440       287.7551       286.7076       285.5610       284.8402    
 1921   284.6555       284.9755       285.8567       286.7836       287.7330       288.2600       288.4966       288.3838       287.6383       286.5889       285.5263       284.8223    
 1922   284.5350       284.9251       285.6808       286.7362       287.7107       288.2877       288.5671       288.3267       287.6788       286.6687       285.5719       284.7889    
 1923   284.6660       284.8953       285.8207       286.8400       287.7809       288.3690       288.6512       288.4900       287.8647       286.7554       285.6573       284.8622    
 1924   284.7141       285.1726       285.8658       286.8991       287.8565       288.4404       288.6407       288.4306       287.7492       286.6534       285.5827       284.8889    
 1925   284.7925       285.0598       285.7945       286.9125       287.8006       288.4158       288.6385       288.4243       287.7993       286.7081       285.5771       284.8426    
 1926   284.6049       285.0347       285.8992       286.8325       287.6741       288.3673       288.5909       288.4314       287.6826       286.6302       285.4006       284.8085    
 1927   284.5493       284.9131       285.7794       286.7982       287.7473       288.3229       288.5338       288.4256       287.7466       286.6394       285.4778       284.7449    
 1928   284.4942       284.8972       285.8063       286.7456       287.6980       288.4146       288.6271       288.5031       287.7778       286.6649       285.5153       284.8219    
 1929   284.6373       285.1593       285.8005       286.8400       287.7599       288.3725       288.6324       288.4334       287.7116       286.5562       285.4613       284.7868    
 1930   284.5449       284.9590       285.8284       286.8455       287.7928       288.4478       288.6221       288.4550       287.8808       286.8127       285.6952       284.9304    
 1931   284.6772       285.0958       285.9160       286.9464       287.8304       288.4622       288.7045       288.4844       287.8795       286.8687       285.7588       284.9489    
 1932   284.8019       285.1173       285.9781       286.8527       287.7110       288.3800       288.5810       288.4323       287.7468       286.6297       285.5334       284.7988    
 1933   284.4667       284.9251       285.7039       286.7365       287.6872       288.3329       288.5208       288.3308       287.7215       286.7288       285.4722       284.7514    
 1934   284.6700       285.1083       285.8308       286.9119       287.8311       288.4114       288.6538       288.4488       287.7380       286.7367       285.5851       284.8461    
 1935   284.7231       285.1211       285.9277       286.9236       287.8118       288.5303       288.7798       288.5958       287.9359       286.8551       285.6511       285.0329    
 1936   284.8473       285.1887       286.0182       287.0572       287.8329       288.3656       288.6284       288.4580       287.8260       286.7676       285.6478       284.9315    
 1937   284.7513       285.0807       285.8827       286.8410       287.7835       288.3966       288.6057       288.5226       287.8491       286.7511       285.6594       284.8801    
 1938   284.7259       285.1799       285.9290       286.9738       287.8146       288.4470       288.6903       288.4665       287.8457       286.7871       285.6726       284.9508    
 1939   284.7143       285.1017       285.9381       287.0048       287.8303       288.4019       288.6702       288.4541       287.7912       286.8392       285.6900       284.7912    
 1940   284.6191       285.1955       285.9131       286.8249       287.7716       288.4612       288.7195       288.5477       287.8898       286.8843       285.8150       284.9795    
 1941   284.8645       285.1591       286.0096       287.1311       287.9981       288.6080       288.7950       288.5519       287.9234       286.8686       285.7946       284.9514    
 1942   284.9550       285.3249       286.1513       287.0047       287.9157       288.4637       288.7025       288.4942       287.8152       286.7457       285.6429       284.8592    
 1943   284.7142       285.1158       285.8315       286.8465       287.7555       288.4071       288.6118       288.4317       287.7906       286.7758       285.6545       284.8648    
 1944   284.6464       285.1094       285.8656       286.8577       287.7890       288.3744       288.6448       288.4364       287.9100       286.8259       285.5831       284.8898    
 1945   284.6950       285.1461       285.9936       286.9812       287.8559       288.4832       288.7579       288.5140       287.8502       286.8404       285.7680       284.8820    
 1946   284.7522       285.2547       286.0642       286.9547       287.8636       288.4599       288.7069       288.5076       287.8607       286.8651       285.7108       284.8641    
 1947   284.7338       285.1211       285.9050       286.9324       287.8944       288.5511       288.8105       288.6217       287.9791       286.9940       285.9458       285.1189    
 1948   284.9290       285.3136       286.0655       287.0527       288.0292       288.5879       288.7484       288.6046       287.9585       286.8848       285.7665       284.9000    
 1949   284.7682       285.0845       285.8568       286.9397       287.8013       288.4399       288.5846       288.3973       287.8135       286.7298       285.6140       284.9253    
 1950   284.7578       285.2018       285.9124       286.9312       287.8987       288.4813       288.6935       288.5494       287.8399       286.7418       285.6438       284.9613    
 1951   284.7335       285.1309       285.8008       286.8680       287.7548       288.4091       288.6201       288.4369       287.8113       286.6923       285.6620       284.8954    
 1952   284.5795       284.9280       285.9726       286.9256       287.8601       288.4863       288.7383       288.5494       287.8839       286.8086       285.7040       284.9917    
 1953   284.7172       285.1747       285.9757       287.0717       287.8959       288.4864       288.7072       288.5854       287.9120       286.8606       285.7347       285.0894    
 1954   284.8595       285.1723       285.8099       286.8638       287.7983       288.4751       288.7605       288.5667       287.8808       286.7451       285.5156       284.8923    
 1955   284.7175       285.0231       285.8312       286.8815       287.8205       288.5002       288.7474       288.5048       287.9068       286.8040       285.7041       284.9941    
 1956   284.7901       285.0638       285.9452       286.9859       287.8980       288.4755       288.6874       288.5607       287.8723       286.7474       285.6431       284.9288    
 1957   284.7003       285.1127       285.9379       287.0587       287.9701       288.6070       288.7929       288.6320       287.9500       286.9120       285.9309       285.1029    
 1958   284.9111       285.1867       285.9929       287.0355       287.9769       288.5817       288.7589       288.5290       287.8878       286.8383       285.6981       285.0049    
 1959   284.8430       285.1501       285.9904       287.0905       287.8473       288.5319       288.7747       288.5922       287.9181       286.9305       285.7756       284.9101    
 1960   284.6946       285.1566       286.0098       287.0675       287.9260       288.5228       288.7129       288.5258       287.8407       286.8086       285.6511       284.9054    
 1961   284.8301       285.1946       286.0682       287.0238       287.9044       288.6221       288.8292       288.6546       288.0316       286.9173       285.7914       285.0509    
 1962   284.9051       285.2160       285.9720       287.0247       287.9874       288.5710       288.7931       288.6120       287.9737       286.9373       285.8731       285.1330    
 1963   284.9344       285.2070       286.2304       287.1923       288.0697       288.6151       288.8769       288.6586       288.0379       287.0214       285.9339       285.1357    
 1964   284.8595       285.2543       286.1800       287.1363       287.9945       288.5232       288.6601       288.4580       287.8265       286.7350       285.5442       284.8847    
 1965   284.7565       285.0838       285.8614       286.9150       287.7627       288.3453       288.6263       288.3722       287.7547       286.6685       285.5760       284.7532    
 1966   284.6100       284.9352       285.8014       286.9003       287.8793       288.4960       288.7023       288.6095       287.9053       286.8435       285.6829       284.9572    
 1967   284.6574       285.1718       286.0262       286.9829       287.8810       288.4784       288.6753       288.5143       287.8820       286.8949       285.7716       285.0793    
 1968   284.9234       285.2776       286.0879       287.1303       288.0920       288.7012       288.9432       288.7023       288.0551       287.0118       285.8576       285.0908    
 1969   285.0030       285.3486       286.0836       287.1182       288.0620       288.6854       288.8329       288.6206       287.9960       286.9037       285.7429       284.9286    
 1970   284.8632       285.2166       286.0868       287.0988       287.9824       288.5278       288.7711       288.5985       287.9906       286.9384       285.7930       284.9492    
 1971   284.8242       285.1585       285.9249       287.0022       287.9372       288.5959       288.8442       288.6968       288.0138       286.9795       285.8942       285.1154    
 1972   284.9511       285.3993       286.1628       287.1735       288.0722       288.7317       288.9088       288.7576       288.1212       286.9934       285.9149       285.1758    
 1973   284.9366       285.2646       286.1826       287.1975       288.0268       288.6930       289.0028       288.7804       288.0786       287.0741       285.9710       285.1819    
 1974   284.9459       285.4959       286.1145       287.0963       287.9942       288.6278       288.9125       288.7657       288.0819       287.0140       285.8777       285.1214    
 1975   284.9882       285.3546       286.2358       287.2484       288.0753       288.6982       288.9344       288.7919       288.2169       287.0891       285.9334       285.1964    
 1976   284.9579       285.3243       286.1052       287.1232       288.1851       288.7448       288.9503       288.7935       288.2117       287.0966       285.9930       285.2829    
 1977   285.1195       285.4047       286.1640       287.2035       288.1742       288.7401       288.9810       288.8148       288.1625       287.1262       285.9939       285.3305    
 1978   285.1681       285.4839       286.2611       287.2692       288.1233       288.6932       288.9721       288.8782       288.2201       287.1857       286.0513       285.2702    
 1979   285.1584       285.5610       286.3396       287.3987       288.2018       288.8446       289.1026       288.9559       288.3099       287.2975       286.1989       285.3845    
 1980   285.2620       285.5568       286.4547       287.5511       288.3565       288.9037       289.1263       288.9747       288.2723       287.2169       286.0592       285.3451    
 1981   285.1589       285.6139       286.3460       287.4294       288.2488       288.8416       289.1055       288.9662       288.2868       287.2066       286.1169       285.3648    
 1982   285.2786       285.6380       286.3911       287.3113       288.2593       288.8591       289.0792       288.8900       288.2421       287.2771       286.1149       285.2608    
 1983   284.9118       285.4641       286.3306       287.2271       288.1093       288.7358       288.9367       288.7990       288.1476       287.0220       285.9258       285.2630    
 1984   285.0667       285.5105       286.3625       287.4000       288.2107       288.8298       289.0359       288.9187       288.2197       287.2821       286.0368       285.2565    
 1985   285.0878       285.5033       286.4025       287.3283       288.1474       288.8041       289.0060       288.7965       288.1790       287.1704       286.0236       285.3691    
 1986   285.0887       285.5580       286.3913       287.3417       288.2027       288.7616       289.0157       288.8042       288.2447       287.2262       286.1217       285.3945    
 1987   285.1788       285.5344       286.4121       287.4091       288.2475       288.8597       289.1345       288.9592       288.3175       287.2463       286.1708       285.3008    
 1988   285.2483       285.6031       286.3374       287.3907       288.2763       288.8369       289.0044       288.8852       288.2240       287.2382       286.1132       285.3208    
 1989   285.2712       285.6470       286.4809       287.5177       288.4602       289.0516       289.3173       289.1317       288.5393       287.5931       286.5040       285.8528    
 1990   285.4919       285.8938       286.7431       287.7177       288.6100       289.1940       289.4026       289.2054       288.5285       287.5634       286.5006       285.7851    
 1991   285.5111       285.8837       286.6183       287.6327       288.5284       289.0400       289.2295       289.0249       288.3773       287.3080       286.1971       285.4629    
 1992   285.1229       285.4668       286.3212       287.1950       288.1132       288.7018       288.8689       288.6683       288.0153       287.0226       285.8462       285.2412    
 1993   285.1604       285.3717       286.3044       287.3049       288.1270       288.6971       288.9971       288.7744       288.0820       287.1362       285.9619       285.3188    
 1994   285.2334       285.5082       286.3274       287.3605       288.2145       288.8790       289.0896       288.9596       288.3012       287.3731       286.2150       285.5630    
 1995   285.2855       285.7502       286.4444       287.4644       288.3887       288.8813       289.1577       289.0321       288.4177       287.4586       286.3762       285.6476    
 1996   285.4305       285.8395       286.5944       287.6092       288.4148       289.0536       289.2177       289.0898       288.4522       287.4442       286.3110       285.5335    
 1997   285.3427       285.7830       286.5157       287.5860       288.4627       289.0658       289.2878       289.0480       288.4619       287.4937       286.4928       285.7359    
 1998   285.5053       285.9276       286.7023       287.7668       288.6446       289.1689       289.4138       289.1497       288.4991       287.4579       286.2850       285.5373    
 1999   285.4200       285.7716       286.6425       287.6588       288.5261       289.0773       289.2594       289.1194       288.5141       287.5123       286.3616       285.5977    
 2000   285.3272       285.8595       286.7072       287.6358       288.5095       289.0988       289.3092       289.1251       288.5526       287.5598       286.4272       285.7013    
 2001   285.4414       285.8609       286.5771       287.6723       288.5715       289.1598       289.4501       289.2234       288.5615       287.5383       286.4094       285.7725    
 2002   285.4690       285.9534       286.5804       287.7073       288.5751       289.1776       289.3470       289.1950       288.6180       287.5288       286.4284       285.7897    
 2003   285.5622       285.8160       286.6707       287.8069       288.6801       289.3363       289.5830       289.4148       288.7921       287.8275       286.7504       285.9342    
 2004   285.7657       286.1702       286.9349       287.9774       288.8099       289.3815       289.5943       289.4044       288.7686       287.7743       286.6204       285.8784    
 2005   285.6382       286.0664       286.8527       287.8792       288.7118       289.2886       289.4958       289.3901       288.7549       287.7213       286.5487       285.8916    
 2006   285.7665       286.0580       286.8762       287.8341       288.6544       289.2888       289.4828       289.3585       288.6794       287.6447       286.6571       285.9384    
 2007   285.6423       286.1093       286.8066       287.7874       288.7627       289.3584       289.6009       289.4431       288.8405       287.8019       286.6200       285.8692    
 2008   285.6917       286.0381       286.8853       287.8524       288.7586       289.2760       289.5044       289.3308       288.6944       287.7122       286.5583       285.8395    
 2009   285.5210       285.9185       286.7122       287.8077       288.6531       289.2104       289.5129       289.3285       288.7016       287.6619       286.6228       285.8991    
 2010   285.7534       286.0529       286.7999       287.7831       288.7550       289.3378       289.6210       289.5312       288.8515       287.9225       286.7248       285.9688    
 2011   285.8126       286.1285       286.9517       288.0200       288.9130       289.5024       289.6596       289.5036       288.8760       287.8576       286.7848       286.0436    
 2012   285.9330       286.2436       287.1205       287.9320       288.8918       289.4789       289.7570       289.5546       288.9463       287.9386       286.8607       286.1257    
 2013   285.7366       286.2631       287.1301       288.0598       288.9819       289.5660       289.7551       289.5309       288.9342       287.9739       286.9482       286.1855    
 2014   285.9138       286.3369       287.0537       288.1018       289.0292       289.5328       289.7807       289.5945       289.0278       288.0067       286.9427       286.2466    
 2015   285.9479       286.2995       287.0908       288.1299       288.9360       289.5401       289.7121       289.6272       288.9701       287.8858       286.8308       286.0785    
 2016   285.7871       286.1241       287.0690       287.9840       288.7848       289.4283       289.7051       289.4551       288.8539       287.8748       286.8015       286.0824    
 2017   285.6835       286.2047       286.9307       287.9511       288.7757       289.3613       289.6391       289.5026       288.8368       287.7793       286.7263       286.0121    
 2018   285.8515       286.2070       287.0885       288.0002       288.8190       289.4487       289.6723       289.4937       288.8786       287.9601       286.9159       286.3564    
 2019   286.1523       286.4231       287.2278       288.3379       289.1889       289.8141       290.0128       289.8306       289.2098       288.1700       287.1867       286.2901    
 2020   286.0374       286.4588       287.3530       288.3028       289.1826       289.7054       289.9543       289.7607       289.1288       288.0929       287.0945       286.2852    
 2021   285.9346       286.3376       287.2115       288.2397       289.0625       289.6310       289.8055       289.6579       289.0534       288.0681       287.0424       286.1777    
 2022   286.1737       286.4651       287.2281       288.1847       289.0544       289.6599       289.8645       289.6607       289.0327       288.0285       287.0055       286.3010    
 2023   286.0355       286.4437       287.1302       288.0802       289.0631       289.7308       289.9557       289.7788       289.1167       288.1986       287.1023       286.4051    
 2024   286.1345       286.5154       287.3719       288.4539       289.2581       289.8047       289.9766       289.8514       289.2171       288.2009       287.0880       286.2659    
 2025   286.1208       286.4817       287.2465       288.2621       289.0887       289.6947       290.0032       289.7388       289.0893       288.1053       287.0979       286.2998    
 2026   286.2265       286.6617       287.4482       288.4431       289.2056       289.8251       290.0658       289.8589       289.2475       288.2184       287.1775       286.5076    
 2027   286.3024       286.6055       287.3378       288.4377       289.2922       289.8727       290.0779       289.8953       289.2596       288.2917       287.2491       286.3709    
 2028   286.2173       286.7288       287.4366       288.4559       289.3102       289.9198       290.1452       289.9482       289.3326       288.2958       287.3693       286.5474    
 2029   286.3120       286.7017       287.4668       288.5121       289.2404       289.8145       290.0395       289.8908       289.2431       288.2638       287.2002       286.4985    
 2030   286.3599       286.6876       287.4611       288.3771       289.2044       289.8217       290.0130       289.8008       289.1900       288.3609       287.2687       286.5268    
 2031   286.4565       286.7107       287.5441       288.4520       289.2815       289.8326       290.0907       289.9580       289.2320       288.3769       287.3221       286.6479    
 2032   286.5160       286.7090       287.4509       288.3772       289.2127       289.6996       289.9121       289.7350       289.1046       288.1123       287.1142       286.3460    
 2033   286.0116       286.4508       287.2350       288.2299       289.0457       289.6628       289.9122       289.6978       289.1403       288.1582       287.2263       286.4137    
 2034   286.1615       286.5203       287.3921       288.4177       289.2065       289.7397       290.0161       289.8324       289.1990       288.2485       287.1696       286.4718    
 2035   286.1685       286.4773       287.4113       288.3086       289.1616       289.7014       289.9997       289.7323       289.1011       288.1727       287.1658       286.4441    
 2036   286.1083       286.6519       287.4198       288.3703       289.1990       289.7518       289.9853       289.7809       289.1682       288.1829       287.1631       286.4186    
 2037   286.1791       286.6104       287.3531       288.3124       289.2577       289.8151       290.0923       289.9481       289.3167       288.3358       287.3264       286.5774    
 2038   286.2726       286.7089       287.5065       288.5843       289.4180       289.9602       290.1602       289.9419       289.3213       288.4182       287.4051       286.6103    
 2039   286.3739       286.8259       287.5768       288.4015       289.3246       289.8201       290.1092       289.9461       289.2651       288.3180       287.2422       286.5789    
 2040   286.3642       286.6779       287.5043       288.4008       289.3219       289.7842       290.0719       289.8435       289.2825       288.3105       287.1911       286.4067    
 2041   286.2279       286.5779       287.3586       288.4107       289.1601       289.7129       289.9348       289.7950       289.1300       288.1917       287.0952       286.4929    
 2042   286.3582       286.5779       287.4349       288.4697       289.3034       289.8620       290.1508       289.9527       289.4037       288.5009       287.4890       286.6061    
 2043   286.4467       286.7872       287.5667       288.5730       289.4070       289.9919       290.1930       290.0737       289.4238       288.5835       287.4248       286.8152    
 2044   286.5883       286.9813       287.6799       288.7323       289.5197       290.0889       290.2503       290.0231       289.3793       288.3789       287.3185       286.5554    
 2045   286.4233       286.7568       287.5487       288.4797       289.2412       289.7988       290.0786       289.8710       289.2767       288.3702       287.2439       286.6613    
 2046   286.4189       286.6551       287.5343       288.5731       289.3060       289.8734       290.1156       290.0116       289.3357       288.4055       287.4036       286.7000    
 2047   286.3929       286.7139       287.6189       288.5459       289.4328       289.9776       290.2048       290.0300       289.4686       288.5711       287.4456       286.6932    
 2048   286.4514       286.7711       287.5382       288.5908       289.3609       289.9433       290.2021       289.9445       289.3091       288.2585       287.2703       286.5267    
 2049   286.2255       286.6928       287.4908       288.5010       289.3445       289.9356       290.1655       289.9393       289.4115       288.4398       287.3361       286.5915    
 2050   286.3052       286.6317       287.6290       288.4890       289.3324       289.8946       290.1206       289.9367       289.3347       288.3686       287.2868       286.5639    
 2051   286.3440       286.6665       287.4712       288.4247       289.3265       289.8997       290.1484       290.0322       289.3849       288.5104       287.3549       286.7557    
 2052   286.4986       286.8222       287.6200       288.5977       289.4444       289.8925       290.1292       289.9388       289.3734       288.4470       287.4300       286.6980    
 2053   286.3053       286.8703       287.5615       288.6961       289.4917       290.0331       290.2466       290.1179       289.3952       288.4723       287.4441       286.6331    
 2054   286.5248       286.9014       287.5407       288.5403       289.4466       289.8810       290.0833       289.8822       289.2534       288.3155       287.3093       286.5641    
 2055   286.3618       286.5927       287.4947       288.3707       289.2466       289.8492       290.1603       289.9445       289.2946       288.3662       287.2745       286.5814    
 2056   286.4397       286.7509       287.6368       288.4942       289.3796       289.8671       290.1120       289.9297       289.3870       288.4739       287.4027       286.5327    
 2057   286.4007       286.7273       287.4480       288.5211       289.3247       289.9068       290.0504       289.9392       289.2620       288.3567       287.2971       286.5237    
 2058   286.2632       286.6432       287.5553       288.4439       289.2975       289.7899       290.0392       289.8307       289.1842       288.2637       287.2387       286.5352    
 2059   286.3246       286.6143       287.4388       288.3983       289.3057       289.8222       290.0541       289.8709       289.2238       288.3980       287.3398       286.4027    
 2060   286.3133       286.7301       287.5290       288.4084       289.2734       289.8506       290.0474       289.9276       289.3249       288.4046       287.2690       286.4358    
 2061   286.3301       286.6759       287.5236       288.6064       289.3782       289.9335       290.1913       290.0036       289.3683       288.3686       287.2921       286.6427    
 2062   286.3015       286.6318       287.4396       288.6244       289.3972       289.9674       290.2224       290.0176       289.3859       288.4195       287.3675       286.6286    
 2063   286.5266       286.8069       287.4958       288.5770       289.3784       289.9300       290.1300       289.9617       289.2340       288.2623       287.2177       286.5075    
 2064   286.1256       286.6508       287.5389       288.4645       289.3274       289.8205       290.0249       289.8430       289.3271       288.3145       287.2389       286.5224    
 2065   286.3652       286.7085       287.5013       288.4228       289.2969       289.8038       289.9793       289.7665       289.2798       288.3127       287.1577       286.4593    
 2066   286.3196       286.6540       287.4394       288.5251       289.3006       289.9214       290.1533       289.9873       289.3871       288.4399       287.3936       286.7013    
 2067   286.5266       286.8902       287.7012       288.7191       289.5116       290.0919       290.2813       290.0598       289.4883       288.5468       287.4265       286.6664    
 2068   286.3928       286.6781       287.5985       288.5942       289.3773       289.8795       290.0414       289.8467       289.3164       288.3197       287.1483       286.5531    
 2069   286.2049       286.5735       287.3639       288.3758       289.1604       289.7272       289.9258       289.7778       289.2592       288.2061       287.1439       286.4046    
 2070   286.2799       286.5126       287.4165       288.3413       289.1810       289.7215       290.0545       289.8521       289.2390       288.2024       287.1586       286.3850    
 2071   286.2846       286.5568       287.3535       288.4099       289.2752       289.7642       290.0484       289.8957       289.2979       288.3224       287.2276       286.4794    
 2072   286.3128       286.5111       287.4494       288.4164       289.1910       289.7798       290.0306       289.7958       289.1649       288.2331       287.1548       286.3348    
 2073   286.1169       286.5984       287.4729       288.3897       289.3375       289.8917       290.0446       289.8695       289.2935       288.3874       287.3866       286.5389    
 2074   286.4301       286.7159       287.5193       288.5436       289.2928       289.9464       290.1858       289.9439       289.2722       288.3498       287.2888       286.5396    
 2075   286.4449       286.6427       287.4245       288.3272       289.2834       289.8345       290.0639       289.8704       289.2546       288.2619       287.2650       286.4580    
 2076   286.2346       286.6498       287.5230       288.5142       289.3013       289.7538       290.0134       289.9073       289.1963       288.2995       287.1768       286.5121    
 2077   286.2605       286.7233       287.4627       288.3978       289.2078       289.7713       290.0129       289.7945       289.1272       288.2883       287.2193       286.4751    
 2078   286.3303       286.6541       287.4586       288.4057       289.3069       289.9014       290.1377       289.9454       289.3647       288.4321       287.4348       286.6530    
 2079   286.5629       286.9643       287.7389       288.6251       289.5388       290.0854       290.2695       290.0343       289.4080       288.3777       287.3340       286.6537    
 2080   286.4249       286.8669       287.6609       288.5955       289.4139       289.9321       290.1192       289.8458       289.2500       288.3094       287.2183       286.4225    
 2081   286.1956       286.6129       287.4358       288.3513       289.1816       289.6671       289.8862       289.7285       289.0262       288.1483       287.0753       286.3761    
 2082   286.1652       286.5071       287.2725       288.3281       289.1956       289.7090       289.8968       289.8013       289.0923       288.1260       287.1312       286.4264    
 2083   286.1994       286.5478       287.2605       288.2821       289.1981       289.7323       290.0109       289.8208       289.1625       288.1454       287.1155       286.3714    
 2084   286.1638       286.6283       287.4995       288.3818       289.1742       289.6947       289.8964       289.7039       289.0601       288.0826       286.9388       286.2600    
 2085   286.0854       286.5062       287.4361       288.4392       289.1906       289.8004       290.0424       289.8743       289.1802       288.3046       287.3391       286.6405    
 2086   286.4564       286.8016       287.6074       288.5828       289.4036       289.9417       290.1845       289.9685       289.3616       288.4048       287.4195       286.6654    
 2087   286.4096       286.7912       287.4348       288.3900       289.1640       289.7992       289.9807       289.8026       289.2100       288.1705       287.2394       286.4012    
 2088   286.1498       286.5318       287.4767       288.4801       289.2572       289.7856       289.9261       289.7001       289.1785       288.1613       287.0785       286.3635    
 2089   286.2000       286.5626       287.4031       288.2627       289.0609       289.5837       289.8183       289.6794       289.1002       288.0808       286.9684       286.4038    
 2090   286.1466       286.5063       287.2794       288.3257       289.1835       289.7440       289.9240       289.6595       289.1061       288.1940       287.1538       286.3271    
 2091   286.1977       286.5695       287.4294       288.3765       289.2230       289.8316       290.0636       289.8708       289.2103       288.2359       287.3154       286.6471    
 2092   286.2810       286.6779       287.5138       288.5379       289.3792       289.8984       290.0812       289.8630       289.0909       288.1833       287.1380       286.3837    
 2093   286.2545       286.4107       287.2639       288.3317       289.1279       289.6300       289.8180       289.5743       288.9270       287.9980       286.9175       286.2219    
 2094   286.1694       286.4601       287.2961       288.2631       289.0918       289.6555       289.8910       289.7545       289.1523       288.1540       287.0166       286.2965    
 2095   286.1768       286.5889       287.2995       288.4160       289.1796       289.6969       289.8983       289.7418       289.0729       288.0744       287.0290       286.3625    
 2096   286.4322       286.7557       287.4709       288.3604       289.1613       289.7169       289.9532       289.7695       289.1041       288.1223       287.0657       286.3152    
 2097   286.3112       286.7738       287.5158       288.5091       289.4222       289.9501       290.0973       289.9262       289.2111       288.3449       287.2907       286.6104    
 2098   286.5987       286.8945       287.6689       288.6708       289.4526       290.0074       290.1754       289.8718       289.2557       288.2475       287.2617       286.4898    
 2099   286.2531       286.5684       287.4032       288.3772       289.1450       289.6759       289.8394       289.6807       289.0713       288.1126       286.9857       286.2752    
 2100   286.1913       286.4792       287.3507       288.2739       289.1549       289.6799       289.8807       289.7202       289.0771       288.1755       287.0879       286.3073    
