# <a href=http://cmip-pcmdi.llnl.gov/cmip5/>CMIP5</a> global mean temperature computed at <a href=http://www.knmi.nl/selectfield_cmip5.cgi?someone@somewhere>KNMI Climate Explorer</a> tas_Amon_HadGEM2-ES_rcp45_r1i1p1
# tas [K] from HadGEM2-ES model output prepared for CMIP5 RCP4.5 r1i1p1
# cutting out region lon=   -0.938  359.062, lat=  -90.000   90.000
 1859  -999.9000      -999.9000      -999.9000      -999.9000      -999.9000      -999.9000      -999.9000      -999.9000      -999.9000      -999.9000      -999.9000       284.9194    
 1860   284.5292       284.9500       285.8710       286.8261       287.7278       288.5817       288.8986       288.7468       288.0889       287.0430       285.6435       284.8275    
 1861   284.6317       285.0508       285.8062       286.8698       287.8278       288.9287       289.0933       288.8002       288.0721       287.0249       285.8730       285.0568    
 1862   284.5366       284.8253       285.6329       286.6279       287.8602       288.7156       288.8080       288.5638       287.8636       286.8326       285.5172       284.6818    
 1863   284.4578       284.8821       285.4995       286.6355       287.8912       288.7188       288.9305       288.6127       287.8395       286.7840       285.5649       284.5398    
 1864   284.3898       284.6013       285.4225       286.3960       287.7670       288.6434       288.6619       288.3920       287.8161       286.7967       285.5450       284.7825    
 1865   284.4645       284.7574       285.5384       286.6042       287.6558       288.5325       288.7438       288.5124       287.6580       286.6221       285.4868       284.6045    
 1866   284.1645       284.6285       285.3181       286.4546       287.6226       288.5669       288.8248       288.4773       287.8479       286.7995       285.7109       284.7518    
 1867   284.4687       284.5918       285.4864       286.4515       287.6594       288.6841       288.8501       288.5709       287.8205       286.9417       285.6666       284.7634    
 1868   284.5688       284.8470       285.6422       286.6042       287.9388       288.6824       288.8147       288.6398       287.9927       287.0761       286.0386       284.8875    
 1869   284.6226       285.2592       285.8114       286.9906       288.0921       288.7702       289.0291       288.7161       287.9214       286.8144       285.6402       284.6446    
 1870   284.2365       284.7583       285.4317       286.5328       287.7758       288.7383       288.9434       288.7002       287.9445       286.8798       285.6795       284.6464    
 1871   284.4854       284.8188       285.6862       286.7193       288.0446       288.6883       288.8875       288.8146       287.9454       286.7816       285.6249       284.8265    
 1872   284.3434       284.8786       285.6553       286.7348       288.0086       288.9435       289.0924       288.9010       288.0594       286.9789       285.7389       284.7700    
 1873   284.7097       284.9687       285.5096       286.6768       287.7040       288.7582       288.9534       288.6524       287.8670       286.7666       285.6021       284.7865    
 1874   284.2393       284.6777       285.6497       286.7216       287.7753       288.6295       288.9546       288.6562       287.9433       286.8522       285.6617       284.6868    
 1875   284.4924       284.8209       285.4550       286.7925       287.8400       288.7019       288.8924       288.6548       287.9497       286.9937       285.8314       284.9124    
 1876   284.7109       284.8119       285.4785       286.8831       287.9838       288.8133       288.9808       288.7213       288.0885       287.0022       286.0565       285.1968    
 1877   284.7745       285.1598       285.9502       286.9348       288.2669       288.8689       289.0659       288.7322       288.0936       287.0125       285.9262       284.8820    
 1878   284.6967       285.0799       285.7343       286.8330       287.7985       288.7392       288.9120       288.7130       287.9660       286.8284       285.6070       284.7320    
 1879   284.3781       284.4913       285.6307       286.6190       287.8089       288.6295       288.8493       288.4714       287.6994       286.5493       285.4557       284.5753    
 1880   284.3133       284.5598       285.4169       286.6588       287.7348       288.5548       288.8898       288.5325       287.8150       286.7048       285.4708       284.5768    
 1881   284.3699       284.7188       285.5114       286.6474       287.7998       288.8745       288.9102       288.8362       288.0022       286.9948       285.9138       284.7739    
 1882   284.4999       284.9974       285.7811       286.9311       288.1949       289.0396       289.1603       288.9996       288.1425       287.0611       285.9292       285.0648    
 1883   284.8774       285.2081       285.7538       286.8866       287.8997       288.7382       289.0591       288.7111       288.1230       286.8894       285.5445       284.8039    
 1884   284.4810       284.6338       285.2872       286.5978       287.5734       288.5334       288.6693       288.4391       287.6720       286.6939       285.6059       284.6171    
 1885   284.4834       284.7449       285.5368       286.5023       287.6119       288.5927       288.7759       288.5507       287.7873       286.8323       285.5482       284.6727    
 1886   284.4083       284.6871       285.5058       286.6433       287.7430       288.5787       288.8575       288.6626       287.8228       286.5635       285.5127       284.4961    
 1887   284.1973       284.5386       285.1849       286.1864       287.5284       288.5212       288.5697       288.3329       287.6175       286.5379       285.4079       284.4142    
 1888   284.4218       284.7267       285.3114       286.5918       287.7279       288.5728       288.7814       288.6672       287.9193       286.7142       285.5197       284.6369    
 1889   284.5466       284.7858       285.6330       286.5821       287.7704       288.6360       288.7485       288.3997       287.9394       286.9242       285.8426       284.8358    
 1890   284.7372       284.7979       285.6533       286.6460       287.8293       288.7405       288.8422       288.6555       287.9974       286.9360       285.7599       284.9676    
 1891   284.5446       284.9970       285.8100       286.8749       287.8021       288.7767       288.9355       288.6133       287.8531       286.8745       285.6410       284.6964    
 1892   284.5438       284.7515       285.4148       286.4794       287.7690       288.7227       288.6820       288.4642       287.6933       286.7394       285.5913       284.6594    
 1893   284.1718       284.7646       285.4661       286.4500       287.5758       288.2594       288.5331       288.2930       287.5560       286.5988       285.3869       284.4054    
 1894   284.2110       284.3838       285.1264       286.2816       287.4713       288.4963       288.7768       288.4749       287.6780       286.6597       285.5539       284.6436    
 1895   284.2240       284.7018       285.4112       286.4513       287.5444       288.4464       288.7025       288.4858       287.9233       286.8455       285.7993       284.7418    
 1896   284.6414       284.8921       285.7259       286.7200       287.9655       288.7695       289.0268       288.7552       287.9918       286.8940       285.7584       284.8868    
 1897   284.6068       285.0499       285.8469       286.9259       287.8650       288.7403       288.8409       288.6814       287.7080       286.6296       285.5527       284.5120    
 1898   284.4560       284.6571       285.4636       286.5578       287.5542       288.5823       288.8262       288.5229       287.8573       286.8793       285.5384       284.7280    
 1899   284.5597       284.8908       285.3393       286.5722       287.7701       288.7052       288.9306       288.7142       287.9597       286.9606       285.6502       284.7835    
 1900   284.5292       284.8228       285.5201       286.5992       287.7997       288.6401       288.8449       288.6815       287.7856       286.7649       285.5907       284.8443    
 1901   284.6870       284.9202       285.7299       286.6658       287.8039       288.6931       289.0437       288.7416       287.9454       286.9070       285.6531       284.7297    
 1902   284.3802       284.7473       285.7112       286.6046       287.9287       288.7180       289.1588       288.5601       287.9259       286.8880       285.8257       284.8448    
 1903   284.7847       284.9919       285.6039       286.5814       287.7140       288.5681       288.8869       288.6233       287.7767       286.6400       285.5596       284.5827    
 1904   284.3214       284.6895       285.5147       286.7297       287.8056       288.6642       288.7892       288.6775       287.8598       286.7578       285.7462       284.7903    
 1905   284.5262       284.8317       285.7170       286.8767       288.0418       288.7260       289.0681       288.7332       287.9981       286.9164       285.8164       284.7607    
 1906   284.5581       284.8073       285.7975       286.8018       287.8979       288.8146       288.9810       288.8958       287.9205       286.9348       285.7637       284.7457    
 1907   284.5618       284.9815       285.8074       286.7246       287.8641       288.7061       288.9198       288.6563       287.9027       286.8234       285.6516       284.7148    
 1908   284.5359       284.7661       285.4612       286.7227       287.8637       288.7326       288.9857       288.6936       287.9179       286.8211       285.5049       284.5858    
 1909   284.1045       284.4294       285.2885       286.5057       287.7873       288.6847       288.9621       288.6665       287.8194       286.6777       285.3921       284.5349    
 1910   284.2519       284.4969       285.4073       286.4866       287.6687       288.7399       289.0730       288.6840       287.8904       286.9070       285.6685       284.6140    
 1911   284.4813       284.6065       285.4068       286.6800       287.9198       288.7757       288.8787       288.6754       287.8139       286.5878       285.2561       284.5061    
 1912   284.2765       284.4698       285.2550       286.4372       287.7592       288.6208       288.6942       288.3425       287.6622       286.5025       285.2119       284.3976    
 1913   284.3868       284.6013       285.4370       286.4831       287.6237       288.5558       288.7940       288.7401       287.9716       286.8643       285.6865       284.7685    
 1914   284.6372       284.9590       285.6821       286.6682       287.8820       288.7959       289.0801       288.6036       287.8848       286.8556       285.7795       284.6476    
 1915   284.3115       284.7998       285.5147       286.4886       287.7972       288.6525       288.9995       288.7550       287.9565       287.0741       285.8841       284.7191    
 1916   284.3220       284.7733       285.7273       286.6813       287.9734       288.9242       289.1449       288.8279       288.1617       286.9605       285.7469       284.9350    
 1917   284.8199       285.3127       286.0604       286.9944       288.0095       288.9058       289.0776       288.7982       288.0731       286.9215       285.7343       284.9361    
 1918   284.7906       284.9556       285.6169       286.8398       288.0687       289.0027       289.1232       288.9445       288.1780       287.1704       285.9341       284.9858    
 1919   284.8038       284.9497       285.9109       286.8847       288.0451       288.8180       289.1773       288.8505       288.1372       286.9975       285.8735       284.9900    
 1920   284.6735       284.8951       285.7287       286.7881       287.8533       288.8022       289.1021       288.8020       288.1685       287.0981       285.9569       285.0505    
 1921   284.6536       284.9499       285.5597       286.8109       288.0667       288.8791       289.0215       288.7244       287.9438       286.9803       285.7474       284.8214    
 1922   284.6266       284.9861       285.5631       286.7796       287.8528       288.7531       288.9973       288.5630       287.8568       286.7823       285.5760       284.7649    
 1923   284.5983       284.6859       285.5267       286.6065       287.8440       288.6750       288.9337       288.6592       287.9706       286.9402       285.8531       285.0083    
 1924   284.9579       285.1159       285.8943       286.7624       288.0609       288.8905       289.0841       288.8829       287.9983       287.1152       285.8703       284.8467    
 1925   284.6560       284.9293       285.7367       286.7201       287.8557       288.8621       289.0984       288.8133       287.8495       286.8506       285.5818       284.9221    
 1926   284.6026       285.0143       285.7331       286.6824       287.8132       288.8387       288.9500       288.6193       287.9053       286.5936       285.6979       284.8733    
 1927   284.6409       284.7357       285.5001       286.6458       287.7585       288.7867       288.9092       288.7180       288.0975       286.8682       285.7959       284.8467    
 1928   284.7506       285.1458       285.6122       286.7722       287.7568       288.6789       288.8577       288.7032       288.0044       286.9111       285.7880       284.7490    
 1929   284.2799       284.7984       285.5452       286.5057       287.8199       288.7675       289.0986       288.8072       287.9956       287.1231       285.7973       284.8577    
 1930   284.5890       284.8593       285.8374       286.8454       287.9551       288.6920       288.8807       288.6538       287.9903       286.8413       285.7347       284.6584    
 1931   284.6872       284.9945       285.7108       286.7287       287.8652       288.6577       288.9716       288.7760       287.9672       286.9735       285.7093       284.7287    
 1932   284.5824       284.9062       285.5417       286.6154       287.8258       288.8356       289.0635       288.7301       287.9641       286.8720       285.7895       284.5345    
 1933   284.3511       284.7234       285.3877       286.5460       287.9123       288.7130       288.9818       288.5989       287.8364       286.8698       285.4276       284.6625    
 1934   284.4956       284.8474       285.4210       286.6638       287.9663       288.6765       288.8387       288.5901       287.7881       286.6971       285.7766       284.6263    
 1935   284.3793       284.9266       285.7697       286.8592       288.1204       288.8552       289.1701       288.8017       288.0180       286.9303       285.8695       284.8454    
 1936   284.6752       285.0628       285.6364       286.7556       288.0451       288.9008       289.0754       288.7229       287.9395       286.8943       285.7859       285.0638    
 1937   284.6301       285.0930       285.8214       287.1035       288.1661       288.9940       289.1529       288.8210       288.0879       287.1828       285.8823       285.0548    
 1938   284.8307       285.1169       285.9189       287.0631       288.1183       288.8834       289.2204       288.9644       288.1613       287.2216       285.8851       285.1576    
 1939   284.8590       285.1205       285.8015       286.9129       288.0675       288.9012       289.2066       288.8554       288.0406       286.9986       285.8004       285.0703    
 1940   284.7907       284.9761       285.6942       286.7953       287.9029       288.7885       288.8686       288.8308       288.0255       286.9107       285.7805       284.7352    
 1941   284.6973       284.7883       285.6605       286.7208       287.8643       288.8074       288.9657       288.5877       287.9633       287.0482       285.9128       285.0448    
 1942   284.8192       285.1047       285.8994       286.9110       288.1365       289.0580       289.1953       288.8365       288.1724       287.1886       285.9618       285.2325    
 1943   284.9626       285.1861       286.0100       286.9184       288.0302       288.8668       289.2209       288.9684       288.2493       287.1520       286.1019       285.2602    
 1944   284.9917       285.2039       286.0610       287.0319       288.1534       289.0859       289.3479       288.9632       288.2110       287.3416       286.2258       285.4161    
 1945   285.2036       285.3552       286.1494       287.1312       288.2360       289.0515       289.1009       288.8561       288.2067       287.1166       286.0226       285.1706    
 1946   284.6057       284.9792       285.6438       286.9198       288.0165       288.8306       289.1208       288.8099       288.0612       286.9972       285.9784       284.9590    
 1947   284.6831       285.1056       285.8539       286.9668       288.0726       289.0124       289.0366       288.8190       288.1305       287.2400       285.8820       285.1361    
 1948   284.8644       285.1922       285.7770       286.8055       288.0772       288.9138       289.2838       288.8329       288.1429       287.0103       285.8578       284.9542    
 1949   284.8691       285.0586       285.7956       286.9485       288.0876       289.0177       289.1188       288.9505       288.1165       287.0510       285.9712       284.9759    
 1950   284.7848       285.0764       285.9116       286.8953       288.2176       289.0542       289.1745       289.0216       288.0935       286.9819       285.8090       284.9062    
 1951   284.5723       284.7244       285.9319       286.8677       288.0140       288.9101       289.2332       288.8624       287.9900       287.1669       285.9374       285.2392    
 1952   285.0209       285.1320       285.7090       286.7713       288.0757       289.0215       289.1086       288.8286       288.1725       287.1521       286.0551       285.0598    
 1953   284.8575       285.3488       285.8126       286.8982       288.1455       288.9260       289.2422       288.8524       288.0909       287.0164       285.8477       285.1115    
 1954   284.6898       284.9893       285.7644       286.7469       287.8896       288.6993       289.0152       288.7631       287.9491       286.7909       285.6898       284.7738    
 1955   284.6775       285.0218       285.7762       286.6604       287.7746       288.7046       288.8723       288.5074       287.7531       286.7645       285.5145       284.8145    
 1956   284.5692       284.9612       285.5844       286.8749       288.0210       288.7462       288.9670       288.7742       287.8323       286.8335       285.6112       284.6798    
 1957   284.4397       284.7100       285.6918       286.7558       287.9667       288.7367       288.9964       288.6942       287.7715       286.7865       285.5227       284.7267    
 1958   284.4517       284.7378       285.3484       286.5773       287.8487       288.6411       288.7128       288.6140       287.8315       286.6993       285.6816       284.5796    
 1959   284.3495       284.5636       285.5684       286.6513       287.8678       288.7453       288.8088       288.5284       287.6707       286.6357       285.5630       284.6601    
 1960   284.5447       284.7375       285.4497       286.5297       287.7477       288.6207       288.9381       288.6896       287.8513       286.7527       285.5993       284.7550    
 1961   284.3402       284.4451       285.2164       286.4568       287.7580       288.6704       288.7763       288.7275       287.9059       286.7146       285.4475       284.5350    
 1962   284.3263       284.9468       285.4299       286.4957       287.6638       288.5957       288.8639       288.7105       287.7256       286.7511       285.5027       284.6245    
 1963   284.4669       284.8407       285.4560       286.6504       287.8780       288.7142       288.9131       288.6488       287.8102       286.7909       285.5915       284.6625    
 1964   284.4651       284.5696       285.0159       286.3479       287.7052       288.4988       288.7858       288.3637       287.5459       286.5589       285.5968       284.6441    
 1965   284.2174       284.5847       285.4287       286.4926       287.6708       288.4637       288.8955       288.4308       287.7141       286.6561       285.4807       284.6978    
 1966   284.4668       284.4787       285.3752       286.5462       287.5421       288.2609       288.6075       288.3882       287.6551       286.4819       285.4782       284.5759    
 1967   284.5510       284.7934       285.3765       286.5453       287.7846       288.6850       288.7357       288.5243       287.8412       286.8064       285.6180       284.9305    
 1968   284.4885       285.0004       285.5302       286.8036       288.0085       288.7733       288.9543       288.6404       287.9032       286.8850       285.5762       284.6761    
 1969   284.3860       284.8570       285.7102       286.6995       287.8197       288.6649       288.7848       288.5372       287.8569       286.9171       285.8562       285.0046    
 1970   284.6898       284.8378       285.4858       286.6738       287.8184       288.6174       288.6819       288.5186       287.6563       286.6666       285.8097       284.8365    
 1971   284.4242       284.6911       285.6121       286.7943       287.9152       288.6122       288.8817       288.6351       287.8392       286.8599       285.6552       284.7419    
 1972   284.5924       284.8814       285.6917       286.7816       287.8838       288.8095       289.0008       288.7804       288.0591       286.9926       285.8621       284.8630    
 1973   284.5430       285.0947       285.7801       286.8086       288.0222       288.8755       289.1252       288.7660       288.0975       286.9754       285.8633       285.0388    
 1974   284.5784       285.0206       285.7330       286.8792       288.0886       288.8556       288.9428       288.7168       287.9877       286.6688       285.5779       284.8196    
 1975   284.7252       284.8826       285.5657       286.8600       287.8965       288.8734       288.8302       288.6165       287.9584       286.8164       285.7285       284.9055    
 1976   284.7578       285.2664       285.6511       286.7314       287.9670       288.8638       288.8683       288.6123       287.8680       286.8251       285.8467       284.8949    
 1977   284.4309       284.8678       285.5411       286.7421       287.9791       288.7574       289.0629       288.8423       288.0096       287.1078       285.8376       284.8989    
 1978   284.6232       284.9900       285.6566       286.7363       287.9493       288.8854       288.9380       288.7227       288.0333       286.9290       285.7457       284.7650    
 1979   284.7171       284.9619       285.6377       286.6472       287.9564       288.6342       288.8795       288.7936       288.0302       286.9059       285.8253       284.8825    
 1980   284.6220       284.8908       285.7405       286.6976       287.8541       288.7001       288.7357       288.5972       287.8663       286.8261       285.7600       284.7982    
 1981   284.4024       284.9223       285.6224       286.4793       287.9332       288.6644       288.8686       288.5215       287.8245       286.7590       285.7608       284.7116    
 1982   284.4199       284.8418       285.4563       286.6069       287.8817       288.6371       288.8783       288.4477       287.7697       286.5346       285.3657       284.3747    
 1983   284.0938       284.5722       285.1996       286.2945       287.5659       288.4544       288.6962       288.3724       287.5829       286.8108       285.5338       284.7718    
 1984   284.3799       284.7608       285.6779       286.8676       287.9665       288.9272       289.0163       288.8271       287.9987       287.0040       285.7603       284.7108    
 1985   284.3766       284.8878       285.9597       286.9355       288.1116       288.8490       289.1096       288.9219       288.2070       287.1413       285.9319       285.0047    
 1986   284.8156       285.1013       285.9059       286.8095       288.0320       288.9380       289.0013       288.7268       288.1481       287.2060       285.9005       285.0796    
 1987   284.8635       285.2200       285.8056       286.8055       288.0559       288.9330       289.1416       288.7459       288.0637       287.0574       285.8604       285.1597    
 1988   284.8219       285.0678       286.0206       287.0355       288.1299       288.9550       289.0952       288.7701       288.1707       287.0722       285.8590       284.8578    
 1989   284.8518       285.0311       285.7931       287.0180       287.9899       288.8989       289.0694       288.6701       288.0864       287.0938       286.1795       285.1260    
 1990   284.7477       285.2705       285.9150       286.9202       288.0042       288.7816       288.9752       288.7901       288.1581       287.0467       285.9709       284.8603    
 1991   284.7767       285.2997       286.0168       286.9437       288.0333       288.7738       288.8943       288.6360       287.8837       286.8857       285.7796       284.9639    
 1992   284.6815       284.9542       285.6706       286.7406       287.9239       288.6571       288.9137       288.6530       287.9898       287.0194       285.7922       285.0827    
 1993   284.8676       284.9628       285.4986       286.6023       287.8613       288.7911       289.0221       288.7241       287.8950       287.1059       286.0394       284.9818    
 1994   284.6050       285.0523       285.8517       286.9158       288.1640       288.9304       289.1184       288.8982       288.0615       287.1973       286.0737       285.4480    
 1995   285.1410       285.3004       286.1755       287.0438       288.2405       289.1620       289.2750       289.0393       288.2292       287.2512       286.1191       285.0805    
 1996   284.9148       285.2258       285.9939       286.9019       288.1564       289.0410       289.0980       288.9479       288.1862       287.2073       286.1752       285.2135    
 1997   284.9441       285.1685       285.8170       287.0081       288.0686       288.9868       289.1335       288.9673       288.3171       287.3277       286.1638       285.3316    
 1998   285.0490       285.1422       286.0490       287.1584       288.3436       289.1585       289.4510       289.0767       288.2335       287.3585       286.1567       285.2301    
 1999   285.0221       285.1734       286.1421       287.1225       288.3566       289.0958       289.3365       288.9880       288.2972       287.2955       286.0420       285.2255    
 2000   285.0946       285.3651       286.1580       287.2296       288.4557       289.1432       289.3819       289.0276       288.5043       287.3634       286.2130       285.3376    
 2001   284.7538       285.2041       286.2377       287.2253       288.5425       289.3119       289.3787       289.2248       288.6384       287.4474       286.4118       285.5394    
 2002   285.2504       285.5909       286.6024       287.4452       288.5916       289.3452       289.6476       289.2252       288.7073       287.5909       286.5781       285.5225    
 2003   285.1920       285.5411       286.1833       287.2145       288.4820       289.2934       289.3922       289.1554       288.5399       287.4976       286.3459       285.4845    
 2004   285.1068       285.3239       286.0772       287.0199       288.3058       289.2779       289.3550       289.1855       288.4739       287.2941       286.2301       285.5497    
 2005   285.1003       285.4880       286.2184       287.2472       288.3539       289.2906       289.5345       289.0746       288.4747       287.4512       286.2029       285.3368    
 2006   285.0574       285.5648       286.2320       287.3008       288.4987       289.5099       289.4823       289.3466       288.6980       287.6735       286.7208       285.8159    
 2007   285.6463       286.0711       286.6324       287.8125       288.8974       289.6832       289.8142       289.5388       288.8692       287.8025       286.6490       285.7667    
 2008   285.5244       285.7423       286.4094       287.5034       288.7127       289.5239       289.7982       289.4975       288.8544       287.7961       286.6402       285.6794    
 2009   285.3594       285.7741       286.4951       287.5132       288.8346       289.6772       289.6366       289.5350       288.8616       287.7968       286.7305       285.7490    
 2010   285.4942       285.9041       286.5510       287.4520       288.7907       289.5118       289.7115       289.5424       288.7971       287.6911       286.5831       285.8271    
 2011   285.5173       285.6125       286.5251       287.6306       288.7956       289.5577       289.6594       289.3681       288.7383       287.7368       286.7992       285.8175    
 2012   285.4000       285.8821       286.3179       287.4277       288.7710       289.7313       289.8918       289.3911       288.7005       287.6855       286.5350       285.6338    
 2013   285.3862       285.6179       286.4421       287.5200       288.7621       289.5439       289.7874       289.5506       288.7404       287.8527       286.6628       285.6959    
 2014   285.5181       285.9319       286.4917       287.4523       288.7734       289.5977       289.7204       289.5633       288.9048       288.0156       286.6641       286.0525    
 2015   285.6777       285.8347       286.5556       287.6462       288.8265       289.6596       289.8828       289.5353       288.9471       287.7987       286.8175       285.9973    
 2016   285.8423       285.8457       286.7299       287.7936       288.9617       289.6638       289.9608       289.8195       289.0661       288.1446       287.0399       286.1217    
 2017   285.8313       286.3744       287.0965       288.0136       288.9346       289.7740       289.9160       289.7102       289.0773       288.0892       286.9404       286.0856    
 2018   285.8371       286.0488       286.7038       287.9428       288.9366       289.7531       290.0403       289.7402       289.1049       288.0783       286.9713       286.2590    
 2019   285.9841       286.1822       286.8396       287.8376       288.8661       289.6255       289.8967       289.7246       289.0925       288.0888       286.8824       285.9580    
 2020   285.7451       285.9837       286.7945       287.7267       288.8795       289.6376       289.6818       289.6225       288.9713       288.0929       286.8750       286.0320    
 2021   285.9383       286.2445       286.9301       287.9324       288.9171       289.8125       289.9710       289.7537       289.1787       288.1826       286.9922       286.0975    
 2022   285.7063       286.1151       286.7676       287.9133       289.0378       289.8742       289.9672       289.7812       289.2587       288.1651       287.1410       286.3677    
 2023   285.9384       286.4292       287.0226       288.1863       289.1623       289.7779       290.1768       289.7697       289.1909       288.2813       287.0679       286.1635    
 2024   285.8347       286.1360       286.8554       287.9425       289.1242       289.9272       290.1584       289.7979       289.2611       288.3871       287.0783       286.1515    
 2025   285.9915       286.1779       287.0002       288.0196       289.2498       289.9589       289.9755       289.8185       289.0829       288.1299       287.1289       286.1400    
 2026   285.9926       286.3560       286.9969       288.1369       289.2306       289.9492       290.0767       289.8810       289.2063       288.2917       287.1782       286.2577    
 2027   286.0503       286.1772       287.0538       288.1907       289.1953       289.8810       290.1962       290.0079       289.3118       288.2944       287.2546       286.4705    
 2028   286.2792       286.2425       286.9491       288.0071       289.0285       289.9027       290.0609       289.9145       289.3125       288.3305       287.2643       286.2360    
 2029   286.0405       286.2608       286.9655       288.1562       289.2088       289.9578       290.0746       289.9439       289.2816       288.4001       287.3477       286.4499    
 2030   286.2388       286.4417       287.1178       288.1046       289.2247       289.9533       290.2141       289.9424       289.1810       288.3321       287.4523       286.5053    
 2031   286.2178       286.5771       287.2985       288.2018       289.2746       290.0013       290.1801       289.9863       289.4184       288.3893       287.4216       286.5354    
 2032   286.2931       286.6058       287.2753       288.1310       289.2779       290.0005       290.2957       290.1521       289.3993       288.4103       287.3970       286.4394    
 2033   286.0816       286.4477       287.1826       288.1124       289.3525       290.1919       290.3851       290.2048       289.6083       288.6765       287.5239       286.5094    
 2034   286.2228       286.5659       287.3794       288.3241       289.3456       290.2009       290.3653       290.1644       289.4941       288.5520       287.4903       286.4708    
 2035   286.2863       286.2995       287.0961       288.2227       289.2659       290.0724       290.1933       290.1327       289.4427       288.6382       287.4269       286.5443    
 2036   286.2115       286.3809       287.0401       288.2951       289.3742       290.0888       290.4483       290.2728       289.5156       288.7388       287.5300       286.6659    
 2037   286.1750       286.8087       287.2661       288.3073       289.6229       290.2782       290.4661       290.2718       289.6337       288.6623       287.5078       286.7286    
 2038   286.4236       286.8331       287.5310       288.5483       289.6553       290.2702       290.5935       290.3505       289.5170       288.5109       287.6319       286.7357    
 2039   286.2696       286.7710       287.3023       288.2322       289.4499       290.1286       290.3436       290.1942       289.6290       288.6291       287.6006       286.3517    
 2040   286.0418       286.3349       286.9855       288.1547       289.3632       290.2184       290.3859       290.2073       289.7049       288.6766       287.5629       286.7925    
 2041   286.4697       286.6148       287.2126       288.5316       289.6306       290.3700       290.5436       290.4709       289.7562       288.8909       287.8158       286.7317    
 2042   286.5646       286.7031       287.3396       288.5783       289.7361       290.4352       290.6586       290.5508       289.9438       289.0825       287.8979       287.0551    
 2043   286.7970       287.0268       287.7398       288.9464       289.9734       290.5925       290.6963       290.5740       289.8839       288.9165       287.9591       287.0193    
 2044   286.8449       287.2786       287.6322       288.6016       289.7328       290.5148       290.5677       290.4407       289.7894       288.9324       287.8107       287.0786    
 2045   286.7922       287.1599       287.5970       288.5678       289.8208       290.5495       290.7909       290.6880       289.9990       288.9286       287.8306       287.0946    
 2046   286.9022       287.1652       287.8739       288.8962       289.8625       290.5560       290.6771       290.6367       289.9354       288.8871       288.0048       287.1269    
 2047   286.6732       286.9034       287.6879       288.7244       289.8654       290.6165       290.7666       290.6581       289.9666       288.9779       287.9406       287.1072    
 2048   286.6942       287.1419       287.7691       288.7945       289.9612       290.7918       290.9166       290.5376       290.0478       289.1342       288.0968       287.0564    
 2049   286.8884       287.2656       287.9047       288.8245       289.8858       290.7073       290.9372       290.7041       289.9818       289.0909       287.9223       287.1351    
 2050   286.7320       286.9132       287.5336       288.6321       289.8069       290.6657       290.9474       290.6870       290.0382       289.0520       287.9915       286.9272    
 2051   286.5297       286.7914       287.5763       288.7363       289.8961       290.5565       290.8239       290.5893       289.9448       288.8177       287.8388       287.0745    
 2052   286.7429       286.9863       287.8162       288.7462       289.9326       290.6581       290.8399       290.7978       290.1642       289.1448       288.2075       287.0600    
 2053   286.9144       287.0186       287.8214       288.7954       289.8555       290.5393       291.0060       290.8111       290.1346       289.3255       288.1729       287.1190    
 2054   286.9017       287.0492       287.8347       288.7655       289.8811       290.6087       290.9885       290.6951       290.1565       289.1918       288.1693       287.1961    
 2055   286.9878       287.0638       287.8301       288.7712       289.8211       290.6747       291.0558       290.9446       290.3647       289.4992       288.3697       287.4384    
 2056   287.2566       287.4987       288.1625       289.2346       290.1833       290.8702       291.1729       291.0380       290.3598       289.3159       288.1798       287.3987    
 2057   287.0674       287.3684       287.7921       288.8967       289.9341       290.7592       290.9846       290.8896       290.1414       289.2567       288.4453       287.5160    
 2058   287.2293       287.4599       288.2168       289.2679       290.2491       290.9673       291.0597       290.9742       290.2874       289.4106       288.2961       287.5629    
 2059   287.2767       287.3719       287.9631       289.0890       290.1882       290.8368       291.0762       290.9835       290.1486       289.3857       288.1394       287.4696    
 2060   287.1285       287.4868       288.0847       289.0925       290.0789       290.9200       291.1482       291.0336       290.3528       289.5052       288.3553       287.6500    
 2061   287.2516       287.5532       288.1311       289.2508       290.2693       290.9190       291.1855       291.1213       290.4262       289.5990       288.5461       287.7222    
 2062   287.4012       287.5075       288.1961       289.2431       290.2752       291.0871       291.4432       291.2364       290.6242       289.5854       288.6227       287.7623    
 2063   287.4337       287.6121       288.2456       289.1873       290.2989       291.0500       291.2375       290.9587       290.3277       289.5562       288.4666       287.6258    
 2064   287.2568       287.5444       288.0208       289.1053       290.1314       290.9417       291.0532       290.8497       290.2069       289.4128       288.4606       287.4090    
 2065   287.1930       287.1518       287.9349       289.0749       290.0976       290.8409       291.0396       291.0129       290.3262       289.5053       288.4726       287.7885    
 2066   287.4584       287.8081       288.4130       289.3087       290.3642       291.0917       291.3956       291.2971       290.7196       289.8250       288.6935       287.8412    
 2067   287.6084       287.8026       288.1539       289.2039       290.3575       291.0311       291.3049       291.0726       290.4350       289.4598       288.3369       287.7285    
 2068   287.4297       287.5610       288.2767       289.3417       290.2252       290.9873       291.1707       290.9828       290.4969       289.5218       288.5291       287.9223    
 2069   287.3961       287.6204       288.2515       289.2497       290.2775       291.1180       291.3261       291.2040       290.5616       289.7088       288.7022       287.9923    
 2070   287.4139       287.9353       288.4819       289.4093       290.4280       291.1662       291.3329       291.2102       290.5568       289.5690       288.6687       287.6352    
 2071   287.5734       287.8515       288.4191       289.3853       290.3811       291.1284       291.3382       291.2337       290.6767       289.7938       288.7650       287.8204    
 2072   287.6687       287.7454       288.4224       289.4235       290.4776       291.0524       291.3148       291.2629       290.7380       289.8386       288.9323       288.0303    
 2073   287.6715       288.0163       288.6917       289.6152       290.7701       291.4250       291.7242       291.4387       290.8422       289.9504       288.9148       288.1378    
 2074   287.8599       288.0104       288.7184       289.6860       290.6598       291.3197       291.5307       291.3800       290.6338       289.8555       288.8616       287.9697    
 2075   287.7723       287.8074       288.5374       289.5050       290.5424       291.2780       291.4753       291.3926       290.6618       289.6259       288.7759       287.9854    
 2076   287.5532       287.7778       288.4211       289.4615       290.4427       291.1464       291.5482       291.3500       290.5714       289.7869       288.8646       288.0797    
 2077   287.6774       288.0169       288.5929       289.5726       290.6685       291.3683       291.4797       291.4676       290.8224       290.0577       289.0071       288.2934    
 2078   287.8182       288.0052       288.7439       289.8652       290.9301       291.5179       291.7498       291.7748       291.0892       290.0897       288.9430       288.2531    
 2079   288.0521       288.0431       288.6512       289.6638       290.7643       291.5313       291.7267       291.5961       290.8531       290.1642       288.8487       288.1926    
 2080   287.8383       288.2382       288.7047       289.7581       290.7860       291.4194       291.7338       291.5674       290.9234       290.1212       289.0877       288.0771    
 2081   287.6570       288.0692       288.6983       289.6533       290.6451       291.3902       291.5633       291.4764       290.7611       289.9135       288.7218       287.8459    
 2082   287.6220       287.8952       288.5287       289.4735       290.6586       291.3887       291.5819       291.5234       290.8271       290.0905       288.8973       287.9825    
 2083   287.5154       288.0087       288.6397       289.5143       290.5799       291.3629       291.5479       291.4888       290.7059       289.8322       288.8733       288.0851    
 2084   287.6139       287.8550       288.7193       289.7281       290.6827       291.3431       291.6687       291.5918       290.7829       289.8920       288.9325       287.9684    
 2085   287.7725       288.0577       288.5910       289.5270       290.6221       291.4272       291.6172       291.4363       290.7578       289.8943       288.8183       287.8181    
 2086   287.5830       287.6654       288.4267       289.4109       290.5862       291.2667       291.5101       291.5768       290.7926       289.8741       288.8283       287.9759    
 2087   287.4050       287.9687       288.5588       289.5602       290.6371       291.2932       291.5406       291.4137       290.7791       289.9940       289.0174       288.1972    
 2088   288.0299       287.9660       288.6119       289.6495       290.7869       291.4899       291.6663       291.5240       290.7792       289.7873       288.7145       287.9352    
 2089   287.6049       287.9143       288.4551       289.4607       290.5250       291.3217       291.4432       291.4372       290.7014       289.7368       288.7309       287.9087    
 2090   287.5153       287.6430       288.4826       289.5559       290.6609       291.2787       291.5367       291.3509       290.6940       289.7737       288.8980       287.7351    
 2091   287.4485       287.6636       288.5796       289.5441       290.5222       291.2676       291.4415       291.2716       290.7124       289.7697       288.7223       287.8560    
 2092   287.6863       287.7845       288.6201       289.6177       290.8134       291.4697       291.6656       291.4814       290.7892       289.9074       288.9217       288.1869    
 2093   287.7730       287.9915       288.4872       289.5771       290.5877       291.3917       291.5671       291.4836       290.7666       289.9113       288.9094       287.9940    
 2094   287.7962       287.9342       288.5545       289.4937       290.5733       291.1565       291.4384       291.3692       290.6910       289.5585       288.5033       287.9009    
 2095   287.6125       287.9241       288.4684       289.4528       290.4779       291.1455       291.3250       291.1337       290.4874       289.5106       288.6120       287.9627    
 2096   287.7124       287.7323       288.3099       289.4725       290.4749       291.2780       291.4400       291.3050       290.6011       289.8794       288.7278       288.1287    
 2097   287.8485       287.9751       288.6421       289.5741       290.6175       291.3552       291.5327       291.5801       290.7992       289.8864       288.9747       288.0165    
 2098   287.6933       287.7938       288.5078       289.6585       290.6999       291.3976       291.6292       291.4708       290.7603       290.0181       289.0965       288.2896    
 2099   287.8570       288.1266       288.6243       289.6974       290.8875       291.3747       291.5462       291.4345       290.7074       289.8661       288.8612       287.8922    
 2100   287.8076       287.9835       288.5831       289.5069       290.6053       291.3803       291.5226       291.3934       290.9009       290.0188       288.9532       288.0907    
 2101   287.7548       287.9244       288.6547       289.6413       290.7683       291.4194       291.6657       291.4013       290.7389       289.9196       288.9503       288.1446    
 2102   287.8584       288.1518       288.5874       289.7419       290.7250       291.3593       291.6158       291.3697       290.8927       290.0052       289.0432       288.1395    
 2103   287.8830       288.0862       288.7457       289.5881       290.6294       291.3715       291.6849       291.3975       290.8013       289.8542       288.6863       287.9597    
 2104   287.7111       287.7190       288.5803       289.4120       290.5557       291.2226       291.4204       291.1974       290.6658       289.6080       288.4489       287.7189    
 2105   287.4126       287.7416       288.4529       289.4371       290.5423       291.2495       291.4152       291.3131       290.4792       289.5629       288.7944       288.0684    
 2106   287.7309       287.6411       288.5427       289.4695       290.5676       291.2867       291.7465       291.4417       290.8080       289.8421       288.6738       287.8513    
 2107   287.6661       287.7995       288.4577       289.4834       290.6764       291.2572       291.5538       291.3958       290.7152       289.7870       288.7564       287.8345    
 2108   287.5346       287.8025       288.4778       289.4788       290.5212       291.3445       291.5806       291.4901       290.8242       289.8603       288.9761       288.1245    
 2109   287.8852       288.0660       288.7016       289.7663       290.8195       291.3770       291.8098       291.5995       290.8724       289.9057       288.9063       288.1028    
 2110   287.9529       288.1009       288.7106       289.7335       290.8076       291.5513       291.6840       291.6925       290.8375       290.0954       289.0546       288.1877    
 2111   287.8250       288.2332       288.9073       289.7559       290.8823       291.5471       291.8601       291.6926       291.0201       290.0649       289.0358       288.2982    
 2112   287.8922       288.0792       288.7013       289.8227       290.8021       291.4134       291.7585       291.5861       290.7647       289.7658       288.9108       288.1064    
 2113   287.8600       288.0231       288.6011       289.5408       290.7453       291.3007       291.6398       291.4849       290.8002       289.8036       288.7376       288.0359    
 2114   287.6690       287.8382       288.4955       289.5869       290.7314       291.3934       291.6756       291.5186       290.7978       289.9213       288.9421       287.9340    
 2115   287.6306       287.8489       288.6849       289.6531       290.6233       291.4226       291.6742       291.5997       290.8361       289.8558       288.9600       288.2044    
 2116   287.7651       288.0719       288.7597       289.8316       290.7896       291.4560       291.6566       291.5310       290.9197       289.8425       288.9109       288.1745    
 2117   287.7321       287.8794       288.6813       289.6539       290.6648       291.2792       291.6060       291.3890       290.7939       289.7108       288.7516       287.9806    
 2118   287.7309       287.8106       288.6526       289.8310       290.7872       291.5195       291.8473       291.7067       290.8805       290.0340       288.9990       287.9255    
 2119   287.7029       288.0044       288.6992       289.7232       290.7970       291.4626       291.6729       291.6001       290.9558       289.9983       288.9962       288.3878    
 2120   287.9388       288.0951       288.8820       289.6284       290.7616       291.3704       291.6229       291.5070       290.9118       289.9904       288.8762       287.9276    
 2121   287.3644       287.6672       288.5229       289.5921       290.7366       291.3979       291.7106       291.6148       290.9786       290.0611       289.0265       288.3405    
 2122   287.9159       288.2070       288.9214       289.7646       290.8125       291.5234       291.7490       291.6988       291.0776       289.9512       289.1491       288.4016    
 2123   288.0958       288.1547       288.8799       289.8712       290.9169       291.5363       291.7427       291.7260       291.0213       289.9203       288.9514       288.1718    
 2124   287.7277       288.3272       288.7994       289.8169       290.7287       291.4708       291.6601       291.4891       290.9396       289.8906       289.0045       288.2371    
 2125   287.9156       288.2165       288.7386       289.7281       290.8152       291.5114       291.7552       291.5808       291.0396       290.0339       289.0173       288.2772    
 2126   288.0725       288.2879       288.7235       289.7025       290.8187       291.4941       291.8440       291.7659       291.1040       290.1683       289.0616       288.2742    
 2127   287.9471       288.0656       288.8642       289.7400       290.7737       291.4221       291.8965       291.7303       291.1444       290.1342       289.0474       288.0679    
 2128   287.6959       288.1330       288.9991       289.9442       290.9438       291.5718       291.7755       291.6876       290.8858       289.9115       288.9580       288.1933    
 2129   287.9048       288.0735       288.8886       289.9350       290.6697       291.4671       291.6649       291.6454       291.1042       290.0958       289.1092       288.2138    
 2130   287.8524       288.1174       288.8105       289.8645       290.7772       291.4565       291.7655       291.7325       290.9846       290.0761       289.0369       288.3521    
 2131   287.9228       288.1050       288.8412       289.9648       290.8941       291.5750       291.8319       291.7423       290.9962       290.0737       288.9909       288.2057    
 2132   287.8024       288.2070       288.9034       289.8187       290.8832       291.6254       291.8090       291.8348       291.2214       290.2574       289.0653       288.3294    
 2133   287.7528       288.1069       288.9455       289.8808       291.0358       291.7273       291.9389       291.8598       291.1696       290.2849       289.2000       288.4337    
 2134   288.2750       288.2197       288.9825       289.8769       291.0579       291.6980       291.9615       291.8484       291.1359       290.2408       289.2587       288.4827    
 2135   288.2073       288.3785       288.8666       289.9571       290.9745       291.5463       291.8436       291.6499       290.9472       290.0842       289.0225       288.1763    
 2136   287.9129       288.1355       288.8001       289.8208       290.8286       291.4780       291.8238       291.6723       290.8812       289.9631       288.8495       288.1928    
 2137   287.8278       288.1591       288.7758       289.7729       290.7919       291.4889       291.9138       291.6216       291.0310       289.9149       288.9631       288.1204    
 2138   287.9061       288.2707       288.8679       289.8821       290.9200       291.5648       291.6791       291.5415       290.7814       289.8957       288.9091       288.3267    
 2139   287.9707       288.0630       288.7754       289.7133       290.8575       291.4952       291.7159       291.5527       291.0362       290.1024       289.0476       288.1232    
 2140   287.9020       288.2220       288.8456       289.7935       290.8138       291.3784       291.6522       291.4651       290.8661       289.8210       288.9119       288.1724    
 2141   287.7165       287.8044       288.5196       289.6274       290.7617       291.2856       291.5280       291.3810       290.8349       290.0488       289.0388       288.2269    
 2142   287.8266       287.9031       288.6498       289.7199       290.7890       291.4152       291.7645       291.5160       290.9400       289.8538       288.9848       288.1105    
 2143   288.0854       287.9677       288.5011       289.6524       290.7632       291.3837       291.6328       291.5799       290.8902       289.9540       288.8845       288.2019    
 2144   287.6696       288.1354       288.7524       289.6517       290.7265       291.4281       291.5325       291.4085       290.7473       289.9243       288.9376       288.2090    
 2145   287.8439       287.8953       288.5246       289.6383       290.6882       291.4247       291.6810       291.5058       290.9346       289.9456       288.8128       287.9748    
 2146   287.5563       287.7094       288.5283       289.4613       290.5956       291.3487       291.6584       291.6079       290.9914       289.9068       288.7628       287.8523    
 2147   287.7326       288.0027       288.7415       289.7067       290.7175       291.3599       291.6972       291.5522       290.8738       289.8994       289.0214       287.9974    
 2148   287.8092       288.0844       288.8918       289.9101       290.8916       291.5818       291.7573       291.6915       291.0895       290.0583       289.1647       288.2238    
 2149   288.0244       288.2836       288.9690       289.8897       290.8412       291.5855       291.8949       291.7874       291.1930       290.2552       289.0946       288.2101    
 2150   287.8360       288.0846       288.7242       289.8912       290.8892       291.4546       291.7202       291.6687       290.9263       289.9750       289.0613       288.3150    
 2151   287.9384       288.2657       288.9731       289.8517       290.8345       291.5261       291.7705       291.8671       291.0367       290.1742       289.1624       288.2972    
 2152   287.9257       288.3586       289.0944       289.7708       290.7990       291.5028       291.8033       291.6642       290.9818       290.0299       288.9478       288.1053    
 2153   287.7667       287.9302       288.6554       289.5867       290.6602       291.3571       291.6966       291.5245       290.7570       289.7378       288.7115       287.9670    
 2154   287.6737       287.8501       288.6340       289.5201       290.6898       291.2825       291.7402       291.4962       290.8986       289.8612       288.8239       288.0768    
 2155   287.8662       287.9716       288.7689       289.7372       290.8676       291.5372       291.8959       291.6648       291.1723       290.2020       289.1340       288.3451    
 2156   287.9482       288.2075       289.0926       289.9413       290.9899       291.7646       292.0203       291.8393       291.2812       290.2456       289.2252       288.4526    
 2157   288.0206       288.1747       288.9391       289.7455       290.8438       291.5056       291.9024       291.7602       291.1025       290.1320       289.0811       288.1754    
 2158   288.0220       288.2370       288.7372       289.7445       290.7407       291.5610       291.8570       291.6796       291.1021       290.3137       289.3012       288.5453    
 2159   288.1560       288.3425       288.9307       289.9710       290.9908       291.6239       291.9147       291.6989       291.2247       290.3525       289.1747       288.2303    
 2160   287.8406       288.0681       288.7599       289.8248       290.8494       291.4069       291.8267       291.6841       290.9791       290.1049       289.0757       288.4175    
 2161   288.1405       288.0870       288.9624       289.8531       290.9526       291.4490       291.6192       291.5543       290.8161       290.0086       289.0175       288.3361    
 2162   288.0706       288.2597       288.9008       289.9392       290.9017       291.4458       291.7769       291.4584       290.8812       290.0172       289.1429       288.2474    
 2163   288.0337       288.2291       288.8564       289.8959       290.7598       291.5723       291.7440       291.6317       291.1038       289.9456       289.0255       288.1950    
 2164   288.0272       288.2011       288.9555       289.6781       290.8372       291.5417       291.7548       291.7776       291.2052       290.2108       289.0877       288.3271    
 2165   288.0108       288.2661       288.9496       289.7793       290.8221       291.7209       291.9291       291.8282       290.9695       290.0743       289.0722       288.1592    
 2166   288.0839       288.2420       288.8629       289.9426       291.0245       291.5968       291.9178       291.8673       291.1191       290.0600       289.1119       288.2464    
 2167   287.7975       288.3924       288.7483       289.7162       290.8004       291.5111       291.7290       291.6487       290.8835       289.9993       288.9093       288.1587    
 2168   287.8186       288.0590       288.8717       289.8276       290.7003       291.4145       291.7050       291.5223       290.8766       289.8665       288.9414       288.0455    
 2169   287.8412       287.9763       288.6924       289.8614       290.6487       291.3214       291.7271       291.6997       290.9568       289.9415       288.7598       288.0387    
 2170   287.7469       287.8370       288.5508       289.5099       290.7112       291.4061       291.6126       291.5410       290.8469       289.9989       288.9210       288.0480    
 2171   287.8020       287.9413       288.6631       289.7475       290.8857       291.4879       291.7939       291.7033       291.0378       290.0619       289.0658       288.2970    
 2172   287.8608       288.2355       288.9618       289.8637       290.8901       291.6075       291.8463       291.7552       291.0294       289.9609       288.8771       288.1676    
 2173   287.9572       288.0379       288.7568       289.7126       290.7146       291.3549       291.6457       291.6466       290.9692       289.8531       288.8510       288.1834    
 2174   287.6136       287.8615       288.5337       289.5870       290.8612       291.3708       291.6238       291.6074       291.0146       289.8619       288.8598       288.1045    
 2175   287.6565       287.8921       288.7677       289.9091       290.8084       291.4532       291.7113       291.6268       290.9207       289.9630       289.1593       288.3170    
 2176   287.9515       288.2538       288.7393       289.7907       290.7741       291.4067       291.6848       291.5140       291.0196       289.9326       289.0327       288.3144    
 2177   288.0191       288.0667       288.7230       289.6902       290.6257       291.3851       291.6288       291.6033       290.9720       290.0695       289.1679       288.2457    
 2178   287.9046       288.2480       288.8217       289.7426       290.8297       291.4980       291.8887       291.7477       291.1002       290.1992       289.1917       288.3307    
 2179   288.1587       288.3392       288.8840       289.8600       290.8027       291.5570       291.8730       291.7215       291.0446       290.0504       289.1675       288.3027    
 2180   288.0772       288.2155       288.9889       289.8339       290.8222       291.5695       291.6744       291.7998       291.0446       290.0731       288.9115       288.3481    
 2181   287.9458       288.2309       289.0820       289.8557       290.8997       291.5481       291.7815       291.7743       291.0991       290.1483       289.2039       288.4662    
 2182   288.0795       288.3857       288.9724       289.6615       290.8129       291.6316       291.7165       291.5946       290.9978       290.0047       289.1753       288.3315    
 2183   287.8724       288.0411       288.9111       290.0457       290.9391       291.6956       291.9587       291.8365       291.1409       290.1131       289.1552       288.3697    
 2184   288.0072       288.1899       288.9698       290.0428       291.0156       291.6383       291.9911       291.7237       291.1872       290.2336       289.1946       288.3090    
 2185   288.0587       288.2048       288.8576       289.7765       290.9303       291.5692       291.9207       291.8084       291.1805       290.2824       289.1721       288.3489    
 2186   288.1406       288.5069       289.1469       290.0305       291.0138       291.7912       291.9980       291.8310       291.2226       290.2195       289.1329       288.3763    
 2187   288.1036       288.2937       288.8367       289.9614       290.9269       291.7092       291.9339       291.8053       291.1803       290.3753       289.1409       288.5044    
 2188   288.1001       288.3199       288.9343       290.0015       290.9756       291.7458       291.9975       291.9387       291.3045       290.3080       289.2906       288.3757    
 2189   288.1639       288.4700       289.3206       290.2594       291.1747       291.9171       292.1133       291.9476       291.3611       290.5643       289.4163       288.6329    
 2190   288.1830       288.5089       289.2100       290.1572       291.2267       291.9286       292.2754       292.0385       291.4875       290.4899       289.3966       288.4981    
 2191   288.2818       288.4445       289.1326       290.0887       291.3594       291.8896       292.2155       292.2480       291.4921       290.4515       289.3837       288.6895    
 2192   288.2977       288.3984       289.2596       290.2108       291.1298       291.8375       292.3154       292.1499       291.5486       290.4420       289.3577       288.6107    
 2193   288.4479       288.5843       289.3287       290.1454       291.1559       291.9338       292.1128       292.0551       291.4102       290.4596       289.4667       288.7692    
 2194   288.3772       288.7380       289.3914       290.3359       291.4076       291.7953       292.2044       292.0375       291.2558       290.3533       289.3167       288.6114    
 2195   288.1573       288.4750       288.9541       290.0531       291.0409       291.7342       292.0089       291.8768       291.1992       290.2465       289.3016       288.3595    
 2196   288.2647       288.4620       289.1396       290.0520       291.0134       291.5417       291.9547       291.7090       291.0843       290.1035       289.1684       288.3037    
 2197   288.0111       288.2529       288.8850       289.8349       290.9199       291.7469       291.9915       291.8236       291.1502       290.1404       289.0279       288.4503    
 2198   288.1509       288.4070       289.0691       290.1096       291.1613       291.7500       291.9999       291.8317       291.1538       290.2407       289.3269       288.3943    
 2199   288.1197       288.4314       289.1939       289.9755       291.0297       291.7487       291.8810       291.8954       291.1822       290.2619       289.1634       288.3909    
 2200   288.1614       288.3254       288.8803       289.8901       290.9230       291.5463       291.7534       291.6483       290.9385       290.0212       289.0750       288.3896    
 2201   288.0955       288.2701       288.8541       289.8565       290.8674       291.6578       291.8730       291.7957       291.1533       290.0959       289.1131       288.4709    
 2202   288.1433       288.3198       288.8862       289.8404       290.8950       291.5816       291.7557       291.7340       291.0980       290.2052       289.1039       288.1601    
 2203   288.0033       288.1053       288.8327       289.7092       290.8138       291.5403       292.0076       291.8777       291.3506       290.3353       289.3459       288.5402    
 2204   288.1705       288.4340       288.9207       290.0677       291.1406       291.8017       292.0286       291.8334       291.1518       290.2769       289.2224       288.5268    
 2205   288.1182       288.4932       289.0006       290.1075       291.1874       291.8246       291.9971       291.8612       291.2647       290.2245       289.2219       288.3175    
 2206   288.0314       288.4243       288.9569       289.8179       291.0038       291.6086       291.8929       291.7458       291.0008       290.1670       289.1118       288.2597    
 2207   288.0070       288.0770       288.7462       289.8102       290.9161       291.4797       291.7318       291.6112       291.0166       290.1244       289.1942       288.3140    
 2208   287.8595       288.2113       288.9339       289.9309       290.9313       291.6072       291.9087       291.7931       291.0382       290.0958       289.0335       288.2371    
 2209   288.1832       288.3872       288.9138       289.8355       290.9901       291.7136       291.9142       291.5785       291.0091       289.9569       289.0952       288.3837    
 2210   288.2495       288.2328       288.8036       289.8636       290.9028       291.6031       291.8430       291.5904       291.0076       290.0985       289.0330       288.2954    
 2211   287.9700       288.1754       288.9012       289.8298       290.7956       291.5875       291.7944       291.6014       291.0947       290.0551       288.8942       287.9603    
 2212   287.7643       288.0524       288.7090       289.8315       290.9048       291.5075       291.8817       291.7120       290.9095       290.0177       289.0010       288.4152    
 2213   287.6619       287.7968       288.7123       289.7670       290.8838       291.4244       291.7943       291.5821       291.0385       290.0887       289.0750       288.3100    
 2214   287.8940       288.1583       288.8864       289.8252       290.7650       291.4957       291.8569       291.8187       291.2320       290.2431       289.1288       288.3878    
 2215   288.0609       288.3951       288.9524       289.8614       290.9698       291.5052       291.8819       291.7391       291.1808       290.0752       289.0303       288.3471    
 2216   288.0228       288.2570       288.9339       289.7993       290.8066       291.5176       291.6988       291.6390       290.9838       290.1137       288.8833       288.1884    
 2217   287.9156       288.0510       288.9907       289.7583       290.8194       291.5719       291.8956       291.8062       291.0222       290.0920       289.1901       288.3814    
 2218   288.1119       288.3367       289.0333       290.0111       290.9881       291.7330       291.9241       291.7487       291.1348       290.2150       289.1835       288.4954    
 2219   288.2387       288.4825       289.0960       290.0193       290.9834       291.7011       292.0043       291.6652       291.0013       290.0875       289.2359       288.4769    
 2220   288.0555       288.3751       289.0036       289.8901       290.8626       291.6435       291.6764       291.7374       291.1121       290.2654       289.2159       288.6428    
 2221   288.2105       288.6292       289.1566       290.0899       291.1584       291.7730       292.0829       291.9752       291.2271       290.2977       289.1495       288.4624    
 2222   288.1267       288.3437       288.8826       289.8282       290.9574       291.5396       291.9302       291.7810       291.1547       290.0865       289.1164       288.2440    
 2223   288.0714       288.0727       288.7582       289.9022       290.8320       291.6424       292.0162       291.8195       291.2170       290.2031       289.0907       288.2354    
 2224   287.9743       288.1196       288.8983       289.9045       290.9179       291.5232       291.8641       291.7132       291.1823       290.1629       289.3161       288.4708    
 2225   288.2847       288.5732       289.1672       289.9644       291.0060       291.6039       291.8450       291.9071       291.1222       290.2465       289.1672       288.4424    
 2226   288.1792       288.2415       288.9520       289.9496       291.0864       291.7539       292.0354       291.8275       291.1683       290.2062       289.2599       288.3994    
 2227   288.3225       288.4551       289.1937       290.0467       291.1304       291.6982       292.0298       291.9180       291.2828       290.3322       289.4598       288.5693    
 2228   288.4403       288.4972       289.3341       290.1776       291.2258       291.8411       292.1211       292.1542       291.4609       290.4027       289.4375       288.5332    
 2229   288.3635       288.4875       289.2055       290.1739       291.3043       291.9236       292.0795       291.9577       291.4109       290.4467       289.3600       288.6603    
 2230   288.5084       288.4147       289.3125       290.2285       291.2034       291.8949       292.1075       291.8707       291.3229       290.3988       289.3254       288.3994    
 2231   288.1002       288.5159       289.1109       289.9886       291.1868       291.8807       292.1238       291.8112       291.1817       290.1723       289.2993       288.4836    
 2232   288.1908       288.3598       288.9184       290.2544       291.2149       291.7411       292.0218       291.9556       291.3214       290.1996       289.3123       288.4144    
 2233   287.9869       288.3883       288.9716       290.1708       291.0816       291.7219       291.9283       292.0160       291.3884       290.4044       289.1720       288.3431    
 2234   288.1645       288.4845       289.0143       290.0925       291.0609       291.9348       292.1755       292.1412       291.4857       290.3771       289.4235       288.8739    
 2235   288.4361       288.8894       289.3681       290.1658       291.3302       291.9593       292.3206       292.1466       291.4223       290.4169       289.3940       288.5096    
 2236   288.2034       288.5291       289.2241       290.1107       291.1557       291.8597       292.1395       292.0676       291.3817       290.3725       289.4392       288.6980    
 2237   288.5704       288.7454       289.3646       290.1832       291.2022       291.7915       292.0427       292.0324       291.3061       290.2357       289.2794       288.5314    
 2238   288.2618       288.5033       289.0708       290.1071       291.1728       291.8616       292.1494       291.9858       291.1801       290.2565       289.3054       288.5564    
 2239   288.2706       288.5279       289.0959       290.2257       291.2032       291.8732       292.0743       292.0566       291.4803       290.4265       289.2885       288.5750    
 2240   288.3745       288.6895       289.2859       290.3885       291.2905       291.8990       292.1127       292.0558       291.4192       290.4313       289.3939       288.4546    
 2241   288.2733       288.6584       289.3298       290.3004       291.2992       291.9453       292.2288       292.1664       291.2717       290.2453       289.3118       288.6171    
 2242   288.1668       288.5287       288.8808       290.0147       291.1031       291.8166       291.9717       291.9349       291.2335       290.3393       289.1926       288.5406    
 2243   288.1757       288.1632       288.9814       290.1300       291.1697       291.8124       291.9256       291.8749       291.1324       290.1974       289.1699       288.4218    
 2244   288.1770       288.3261       289.0034       290.0081       291.1294       291.8772       291.9489       291.9943       291.3104       290.3798       289.1635       288.5873    
 2245   288.2023       288.5060       289.1989       290.1217       291.0794       291.7863       292.0215       291.8609       291.2488       290.3801       289.2775       288.5700    
 2246   288.1859       288.5656       289.2791       290.3487       291.1212       291.9368       292.2223       292.0373       291.3578       290.3504       289.4980       288.7620    
 2247   288.3766       288.4829       289.1792       290.3101       291.1573       291.8742       292.0350       292.0546       291.4225       290.4096       289.5516       288.8792    
 2248   288.5002       288.5027       289.3200       290.0919       291.2919       291.9992       292.2171       292.0004       291.4077       290.7184       289.5617       288.7233    
 2249   288.3738       288.7715       289.5105       290.1948       291.3447       291.9940       292.1071       292.0066       291.1957       290.3857       289.3277       288.6235    
 2250   288.4235       288.4984       289.1789       290.1341       291.2831       291.9488       292.1850       291.9490       291.2156       290.4006       289.3379       288.5806    
 2251   288.3669       288.3923       289.2584       290.2065       291.1558       291.7664       292.0924       291.9240       291.2756       290.3174       289.2465       288.4507    
 2252   288.2158       288.3855       289.0144       290.0591       291.1324       291.8066       291.9620       291.8439       291.0926       290.0738       289.1472       288.4017    
 2253   287.9323       288.1977       288.8827       290.0654       291.0693       291.6720       291.9038       291.7035       291.0884       290.1391       289.2838       288.5345    
 2254   288.1562       288.4418       289.1586       290.0229       291.0429       291.6662       291.9115       291.8271       291.0892       290.1937       289.3087       288.5415    
 2255   288.2740       288.6527       289.0943       289.9644       291.0331       291.7076       292.0440       292.0991       291.3093       290.4482       289.2234       288.3559    
 2256   288.1372       288.3690       289.0342       290.1486       291.1799       291.7965       292.1070       292.0314       291.2841       290.3231       289.4725       288.6278    
 2257   288.2397       288.4731       289.0487       290.1803       291.0994       291.8363       292.2105       292.1342       291.3646       290.4703       289.4543       288.6324    
 2258   288.4349       288.6979       289.1646       290.1631       291.2894       291.8939       292.2916       292.1875       291.4653       290.3981       289.3318       288.6049    
 2259   288.5187       288.5311       289.2379       290.1208       291.0638       291.8303       292.0779       292.0787       291.4554       290.3532       289.0892       288.5765    
 2260   288.2969       288.3936       289.0041       289.8409       291.0561       291.8219       292.0928       292.0269       291.2259       290.4696       289.4562       288.7244    
 2261   288.2741       288.4495       289.0876       290.1439       291.1672       291.9346       292.0821       291.9072       291.1483       290.0927       289.2687       288.4596    
 2262   288.0843       288.3220       288.9414       289.8284       290.8784       291.4881       291.7410       291.6487       290.9633       289.9647       289.0587       288.3325    
 2263   287.8580       288.2451       288.9268       289.7816       290.8671       291.6911       291.8973       291.8803       291.2052       290.1988       289.1818       288.4143    
 2264   288.2637       288.5746       289.2064       290.1445       291.1011       291.7747       292.0409       291.8185       291.1927       290.1602       289.2336       288.6237    
 2265   288.1566       288.5663       289.0725       290.0315       290.9950       291.8024       292.1005       291.8528       291.2597       290.3805       289.1759       288.5044    
 2266   288.0426       288.0327       288.8418       289.9757       290.9509       291.7502       292.0427       292.0484       291.3795       290.3015       289.4835       288.5918    
 2267   288.3713       288.4135       289.2557       290.2071       291.0635       291.9554       292.1890       291.9390       291.3741       290.3835       289.5650       288.7863    
 2268   288.3910       288.5465       289.2221       290.0852       291.1926       291.8837       292.1757       291.9830       291.4711       290.4861       289.4244       288.7048    
 2269   288.6411       288.9436       289.4414       290.2690       291.2411       292.0077       292.2827       292.0637       291.4465       290.6364       289.4912       288.8638    
 2270   288.5475       288.6482       289.4174       290.2583       291.2756       291.9954       292.2179       292.0034       291.3944       290.3771       289.4685       288.7307    
 2271   288.4168       288.6263       289.0870       290.3574       291.1824       291.7122       292.0117       291.9879       291.3343       290.5093       289.4673       288.6321    
 2272   288.1492       288.3333       288.9662       290.1378       291.2137       291.8682       292.1168       291.9721       291.2786       290.4017       289.3116       288.5718    
 2273   288.2715       288.4356       289.0648       290.0746       291.0447       291.8194       292.1346       291.9722       291.4035       290.3844       289.2826       288.6466    
 2274   288.3556       288.8142       289.2220       290.1123       291.2494       291.9122       292.0773       292.0322       291.3940       290.3527       289.2641       288.4589    
 2275   288.1995       288.4106       289.0217       290.0399       291.0757       291.7497       292.0931       291.8265       291.3775       290.2987       289.3527       288.5464    
 2276   288.3542       288.6544       289.3455       290.2432       291.2779       291.8211       292.1018       292.0377       291.3187       290.3310       289.3033       288.6451    
 2277   288.3254       288.4381       289.0773       290.0731       291.1024       291.8227       292.0519       291.8386       291.2580       290.2524       289.2902       288.4465    
 2278   288.1819       288.6014       289.4039       290.2542       291.3622       291.8853       292.2802       292.1567       291.5909       290.5999       289.7383       288.8294    
 2279   288.5966       288.8958       289.5115       290.4166       291.3487       291.9962       292.3394       292.2490       291.5028       290.5957       289.8093       288.9512    
 2280   288.5494       288.6138       289.4554       290.4210       291.3794       292.0564       292.2987       292.1584       291.5606       290.3550       289.3986       288.7123    
 2281   288.4519       288.7339       289.3024       290.1784       291.1714       291.8474       292.2203       292.1407       291.5575       290.4914       289.5464       288.6485    
 2282   288.4854       288.6227       289.3423       290.1165       291.2706       291.9456       292.3255       292.1338       291.5208       290.5363       289.6430       288.8647    
 2283   288.5081       288.8246       289.5832       290.2743       291.2485       292.0433       292.2844       292.0530       291.5008       290.5526       289.5455       288.7999    
 2284   288.5195       288.7770       289.4213       290.3857       291.3418       291.9400       292.0949       291.9390       291.3598       290.5800       289.4961       288.7025    
 2285   288.3846       288.5983       289.2574       290.3568       291.3090       291.9229       292.3117       292.0885       291.3664       290.5378       289.5156       288.5122    
 2286   288.3552       288.5476       289.2484       290.1075       291.1963       291.7835       292.1149       292.0605       291.3973       290.4191       289.4106       288.8079    
 2287   288.3600       288.5324       289.2789       290.1836       291.2908       291.9630       292.3230       292.0523       291.4154       290.5597       289.5330       288.8550    
 2288   288.5225       288.9019       289.5114       290.3304       291.3702       292.0594       292.3562       292.2162       291.5041       290.4960       289.5429       288.7062    
 2289   288.5503       288.8713       289.3306       290.3256       291.4377       291.9783       292.1546       292.2189       291.4325       290.4987       289.5267       288.7046    
 2290   288.3693       288.6375       289.4207       290.2493       291.3793       291.9711       292.1208       292.0699       291.4959       290.5890       289.3958       288.7736    
 2291   288.6220       288.8524       289.4860       290.3985       291.4669       292.1252       292.1882       292.1023       291.4889       290.4008       289.4768       288.7600    
 2292   288.4605       288.5332       289.3038       290.3337       291.3505       291.9341       292.1990       292.1210       291.5322       290.4874       289.4349       288.5502    
 2293   288.3322       288.4565       289.1396       290.0911       291.1900       291.8980       292.1216       292.0954       291.4135       290.5918       289.4927       288.4861    
 2294   288.2978       288.7407       289.3699       290.3001       291.2891       291.9785       292.2289       292.2412       291.4860       290.6007       289.4833       288.6425    
 2295   288.4217       288.5688       289.2782       290.2768       291.1975       291.9242       292.1519       292.1322       291.4456       290.4536       289.3314       288.4014    
 2296   288.1573       288.4961       289.2210       290.2444       291.2238       291.9724       292.2582       292.1258       291.3925       290.4855       289.3414       288.5308    
 2297   288.3010       288.5610       289.2000       290.1978       291.2672       291.9911       292.1833       292.1338       291.5921       290.5905       289.7130       288.9686    
 2298   288.6256       288.8260       289.4780       290.3875       291.3539       292.0755       292.2557       292.2189       291.6378       290.6680       289.5772       289.0015    
 2299   288.7333       288.9092       289.4678       290.4290       291.4112       292.0413       292.3335       292.3257       291.7292       290.6432       289.5307       288.7434    
