# <a href=http://cmip-pcmdi.llnl.gov/cmip5/>CMIP5</a> global mean temperature computed at <a href=http://www.knmi.nl/selectfield_cmip5.cgi?someone@somewhere>KNMI Climate Explorer</a> tas_Amon_BNU-ESM_rcp26_r1i1p1
# tas [K] from BNU-ESM model output prepared for CMIP5 RCP2.6 r1i1p1
# cutting out region lon=   -1.406  358.594, lat=  -89.247   89.247
 1850   284.9232       284.9140       285.4413       286.0497       286.9216       287.5567       287.7578       287.4906       286.7307       285.8765       285.1599       284.7847    
 1851   284.4422       284.6762       285.0008       285.7559       286.8798       287.3080       287.5094       287.6877       286.9171       285.8432       285.0138       284.3873    
 1852   284.6089       284.5381       284.8530       285.6783       286.6012       287.3627       287.6542       287.6182       287.0501       285.9253       285.1717       284.9118    
 1853   284.8346       285.0410       285.4313       285.8487       286.7438       287.5332       287.8694       287.7242       287.2059       286.0818       285.1638       284.8285    
 1854   284.9266       284.8860       285.0957       285.9571       286.8244       287.5338       287.9526       287.6854       286.9726       286.0497       285.2401       284.7337    
 1855   284.7517       284.7515       285.5344       286.1227       286.8699       287.5316       287.7083       287.5274       286.7388       285.7267       285.0190       284.6248    
 1856   284.5333       284.8542       284.9041       285.7959       286.6700       287.3269       287.7062       287.3807       286.6815       285.5893       284.7884       284.7610    
 1857   284.5886       284.5583       284.9330       285.6688       286.7163       287.3463       287.5690       287.6561       287.0074       285.9999       285.2213       284.8194    
 1858   284.7715       284.8030       285.2991       285.9258       286.7409       287.3833       287.7656       287.6429       286.8574       286.1766       285.2402       284.8956    
 1859   284.7311       284.7543       285.5388       285.9914       286.8000       287.5432       287.9854       287.7918       287.1488       286.0095       285.2881       284.8986    
 1860   284.8878       285.1901       285.2152       286.0841       286.8899       287.5750       287.8793       287.5435       287.1073       285.7967       285.1935       284.7077    
 1861   284.3850       284.5216       285.0640       285.6317       286.4662       287.1985       287.5577       287.4557       286.7912       285.7307       285.1243       284.5179    
 1862   284.3716       284.2394       284.9264       285.7716       286.6409       287.3295       287.6567       287.6970       286.9659       286.0196       285.0299       284.8269    
 1863   284.6789       284.5802       285.2844       285.7568       286.5984       287.4709       287.9246       287.7994       287.0591       286.1001       285.2584       285.0233    
 1864   284.9477       284.9731       285.6121       286.3825       287.1511       287.8336       288.0654       288.0401       287.0559       286.1510       285.1364       284.9130    
 1865   284.6688       284.5803       285.2096       285.9412       286.8014       287.5867       287.8726       287.6149       286.7242       285.7874       285.2229       284.6970    
 1866   284.3227       284.4634       284.7066       285.5882       286.5915       287.3575       287.7780       287.6940       286.9759       286.0692       285.3392       284.7701    
 1867   284.6588       284.7990       285.0231       285.9839       286.8454       287.3588       287.6829       287.5446       286.9533       285.8568       285.1154       284.8730    
 1868   284.7159       284.5081       285.0404       286.0964       286.9780       287.5842       287.8916       287.4890       286.8435       285.9779       285.2224       284.7795    
 1869   284.5070       284.3385       284.9609       285.6554       286.6811       287.2858       287.6507       287.6316       286.9851       285.9538       284.9252       284.6189    
 1870   284.5374       284.7245       285.0406       285.8979       286.7912       287.5465       287.7984       287.8120       287.3126       286.1256       285.2604       284.6133    
 1871   284.7296       284.7878       285.3431       286.0092       286.9073       287.5345       287.9307       287.7860       287.1897       286.1392       285.2948       284.9339    
 1872   284.5759       284.6243       285.1641       285.8893       286.8015       287.3799       287.7779       287.8133       287.0152       285.9840       285.0869       284.7450    
 1873   284.4913       284.7585       285.2352       285.9368       286.9980       287.5346       288.0448       288.0212       287.1288       286.0597       285.3631       284.8151    
 1874   284.8176       285.0052       285.5079       286.2043       286.9664       287.6491       287.9904       287.9293       287.1854       286.2214       285.3774       285.2543    
 1875   284.7520       284.9799       285.6430       286.3411       287.0967       288.0402       288.2170       288.1846       287.3029       286.3738       285.3238       285.0278    
 1876   284.9695       284.6462       285.2758       285.9736       286.9251       287.8828       288.1901       288.0528       287.3547       286.1946       285.2773       284.9434    
 1877   284.8846       284.9525       285.2705       286.0218       286.9094       287.6579       287.9807       287.9219       287.2590       286.3646       285.5659       285.0697    
 1878   285.0296       285.3494       285.4446       286.0981       287.0863       287.5602       287.7600       287.6535       286.9743       285.8209       285.0033       284.3899    
 1879   284.4181       284.5865       285.0818       285.7484       286.6463       287.5666       287.7910       287.4819       286.9117       286.1328       285.3729       284.7952    
 1880   284.8358       285.0662       285.4782       286.0406       286.8773       287.3011       287.7411       287.5887       286.9183       285.9808       285.0465       284.5497    
 1881   284.5791       284.6142       284.8686       285.8349       286.7944       287.5828       288.0293       287.9285       287.1716       286.0281       285.6541       285.0813    
 1882   284.9559       285.1582       285.4424       286.1378       287.0927       287.6782       287.7357       287.7091       287.0058       285.9229       285.1370       284.9190    
 1883   284.7679       284.6771       284.9631       285.9287       286.8961       287.4905       287.8038       287.7288       287.0939       285.9153       284.9943       284.6932    
 1884   284.6227       284.6446       285.1167       285.5962       286.3561       286.9705       287.3407       287.3297       286.5034       285.6471       284.6873       284.3091    
 1885   284.3000       284.3816       284.7027       285.6278       286.4793       286.8377       287.2602       287.2661       286.6626       285.7296       285.1010       284.5503    
 1886   284.1540       284.5616       284.7867       285.5958       286.6049       287.1861       287.4181       287.2394       286.7527       285.6350       284.8445       284.4231    
 1887   284.5399       284.6642       285.0130       285.7591       286.5685       287.3004       287.8855       287.7580       287.0081       285.9810       285.1947       284.6228    
 1888   284.7102       284.4927       285.2057       285.8992       286.8706       287.5346       287.5907       287.5874       286.7589       286.0863       285.1657       284.7255    
 1889   284.4739       284.2649       284.7242       285.5001       286.6237       287.4026       287.5251       287.6689       287.0005       286.0253       285.3757       285.0146    
 1890   284.8502       285.0308       285.4243       285.8534       286.7330       287.0612       287.2932       287.2719       286.4735       285.5446       284.4903       284.2273    
 1891   284.1687       283.9054       284.5935       285.3559       286.2104       286.6465       287.0160       287.2597       286.4981       285.5770       284.8982       284.3981    
 1892   284.1860       284.5953       284.9511       285.5963       286.4759       287.2783       287.5397       287.4605       286.6904       285.6986       284.9188       284.7126    
 1893   284.3473       284.6685       285.0004       285.7541       286.6649       287.3637       287.7571       287.4909       286.8725       285.6586       284.9755       284.7996    
 1894   284.6577       284.7018       285.1335       285.8456       286.5765       287.4047       287.7641       287.5763       287.0177       285.9822       285.1656       284.5603    
 1895   284.5846       284.5932       284.8536       285.6984       286.6306       287.2771       287.5157       287.5326       286.8427       285.6348       285.0278       284.5600    
 1896   284.2508       284.3594       284.8766       285.6939       286.6644       287.5167       287.6861       287.6516       287.0635       286.0081       285.4933       285.0342    
 1897   284.7943       284.7930       285.4499       285.9670       286.9917       287.4120       287.7713       287.5947       287.0430       285.9454       284.9376       284.7205    
 1898   284.5500       284.6259       285.1907       285.8508       286.6046       287.2245       287.6068       287.4804       286.8719       285.9258       285.0266       284.5792    
 1899   284.3715       284.5331       285.1890       285.8356       286.6922       287.5446       287.8817       287.8540       287.0372       285.9619       285.3299       284.9979    
 1900   284.9326       284.9436       285.5511       286.0743       286.8897       287.5918       287.8277       287.6588       287.0070       286.0435       285.3374       284.8513    
 1901   284.4993       284.6649       285.0238       285.9391       286.8726       287.4258       287.8246       287.7713       287.0356       285.9550       285.2327       284.8440    
 1902   284.7067       284.9170       285.2778       286.0962       286.8946       287.4215       287.5835       287.8417       287.1223       285.9526       285.4289       284.6260    
 1903   284.3099       284.2283       284.7666       285.6353       286.5101       287.0722       287.3353       287.3546       286.6529       285.6329       284.8646       284.3901    
 1904   284.1832       284.3476       285.0088       285.6626       286.4394       287.4024       287.5871       287.3727       286.8138       285.7708       285.0357       284.6010    
 1905   284.4148       284.8108       285.3182       285.6879       286.6694       287.2818       287.4401       287.3339       286.7694       285.7426       284.8033       284.1488    
 1906   283.7834       284.3507       284.8648       285.4504       286.2781       286.9877       287.3919       287.2710       286.8262       285.7388       284.9252       284.4109    
 1907   284.3736       284.5146       285.0087       285.6846       286.8571       287.3739       287.5047       287.3331       286.7489       285.6731       284.9961       284.3460    
 1908   284.3632       284.5906       285.1100       285.8770       286.8197       287.3753       287.7164       287.5173       287.0686       286.1360       285.2185       284.9291    
 1909   285.0676       284.7737       285.2326       286.0134       286.7526       287.3183       287.6938       287.5764       286.8717       285.9619       284.9256       284.5766    
 1910   284.5938       284.9405       285.1310       285.8987       286.7979       287.4973       287.8137       287.6646       287.0112       286.0277       285.4602       284.9632    
 1911   284.5748       284.8056       285.3402       285.8371       286.6208       287.2007       287.7571       287.5676       286.9819       285.8608       285.1590       284.7479    
 1912   284.4057       284.6114       285.1798       285.7998       286.6727       287.3514       287.5536       287.4937       286.7825       285.8249       285.0747       284.8519    
 1913   284.5282       284.6185       285.1357       285.7947       286.6157       287.4730       287.8091       287.5954       287.0355       286.1040       285.2877       284.8860    
 1914   284.7022       284.8070       285.3349       286.0860       287.0826       287.6936       287.8778       287.8091       287.2050       286.1665       285.2709       284.9437    
 1915   284.6844       284.7487       285.6095       286.2870       287.1828       287.5367       287.8607       287.6445       286.9673       286.1239       285.3608       284.8403    
 1916   284.7625       285.0757       285.5332       286.2755       287.1550       287.6367       287.8207       287.8660       287.0104       286.1223       285.4065       284.9230    
 1917   284.5695       284.5287       285.2098       285.9747       286.9160       287.6059       287.9076       287.8444       287.1609       286.2798       285.2961       285.0278    
 1918   284.8455       284.8214       285.3358       286.1957       286.9959       287.6288       288.0424       287.9892       287.3348       286.2812       285.4512       284.9262    
 1919   284.8698       284.7931       285.4904       286.1420       286.9184       287.8235       287.9289       287.7871       287.2664       286.2057       285.4525       285.1925    
 1920   285.1483       285.0900       285.6272       286.2720       287.1550       287.6777       287.8792       287.8920       287.1803       286.1403       285.4725       284.9311    
 1921   284.9328       284.6302       285.3062       286.1080       287.0497       287.5138       287.8372       287.8403       287.1971       285.8971       285.4464       285.1580    
 1922   284.8691       285.0670       285.6001       286.1871       287.0820       287.7669       287.9951       287.9637       287.2227       286.1106       285.2095       284.8398    
 1923   284.7001       284.9659       285.3295       286.3071       286.9884       287.7587       288.1897       287.8821       287.3097       286.4456       285.2609       285.1050    
 1924   285.0521       285.0865       285.6683       286.4426       287.1766       287.5789       287.7429       287.7629       287.0804       285.8866       284.9667       284.8353    
 1925   284.6058       284.7156       285.0100       285.7465       286.6054       287.2969       287.6645       287.4794       286.8482       285.9409       285.2887       284.8456    
 1926   284.6042       284.7578       285.2236       285.9482       286.8066       287.3529       287.6896       287.6725       287.2412       286.1622       285.4279       285.0444    
 1927   284.9194       285.0482       285.5287       286.1769       287.0284       287.5056       287.8023       287.6103       286.9889       286.1966       285.3830       284.8612    
 1928   284.7408       284.7833       285.1368       286.1823       287.0260       287.5942       287.9467       287.9896       287.2168       286.1179       285.4956       284.9595    
 1929   284.9296       284.6857       285.3725       286.2594       287.1681       287.7932       288.0438       287.7704       287.0863       286.2386       285.3499       284.9496    
 1930   284.5812       284.7735       285.2706       285.9622       286.8353       287.3663       287.6661       287.5995       287.0257       285.9703       285.0184       284.6678    
 1931   284.8711       285.0400       285.3566       286.1402       286.9840       287.7552       287.9891       287.8637       287.1371       286.1359       285.4313       284.8804    
 1932   284.6739       284.7114       285.2419       286.0507       286.9833       287.6133       287.8073       287.7855       287.1925       286.1804       285.4108       285.1654    
 1933   284.9741       284.9047       285.5015       286.0370       286.8603       287.5475       287.9972       287.6227       287.1640       285.9464       285.1279       284.9410    
 1934   284.4427       284.7147       285.1851       285.8554       286.7346       287.2245       287.7531       287.4337       286.9002       285.9292       285.1948       284.5299    
 1935   284.5805       284.9240       285.2176       285.9599       287.0441       287.6098       288.0288       287.9176       287.3119       286.2358       285.6191       285.2671    
 1936   284.8908       285.1626       285.5669       286.3123       287.0951       287.9661       288.0958       287.9893       287.2198       286.3466       285.6825       285.0353    
 1937   285.0771       285.1781       285.7252       286.3403       287.1554       287.6022       287.8644       287.6459       287.0890       286.0865       285.3357       285.1615    
 1938   284.8250       285.0670       285.5791       286.2403       287.0005       287.8056       287.9592       288.0044       287.3203       286.3423       285.7692       285.4136    
 1939   285.0245       285.2813       285.6183       286.3408       287.2804       287.9003       288.0724       287.8565       287.0897       286.2117       285.6264       285.1422    
 1940   284.8745       284.8314       285.1869       286.1665       286.9713       287.7233       287.9981       287.8376       287.1050       286.0536       285.2333       284.9120    
 1941   284.7196       284.6731       285.4207       286.0399       286.9849       287.6209       287.9355       287.9065       287.2048       286.1615       285.3697       285.1191    
 1942   284.9892       284.9616       285.4207       286.2821       287.0930       287.6736       287.9604       287.8741       287.1733       286.3435       285.5468       285.1843    
 1943   285.0968       285.0804       285.3495       286.0928       287.0715       287.9375       287.9717       287.9673       287.3505       286.4128       285.6162       285.2222    
 1944   285.0790       285.2242       285.7534       286.4158       287.1558       287.8110       288.1741       288.0731       287.3029       286.4815       285.5732       285.2622    
 1945   285.1542       285.2883       285.5464       286.2652       287.3408       288.0929       288.2411       288.1027       287.2564       286.4062       285.4771       285.1251    
 1946   284.9590       284.8840       285.3685       286.1387       287.1830       287.8583       288.1152       288.0880       287.2373       286.3024       285.6199       285.2743    
 1947   284.9992       285.2625       285.4568       286.1880       287.2140       287.9566       288.1660       288.2044       287.3593       286.6335       285.9774       285.6256    
 1948   285.2532       285.5625       285.7847       286.5846       287.3492       287.9929       288.5114       288.2455       287.5296       286.4993       285.7493       285.4332    
 1949   285.0692       285.3743       285.6699       286.1293       286.8822       287.6467       287.8721       287.8907       287.0648       286.2864       285.2068       284.8349    
 1950   284.7917       284.8840       285.1732       285.9085       286.8872       287.4687       287.8022       287.7523       287.2273       286.2455       285.6364       285.2261    
 1951   285.1657       285.0681       285.4209       286.3069       287.2221       287.8078       288.0997       288.0650       287.4153       286.2134       285.4832       285.4421    
 1952   285.1025       285.2184       285.5251       286.3108       287.2003       287.8026       288.0987       288.0385       287.3186       286.5441       285.6860       285.4243    
 1953   285.2961       285.1053       285.6671       286.2886       287.1691       287.8131       288.2005       287.8889       287.2032       286.3699       285.3814       285.1036    
 1954   284.8297       284.7544       285.3618       286.1579       287.2299       287.8385       288.1682       288.2784       287.6275       286.7487       285.8662       285.7666    
 1955   285.1839       285.3113       285.8552       286.4888       287.5170       288.1754       288.3558       288.1951       287.5344       286.5665       285.6749       285.3057    
 1956   285.0779       285.1069       285.5013       286.4846       287.2434       287.8648       288.1490       287.9200       287.3228       286.1927       285.4806       285.1530    
 1957   284.9946       285.2455       285.7710       286.5977       287.4130       288.1652       288.4338       288.1491       287.3882       286.6652       286.0044       285.6265    
 1958   285.3294       285.4918       285.8610       286.4550       287.2057       287.9345       288.0276       287.9601       287.2416       286.2610       285.4949       284.8893    
 1959   284.9010       285.1173       285.4009       286.2060       286.9610       287.6576       287.9709       288.0081       287.3500       286.3946       285.5484       285.1453    
 1960   285.2769       285.4533       286.0870       286.4713       287.5603       288.0662       288.3071       288.0065       287.3812       286.3648       285.7542       285.0892    
 1961   284.8371       285.0617       285.0652       286.1585       287.1775       287.7782       288.0843       287.8759       287.2113       286.3909       285.6171       285.1306    
 1962   284.8923       285.6989       285.9586       286.6290       287.3764       287.8515       288.1735       288.2198       287.5167       286.5082       285.7320       285.2908    
 1963   285.2022       285.1972       285.7415       286.3560       287.2977       287.6339       287.9453       287.8507       287.1658       286.1827       285.3334       284.9047    
 1964   284.5874       284.5173       285.2023       286.1770       287.0327       287.6990       288.1111       287.9812       287.2953       286.1948       285.5720       285.2812    
 1965   284.9460       285.1906       285.6566       286.4488       287.2105       287.7418       287.8983       287.8429       287.0445       286.1563       285.2078       284.9715    
 1966   284.8565       285.0591       285.2895       286.1360       286.9781       287.7085       287.8766       287.8445       287.2957       286.3284       285.6977       285.1716    
 1967   285.2228       285.2527       285.7344       286.4020       287.2119       287.7933       288.0078       287.9171       287.2192       286.3351       285.6671       285.3579    
 1968   284.8802       285.0622       285.2732       286.2744       287.2494       287.8846       288.3078       288.2279       287.6557       286.6734       285.9958       285.3864    
 1969   285.1550       285.5318       285.6497       286.2432       287.1010       287.8075       288.0876       287.8391       287.3200       286.3545       285.7257       285.1809    
 1970   284.8796       285.3961       285.5536       286.2394       286.8903       287.6189       288.0537       287.8017       287.2932       286.2956       285.4953       285.0448    
 1971   284.9817       285.3108       285.6499       286.3436       287.2722       287.8296       288.2774       288.1793       287.3621       286.4743       285.8382       285.5075    
 1972   285.1800       285.5174       285.9188       286.7891       287.4823       288.1924       288.5091       288.1349       287.5321       286.4232       285.7149       285.2668    
 1973   284.8950       285.1520       285.6559       286.2819       287.0961       287.9230       288.1642       288.1531       287.5338       286.4687       285.6940       285.2197    
 1974   285.1121       285.3087       285.7109       286.4218       287.2566       287.9881       288.5432       288.3820       287.6103       286.6420       285.9745       285.5581    
 1975   285.4622       285.3570       285.8071       286.5678       287.3599       288.0479       288.3395       288.1802       287.4561       286.4713       285.8263       285.0475    
 1976   284.9320       284.9333       285.5817       286.4945       287.0841       287.6365       288.3054       288.0178       287.4002       286.4214       285.5298       285.1787    
 1977   285.0904       285.0493       285.6976       286.4633       287.3816       288.0653       288.2758       288.2977       287.4913       286.5392       285.9100       285.2646    
 1978   285.4784       285.4592       285.8098       286.6951       287.4688       288.1899       288.4238       288.3126       287.4017       286.6639       285.8782       285.4823    
 1979   285.2849       285.1790       285.6360       286.4411       287.3298       287.7483       288.4864       288.3144       287.6318       286.6793       285.7750       285.4739    
 1980   285.2270       285.2030       285.8262       286.4026       287.3894       288.0961       288.2795       288.4481       287.6160       286.7676       286.1402       285.9153    
 1981   285.7557       285.9821       285.9929       286.8417       287.5120       288.1309       288.4908       288.3148       287.7244       286.6901       286.0185       285.6284    
 1982   285.3145       285.4659       285.7427       286.6318       287.2967       288.1859       288.4208       288.1884       287.6166       286.5786       285.7930       285.4806    
 1983   285.4586       285.6322       285.8157       286.6566       287.3347       287.8803       288.1541       288.1756       287.4503       286.5791       285.7322       285.2257    
 1984   285.2243       285.4785       285.8315       286.6454       287.3685       288.0068       288.2954       288.4639       287.5906       286.4301       285.8659       285.3429    
 1985   285.1689       285.3249       285.8827       286.4267       287.3955       288.1674       288.3342       288.3626       287.8057       286.7027       285.8961       285.6684    
 1986   285.3101       285.5168       286.0741       286.7141       287.5177       288.3729       288.6550       288.5502       287.7242       286.7788       286.0999       285.8700    
 1987   285.5983       286.0082       286.2598       286.9798       287.6469       288.3560       288.7199       288.5165       287.9012       286.9020       286.1772       285.7169    
 1988   285.2749       286.0019       286.3340       286.9118       287.7456       288.1776       288.4730       288.4338       287.6089       286.7558       285.9002       285.4002    
 1989   285.1860       285.3785       286.0073       286.6770       287.7177       288.2033       288.6703       288.7100       287.8951       287.1102       286.4537       285.6208    
 1990   285.6850       285.7019       285.9628       286.8374       287.7246       288.5761       288.7129       288.5151       287.8207       286.9904       286.1911       285.6530    
 1991   285.4448       285.6515       285.9001       286.8603       287.5679       288.3590       288.6612       288.5861       287.7665       286.7055       285.9442       285.7565    
 1992   285.3348       285.5916       286.1393       286.4595       287.4607       287.9832       288.4387       288.1266       287.6891       286.5985       285.9721       285.5190    
 1993   285.5187       285.3706       285.6891       286.6646       287.3979       288.2797       288.4471       288.3648       287.6408       286.6417       285.7625       285.5073    
 1994   285.2985       285.3765       285.9050       286.8520       287.6221       288.2419       288.7026       288.5235       287.9464       286.9024       286.0209       285.7339    
 1995   285.7429       285.6177       286.3285       286.8774       287.7794       288.5231       288.8754       288.7557       287.9683       287.0248       286.4669       285.9332    
 1996   285.9073       285.6785       286.3665       286.8085       287.7810       288.5124       288.9276       288.8397       288.2437       287.5326       286.5602       286.0459    
 1997   285.7337       285.9701       286.3867       287.2132       288.0689       288.6120       288.8940       288.8524       288.1203       287.1117       286.2818       285.8944    
 1998   285.6446       285.6341       285.9912       287.0770       287.8719       288.6164       288.9205       288.7112       287.9322       287.0308       286.1891       285.5941    
 1999   285.3689       285.7198       286.2810       287.0073       288.1112       288.7650       289.1734       288.8276       288.2891       287.4811       286.5547       286.2753    
 2000   286.1000       286.3890       286.5629       287.2521       288.1632       288.8531       289.2642       289.1602       288.5090       287.4923       286.6067       286.2164    
 2001   286.0596       286.1029       286.3510       287.2056       288.1425       288.7268       288.8101       288.8404       288.1015       287.0609       286.3306       285.9216    
 2002   286.0398       285.7518       286.1433       286.9484       287.8762       288.8170       289.1479       288.9112       288.2324       287.2491       286.7007       286.3443    
 2003   286.1471       286.2935       286.3869       287.4028       288.2297       288.9289       289.2030       289.1187       288.4500       287.3699       286.6648       286.2889    
 2004   285.9535       286.0075       286.5699       287.2454       288.1620       288.9079       289.1703       288.8963       288.1346       287.2957       286.3257       285.9015    
 2005   285.5337       285.9888       286.2810       286.9914       287.8268       288.7255       289.1046       289.1322       288.4146       287.4185       286.9434       286.2728    
 2006   286.1400       286.3411       286.5771       287.5663       288.3091       289.1605       289.2685       289.1798       288.5159       287.6286       286.7964       286.4263    
 2007   286.2910       286.4535       286.6198       287.5496       288.3343       289.0849       289.4634       289.3471       288.5849       287.8130       286.7338       286.6046    
 2008   286.3899       286.5079       286.6539       287.5323       288.4001       289.2688       289.3383       289.2157       288.4419       287.5509       286.9408       286.4352    
 2009   286.2297       286.3619       286.7664       287.5834       288.2194       289.0285       289.4326       289.2733       288.5790       287.4702       286.7761       286.4361    
 2010   285.8490       285.9638       286.2340       286.9972       287.6692       288.3992       289.0023       288.9250       288.3488       287.3917       286.6578       286.1115    
 2011   285.6744       285.8298       286.3233       287.3407       288.1983       288.9812       289.2807       289.2446       288.6823       287.6566       286.7250       286.3900    
 2012   286.3673       286.6070       286.6680       287.4720       288.2850       289.0085       289.5709       289.3910       288.7006       287.7514       286.8480       286.4763    
 2013   286.2957       286.3447       286.8583       287.3721       288.3507       289.2214       289.5350       289.3126       288.5903       287.6617       286.9504       286.5163    
 2014   286.2658       286.1906       286.7885       287.6278       288.5161       289.2301       289.4713       289.3651       288.7342       287.7028       286.9479       286.6304    
 2015   286.4530       286.3176       286.9525       287.5604       288.4741       289.3664       289.8594       289.6289       288.6959       287.7684       287.1033       286.6920    
 2016   286.4990       286.5273       286.9751       287.8042       288.4325       289.3453       289.7120       289.5831       288.8695       287.8992       287.0572       286.5575    
 2017   286.0238       285.9315       286.6857       287.4569       288.3204       289.2590       289.5788       289.3949       288.8209       287.8362       287.0664       286.6083    
 2018   286.4795       286.7747       287.1563       287.8828       288.6109       289.6958       289.9462       289.6544       288.8637       288.0358       287.3283       286.8200    
 2019   286.5626       286.5167       286.8795       287.8951       288.7415       289.5111       289.8103       289.4532       288.5987       287.5612       286.7200       286.1134    
 2020   285.9622       286.3089       286.5992       287.4997       288.3115       289.0473       289.6247       289.5333       288.7388       287.7961       287.0340       286.7103    
 2021   286.4861       286.4142       287.0485       287.6426       288.6683       289.2660       289.8470       289.8426       289.0933       288.0167       287.2714       286.7855    
 2022   286.5902       286.8574       286.9471       287.5516       288.6065       289.4758       289.8708       289.6574       289.0317       288.1390       287.2936       286.9675    
 2023   286.6737       286.6570       287.1278       288.0899       288.5608       289.4496       290.0358       289.6545       288.9084       288.0578       287.3205       286.5656    
 2024   286.4295       286.6602       287.0723       287.9401       288.9150       289.6431       289.8413       289.8027       289.1047       288.2665       287.3844       286.8678    
 2025   286.8996       286.8654       287.3428       288.0391       288.8394       289.6301       289.8626       289.8515       289.0705       288.1295       287.3006       286.9051    
 2026   286.8727       286.7642       287.0034       287.6568       288.5120       289.4122       289.9470       289.6474       289.0012       288.1432       287.3192       286.8624    
 2027   286.7195       286.8542       287.3746       287.9512       288.7555       289.5609       289.7768       289.6909       289.0022       287.9755       287.2661       286.8438    
 2028   286.4055       286.4754       287.0019       287.7585       288.4810       289.2069       289.4969       289.3299       288.6305       287.8781       286.9978       286.5629    
 2029   286.4532       286.2919       286.7936       287.6722       288.6584       289.5734       289.9610       289.4756       288.9051       287.9779       287.1282       286.7484    
 2030   286.5352       286.4966       286.7938       287.8465       288.6215       289.5501       289.9340       289.7139       288.9988       288.2473       287.3136       287.1296    
 2031   286.7992       286.9407       287.1270       287.9437       288.7843       289.5825       290.0743       289.8366       289.2394       288.2810       287.2047       287.0677    
 2032   286.6515       286.5127       287.3176       288.0019       288.8598       289.6680       290.1693       289.9801       289.1129       288.2787       287.6417       287.3778    
 2033   287.1177       287.0609       287.3964       287.9167       288.9957       289.7965       290.0778       290.0447       289.2358       288.3948       287.5620       287.0573    
 2034   286.8782       287.0384       287.4686       288.0544       288.8222       289.4901       289.8949       289.7391       289.0710       288.0446       287.2545       286.7659    
 2035   286.3827       286.4381       286.8840       287.6465       288.7670       289.4093       290.0488       289.9272       289.3300       288.4049       287.3823       287.1373    
 2036   287.1860       287.0369       287.0322       288.1151       289.0555       289.9162       290.2994       289.8904       289.1861       288.3928       287.7400       287.2175    
 2037   287.1275       287.0745       287.4790       288.1575       289.1499       289.9587       290.2379       289.9839       289.3225       288.4245       287.4887       287.0358    
 2038   286.6925       286.5820       287.3232       287.8954       288.7988       289.7634       290.3068       290.1996       289.6148       288.4885       287.6884       287.0976    
 2039   287.3280       287.1686       287.3743       288.2216       289.1276       289.9960       290.3387       290.0305       289.3763       288.4790       287.8431       287.2740    
 2040   286.8988       286.7528       287.2864       288.0244       288.8936       289.5792       290.0144       289.7906       289.1949       288.4119       287.4108       287.0362    
 2041   286.6081       286.4195       286.9832       288.0557       288.7709       289.5910       289.9806       290.0013       289.0635       288.1072       287.3880       286.9924    
 2042   286.7339       286.6794       287.2646       287.9088       288.8963       289.7559       290.1637       289.8810       289.1454       288.4266       287.6285       287.1918    
 2043   287.0291       286.8531       287.3393       287.9938       289.0023       289.7805       290.1281       289.9653       289.2356       288.3596       287.3581       287.1922    
 2044   286.9518       286.7533       287.2094       288.1225       289.0183       289.7938       290.0611       290.0545       289.3135       288.5207       287.7960       287.3132    
 2045   286.9979       287.3882       287.7679       288.4085       289.2051       289.9413       290.4265       290.0640       289.3869       288.4175       287.6647       287.0872    
 2046   287.0402       287.0649       287.5501       288.4159       289.1370       289.8131       290.0855       289.8247       289.1480       288.1608       287.5187       286.7602    
 2047   286.5942       286.5703       287.0078       287.8269       288.8115       289.5070       289.9297       289.6854       289.0876       288.1409       287.3113       286.6372    
 2048   286.1924       286.7607       287.1601       287.8147       288.6428       289.4614       289.9136       289.7843       289.1405       288.3317       287.2799       286.6022    
 2049   286.3595       286.5562       287.0412       287.9499       288.8449       289.5419       290.0471       289.9036       289.2952       288.3739       287.7554       287.1661    
 2050   286.8231       287.2006       287.5667       288.3563       289.0818       290.0125       290.3290       290.1946       289.3607       288.3109       287.4594       287.0841    
 2051   286.8684       286.8554       287.2282       288.1548       289.0904       289.9341       290.1562       289.9706       289.3023       288.3834       287.3578       286.7820    
 2052   286.1433       286.4198       286.8176       287.8737       288.7944       289.5291       289.8918       289.7571       288.9501       288.2047       287.3956       286.6990    
 2053   286.6355       286.8312       287.3195       288.1108       288.8758       289.6043       290.1273       289.8060       289.2237       288.1749       287.6185       287.2218    
 2054   286.8886       286.9912       287.4881       288.1879       288.9904       289.7051       290.1961       289.9953       289.2368       288.1382       287.5421       286.7879    
 2055   286.8329       287.1173       287.3504       287.9157       289.0289       289.6770       290.0516       289.9525       289.3837       288.2155       287.3987       287.1000    
 2056   286.9735       286.8735       287.3836       287.9450       288.8784       289.7578       290.0260       289.9894       289.2039       288.3313       287.6156       286.9843    
 2057   286.6618       286.4404       287.3961       287.9470       288.9419       289.4857       289.9044       289.8662       288.9615       288.1672       287.3018       286.8765    
 2058   286.8584       286.7913       287.2713       287.8941       288.7488       289.6537       289.9857       289.7489       289.2111       288.5072       287.7278       287.3408    
 2059   287.1296       287.4514       287.7476       288.3921       289.1828       290.1448       290.3009       290.0627       289.2609       288.3969       287.4907       286.9238    
 2060   286.6104       286.3912       286.8536       287.5930       288.5084       289.4032       289.7499       289.7529       289.0996       288.1862       287.5457       286.9880    
 2061   286.9805       286.8605       287.2647       288.0377       288.9259       289.5794       290.0805       289.7264       289.0842       288.0859       287.1271       286.7563    
 2062   286.7386       286.8636       287.1733       287.7744       288.6658       289.3566       289.9261       289.8545       289.1928       288.2703       287.6900       287.3046    
 2063   286.7697       286.9430       287.4312       288.1953       289.0918       289.9313       290.2119       290.0647       289.4482       288.3910       287.8210       287.2950    
 2064   286.9495       287.2537       287.4958       288.1136       289.0833       289.9076       290.1979       290.1426       289.3184       288.3357       287.7141       287.2531    
 2065   286.8603       286.8380       287.3117       288.0415       288.8017       289.5154       290.0522       289.8006       289.1433       288.0543       287.2658       286.9397    
 2066   286.7391       286.5355       287.1660       287.7641       288.7156       289.4985       290.0402       289.7530       289.2565       288.2998       287.5709       287.1622    
 2067   287.0707       287.1273       287.7170       288.2503       289.0956       290.0171       290.2247       290.0671       289.2850       288.2981       287.5466       287.1687    
 2068   287.0435       286.9773       287.1737       288.0473       289.0740       289.5295       290.0368       289.8224       289.1561       288.2306       287.4864       287.1313    
 2069   286.8929       286.7032       287.2255       288.1083       289.0518       289.7343       290.0643       289.7606       289.2385       288.2271       287.4565       287.0696    
 2070   286.7403       286.8353       287.2476       287.8754       288.7657       289.6664       290.1433       289.8930       289.3631       288.3815       287.7093       287.3715    
 2071   287.1609       287.1483       287.5259       288.0846       288.9648       289.7243       290.1096       290.0169       289.1738       288.2479       287.3320       286.9445    
 2072   286.5814       286.5080       287.2951       287.8043       288.7717       289.5188       289.9019       289.6833       288.8599       288.2316       287.3076       286.8397    
 2073   286.6686       286.6964       287.1189       287.9275       288.6995       289.5146       290.0541       289.8688       289.0652       288.2565       287.3803       286.9846    
 2074   286.7708       286.9186       287.2332       287.8867       288.6318       289.4829       290.2244       289.7681       289.3542       288.3606       287.4298       287.0833    
 2075   286.7836       286.9335       287.5485       288.2944       289.1585       289.9289       290.3955       290.1523       289.2862       288.3402       287.7644       287.3823    
 2076   286.9290       287.3256       287.6730       288.2724       289.0403       289.7412       290.1324       289.9126       289.2451       288.4903       287.7191       286.9288    
 2077   286.5072       286.5906       287.2057       287.9310       288.9646       289.5395       289.9389       289.7501       289.0991       287.9736       287.2942       286.8217    
 2078   286.6459       286.5811       287.0182       287.9034       288.6703       289.5733       289.9301       289.8576       289.1992       288.1793       287.3405       287.0177    
 2079   286.7176       286.6829       287.1462       287.8925       288.7290       289.6795       289.8408       289.6181       289.0513       288.0392       287.3527       286.6211    
 2080   286.3438       286.6119       286.9114       287.6420       288.6475       289.3124       289.9024       289.7635       289.1589       288.3109       287.4171       286.9207    
 2081   286.6782       286.8858       287.6038       288.0654       288.9251       289.7679       290.1022       289.7649       289.1039       288.1566       287.3438       286.9138    
 2082   286.4619       286.6214       286.9397       287.8667       288.7272       289.3367       289.9253       289.8096       289.1135       288.2076       287.1545       286.7592    
 2083   286.8061       286.9308       287.3633       288.0350       289.2312       289.9003       290.0344       289.8191       289.3248       288.2591       287.5617       286.9056    
 2084   286.8611       286.7745       287.0660       287.9749       288.8068       289.4189       289.9020       289.8636       289.0043       288.2479       287.3985       286.7899    
 2085   286.6233       286.7230       287.1558       287.9987       288.8610       289.5082       289.9986       289.6463       288.9452       288.2162       287.2293       286.9894    
 2086   286.6625       286.5913       287.1269       287.8763       288.7194       289.5996       289.9452       289.7326       289.0284       288.0681       287.5047       287.1371    
 2087   287.2097       286.9230       287.4353       288.1383       288.9917       289.8321       290.4815       290.0070       289.3476       288.4546       287.6635       287.1430    
 2088   286.7656       286.9236       287.4967       288.0591       288.7534       289.5454       289.8652       289.7191       288.9760       288.0082       287.3159       286.9438    
 2089   286.2505       286.2101       287.1360       287.8576       288.7168       289.6037       289.9373       289.7761       288.9838       288.1967       287.6102       287.0656    
 2090   286.8957       286.9724       287.0902       288.0253       288.8196       289.7173       290.1566       289.9486       289.1924       288.0493       287.4770       286.9526    
 2091   286.9199       286.6590       286.8952       287.8619       288.7195       289.5614       289.9910       289.9667       289.1218       288.0539       287.4112       286.8651    
 2092   286.9338       286.8391       287.2038       287.9601       288.7101       289.5452       290.1417       289.9552       289.0814       288.1523       287.5356       287.1933    
 2093   286.9877       287.2058       287.6495       288.1562       289.0205       289.7898       290.0380       289.8175       289.1373       288.2771       287.5315       287.1036    
 2094   286.6485       286.8275       287.4415       288.0202       288.8286       289.7950       290.0367       289.9150       289.2447       288.4927       287.7066       287.1160    
 2095   287.2093       287.0035       287.3306       287.9438       288.8366       289.6649       289.9094       289.6357       289.0369       288.0288       287.3144       286.8773    
 2096   286.8559       286.6475       287.3075       287.9447       288.7213       289.5924       289.9461       289.8756       289.1804       288.3362       287.7314       287.3013    
 2097   287.2992       287.0798       287.5771       288.4112       289.1316       290.0134       290.3787       290.0420       289.4096       288.6780       287.8714       287.2392    
 2098   287.1192       287.1443       287.5253       288.0997       288.9807       289.8943       290.2491       290.0577       289.3441       288.5368       287.5770       287.0247    
 2099   286.8855       286.9764       287.1970       287.9528       288.7840       289.6918       290.0747       289.9483       289.3330       288.4229       287.5823       287.1418    
 2100   286.7950       287.2878       287.5378       288.0876       288.9988       289.7359       290.2333       290.0697       289.3562       288.5238       287.8892       287.3908    
