# <a href=http://cmip-pcmdi.llnl.gov/cmip5/>CMIP5</a> global mean temperature computed at <a href=http://www.knmi.nl/selectfield_cmip5.cgi?someone@somewhere>KNMI Climate Explorer</a> tas_Amon_GISS-E2-H_rcp45_r3i1p2
# tas [K] from GISS-E2-H model output prepared for CMIP5 RCP4.5 r3i1p2
# cutting out region lon=    0.000  360.000, lat=  -90.000   90.000
 1850   286.3799       286.6032       287.6152       288.3224       289.1145       289.6121       289.9539       289.7593       288.9641       288.0988       286.9907       286.4704    
 1851   286.4460       286.9580       287.5078       288.4189       289.0570       289.6681       289.8909       289.6621       288.8749       287.7721       286.8786       286.1667    
 1852   286.0753       286.5431       287.2021       288.0166       288.8995       289.5925       289.7373       289.4899       288.8660       287.7991       286.9362       286.4296    
 1853   286.2705       286.8576       287.4448       288.3118       289.0794       289.6700       289.8567       289.6234       288.9670       287.8720       286.9231       286.4737    
 1854   286.3035       286.6769       287.3703       288.2581       289.1162       289.6068       289.8686       289.6871       289.0044       287.9197       287.0443       286.4725    
 1855   286.5619       286.8549       287.5477       288.3797       289.1676       289.7491       289.9047       289.6822       289.0503       288.0980       287.0192       286.5609    
 1856   286.4204       286.6502       287.5327       288.2448       288.9791       289.6543       289.8600       289.7045       288.9270       287.9068       286.9631       286.3207    
 1857   286.3161       286.8223       287.5553       288.3992       289.1347       289.6024       289.8610       289.6394       288.8934       287.9725       286.9394       286.5227    
 1858   286.2782       286.7032       287.3922       288.3116       289.1603       289.6513       289.8195       289.6559       288.8797       287.8914       286.9177       286.4322    
 1859   286.4013       286.5389       287.5057       288.2072       289.0039       289.5659       289.7254       289.5911       288.8569       287.9547       286.9130       286.4531    
 1860   286.2915       286.7667       287.5788       288.3738       289.1952       289.7166       290.0111       289.7790       289.0754       287.9839       286.9955       286.6198    
 1861   286.4937       286.8926       287.5663       288.5072       289.2125       289.7834       289.9875       289.8220       289.0072       287.9576       287.0283       286.2947    
 1862   286.1278       286.5757       287.3855       288.1457       288.9513       289.4969       289.7378       289.5872       288.8616       287.8285       286.8542       286.2068    
 1863   286.2041       286.7676       287.5117       288.5110       289.1442       289.7652       289.9277       289.8419       289.0826       288.0253       287.0186       286.3846    
 1864   286.3330       286.8533       287.4877       288.3623       289.2304       289.6082       289.8716       289.6636       289.0099       288.1116       287.0005       286.5240    
 1865   286.2712       286.8397       287.5141       288.5017       289.1166       289.7198       289.9090       289.6602       288.9363       287.9533       286.9039       286.3327    
 1866   286.4142       286.7026       287.4002       288.3516       289.0427       289.6642       289.8621       289.7143       288.9115       287.9361       287.0493       286.3567    
 1867   286.3780       286.6681       287.5719       288.3036       289.1808       289.6908       289.8212       289.7626       288.9671       288.0477       287.1631       286.5162    
 1868   286.4451       286.8961       287.5255       288.4221       289.1923       289.6843       289.9841       289.6897       289.0866       288.1289       287.0952       286.4922    
 1869   286.3028       286.8156       287.6982       288.4455       289.2534       289.7849       290.1204       289.7805       289.1407       288.1060       287.0945       286.6135    
 1870   286.3504       286.8507       287.6535       288.4194       289.1290       289.7026       290.0011       289.7735       289.0500       288.0449       287.0945       286.5561    
 1871   286.5035       286.7892       287.5465       288.3953       289.1886       289.7355       289.9751       289.7424       289.1054       287.9785       286.9596       286.5634    
 1872   286.5387       286.9927       287.6009       288.6374       289.1318       289.8154       290.0136       289.8068       289.0768       288.1799       287.0565       286.5381    
 1873   286.6194       287.0212       287.4856       288.3284       289.0942       289.7906       289.9007       289.6526       289.0453       287.9124       286.8793       286.4679    
 1874   286.4478       286.8419       287.6147       288.3701       289.0968       289.7556       289.9937       289.7579       289.0655       288.1133       287.1406       286.7002    
 1875   286.5233       286.9807       287.6885       288.4729       289.2717       289.7760       290.0358       289.7285       289.0766       287.9977       286.9862       286.5905    
 1876   286.4176       286.7003       287.5932       288.4555       289.1348       289.7106       289.9963       289.8297       289.0876       287.9390       286.9497       286.3932    
 1877   286.3582       286.8030       287.5676       288.5372       289.2329       289.8052       290.0161       289.8719       289.0039       288.1175       287.0384       286.6671    
 1878   286.4283       286.8844       287.6650       288.5167       289.3056       289.7650       289.9409       289.7864       289.1335       288.0409       286.9758       286.3861    
 1879   286.5704       286.7046       287.5931       288.4472       289.2635       289.7366       290.0248       289.8484       289.1418       288.2395       287.1311       286.5580    
 1880   286.3990       286.9417       287.4891       288.5274       289.2730       289.6869       289.9888       289.8548       289.1026       288.1338       287.2119       286.6172    
 1881   286.6051       286.8887       287.8143       288.6931       289.3057       289.8254       289.9905       289.8912       289.2074       288.2255       287.1530       286.6522    
 1882   286.5894       287.0423       287.7507       288.3962       289.2861       289.8360       290.0527       289.8327       289.1527       287.9391       287.1740       286.6105    
 1883   286.4391       286.8884       287.7215       288.5032       289.2864       289.8133       290.0022       289.7430       289.1330       287.9601       286.8631       286.4069    
 1884   286.2264       286.5046       287.1653       287.9860       288.8524       289.3095       289.5429       289.3692       288.5882       287.4451       286.3821       285.9692    
 1885   285.9488       286.2912       287.1783       288.1090       288.8351       289.4415       289.5355       289.4517       288.7444       287.7885       286.6805       286.1946    
 1886   286.1109       286.4187       287.2731       288.2510       289.0114       289.5484       289.7688       289.5952       288.8524       287.7927       286.8576       286.1280    
 1887   286.2332       286.6415       287.3824       288.2737       288.9613       289.5470       289.7423       289.5869       288.9023       287.9384       286.9283       286.4524    
 1888   286.3874       286.6061       287.2842       288.2180       288.9925       289.6239       289.7738       289.6285       288.8657       287.9256       286.8938       286.4272    
 1889   286.1802       286.6765       287.3600       288.1460       289.0164       289.5831       289.8001       289.5041       288.9625       287.8547       286.8196       286.1976    
 1890   286.1707       286.4986       287.3170       288.1419       289.0129       289.4251       289.7057       289.5207       288.7976       287.6773       286.7973       286.0990    
 1891   286.0887       286.4008       287.1920       288.0365       288.9228       289.5107       289.6252       289.5085       288.9041       287.8324       286.7645       286.3078    
 1892   286.2855       286.5852       287.3031       288.2043       288.9027       289.5896       289.7650       289.5447       288.9092       287.8957       286.7498       286.2016    
 1893   286.0871       286.5477       287.4196       288.2453       288.9647       289.5558       289.7823       289.6060       288.9407       287.7498       286.9014       286.4458    
 1894   286.3072       286.7980       287.4234       288.3375       289.1398       289.6122       289.9321       289.7219       289.1100       288.0809       287.1774       286.7099    
 1895   286.5766       286.9234       287.4981       288.3281       289.2115       289.8105       289.9919       289.6730       289.0245       287.9700       286.9032       286.1960    
 1896   286.2357       286.6890       287.4272       288.1850       289.0629       289.7021       289.9011       289.7172       289.0400       288.0802       287.0151       286.5142    
 1897   286.4194       286.8324       287.4607       288.2944       289.1074       289.7067       289.9444       289.8501       289.1380       288.0731       287.0820       286.4139    
 1898   286.2569       286.5795       287.5668       288.4059       289.1756       289.7568       290.0504       289.8489       289.0775       288.0178       287.0476       286.5647    
 1899   286.4987       286.8160       287.5969       288.4258       289.1642       289.7856       289.9543       289.7286       289.1394       288.1594       287.0909       286.5619    
 1900   286.4907       286.8094       287.8110       288.5162       289.1787       289.8333       289.9787       289.8530       289.2941       288.1577       287.1840       286.3669    
 1901   286.4104       286.8020       287.6613       288.7139       289.3722       289.8572       290.0668       289.9626       289.2955       288.2572       287.1122       286.7198    
 1902   286.6032       286.8467       287.5171       288.5378       289.2299       289.6570       289.9201       289.7432       289.0012       287.9876       287.0617       286.4577    
 1903   286.2214       286.6102       287.4573       288.1949       288.9344       289.4594       289.7108       289.6203       288.9356       287.7726       286.8304       286.3003    
 1904   286.2682       286.5668       287.4094       288.3396       289.1176       289.5499       289.9113       289.6729       289.0847       287.9929       287.0047       286.5315    
 1905   286.2918       286.8465       287.5124       288.3863       289.1890       289.6997       289.9396       289.7158       289.0197       288.0031       287.0075       286.3260    
 1906   286.3434       286.7895       287.5597       288.4216       289.0947       289.6127       289.9049       289.6833       288.9107       288.0955       287.0598       286.5106    
 1907   286.3645       286.8914       287.4699       288.3037       289.0771       289.6209       289.8449       289.8537       289.0298       288.0500       287.0662       286.5597    
 1908   286.4484       286.9766       287.6423       288.4542       289.2075       289.7237       289.8548       289.7357       289.1049       288.1088       286.9865       286.4650    
 1909   286.5551       286.8799       287.6810       288.4661       289.1548       289.7906       289.9705       289.7561       289.1131       287.9478       286.9676       286.5044    
 1910   286.4521       286.7171       287.4549       288.2457       289.0721       289.6455       289.9713       289.7410       288.9227       288.1436       287.1924       286.4807    
 1911   286.5310       286.7947       287.6092       288.5634       289.3242       289.7759       289.9079       289.7518       289.1041       288.1641       287.1834       286.6422    
 1912   286.5832       286.7200       287.3805       288.3977       289.1114       289.6499       289.8658       289.7374       288.9528       287.9004       286.9939       286.4627    
 1913   286.2250       286.7605       287.5269       288.2728       288.9383       289.6075       289.8268       289.8258       289.0428       288.0572       287.0820       286.5261    
 1914   286.5589       287.0342       287.6829       288.4134       289.2500       289.7164       289.9573       289.6980       289.0316       288.0403       287.0846       286.4533    
 1915   286.4534       286.7805       287.5019       288.3790       289.0820       289.6561       289.9700       289.6598       288.9753       288.0227       287.0341       286.6233    
 1916   286.4662       286.7994       287.6693       288.4672       289.1613       289.8366       289.9442       289.7874       289.0591       288.1546       287.2083       286.5811    
 1917   286.5120       287.0318       287.6365       288.4691       289.2300       289.7240       290.0633       289.8726       289.1628       288.0960       287.1913       286.6236    
 1918   286.6037       286.9046       287.6866       288.3847       289.2144       289.8598       290.0783       289.8130       289.2125       288.1503       287.2184       286.6881    
 1919   286.7474       287.1039       287.6653       288.5128       289.2947       289.7766       289.9868       289.7285       289.0057       288.1121       287.1398       286.6173    
 1920   286.6459       286.9227       287.7934       288.7011       289.3052       289.8028       290.1264       289.8770       289.1834       288.2726       287.2730       286.5554    
 1921   286.7426       286.9545       287.6083       288.6108       289.2400       289.8095       290.0899       289.9806       289.1936       288.1288       287.2213       286.6269    
 1922   286.7265       286.9732       287.7717       288.6187       289.3651       289.8770       290.1084       289.9326       289.2601       288.2169       287.1895       286.6780    
 1923   286.6268       286.8953       287.7381       288.6076       289.4501       289.8496       290.1350       289.9716       289.2375       288.2935       287.2596       286.6501    
 1924   286.5349       287.2377       287.8049       288.7227       289.5114       290.0263       290.3003       290.0049       289.4111       288.5065       287.6062       286.9509    
 1925   286.9834       287.3561       287.9736       288.7590       289.4875       289.9980       290.2366       289.9535       289.2617       288.2078       287.2274       286.7407    
 1926   286.5301       286.9172       287.6485       288.6386       289.2707       289.8716       290.0601       289.9122       289.2894       288.1251       287.2462       286.6509    
 1927   286.7152       287.0425       287.8859       288.5365       289.2411       289.8913       290.1494       289.9206       289.2289       288.2524       287.3095       286.7582    
 1928   286.7654       287.1486       287.9228       288.7759       289.4437       289.8769       290.2004       289.9463       289.3142       288.2948       287.3189       286.7298    
 1929   286.6812       287.0007       287.7188       288.4471       289.3297       289.9063       290.2063       290.0501       289.2371       288.1518       287.3860       286.7966    
 1930   286.6937       287.1369       287.7508       288.6288       289.4397       290.0093       290.2348       289.9918       289.2828       288.2559       287.2127       286.5735    
 1931   286.6645       286.8718       287.7349       288.4373       289.1892       289.7968       290.0089       289.8892       289.2213       288.2012       287.1897       286.5516    
 1932   286.8341       287.2147       287.7332       288.5761       289.3666       289.9039       290.1736       289.8652       289.2371       288.2560       287.1651       286.7192    
 1933   286.4915       286.9398       287.6727       288.5879       289.4097       289.9473       290.2166       289.9629       289.2195       288.2521       287.3748       286.7542    
 1934   286.8112       287.1154       287.7278       288.6180       289.3937       289.7972       290.1246       289.9070       289.2939       288.2233       287.3023       286.7663    
 1935   286.6317       287.0280       287.7908       288.6848       289.4550       289.9341       290.0912       289.8998       289.0849       288.2368       287.2105       286.6837    
 1936   286.7117       287.0385       287.6220       288.4284       289.2576       289.8486       290.1435       289.8308       289.2606       288.3224       287.4337       286.7684    
 1937   286.6971       287.2057       287.8102       288.6391       289.4605       289.9622       290.1807       290.0088       289.3037       288.3483       287.2910       286.8952    
 1938   286.8007       286.9119       287.7584       288.5768       289.4243       289.9159       290.1193       289.9298       289.2754       288.2720       287.1543       286.6312    
 1939   286.5768       287.1284       287.7843       288.4814       289.3415       289.9310       290.1478       289.9246       289.2878       288.2767       287.3129       286.7077    
 1940   286.7528       287.2343       287.8261       288.7969       289.4873       289.9953       290.2374       290.1235       289.3808       288.4494       287.4110       286.9137    
 1941   286.8618       287.1845       287.8761       288.6028       289.4846       289.9203       290.1090       289.8707       289.1983       288.2125       287.1591       286.5629    
 1942   286.6785       286.9549       287.8734       288.4918       289.2281       289.9164       290.2906       290.0164       289.2558       288.3058       287.3848       286.8692    
 1943   286.8080       287.1554       287.7716       288.7966       289.4754       290.0660       290.1877       290.0099       289.3854       288.2665       287.4010       286.8473    
 1944   286.7723       287.0212       287.7375       288.7306       289.4916       289.9126       290.1908       289.9589       289.3046       288.2684       287.3197       286.8188    
 1945   286.7966       287.0141       287.9419       288.8029       289.4872       289.9547       290.2666       290.0007       289.3925       288.4457       287.3138       286.8869    
 1946   286.8470       287.1382       287.8409       288.7219       289.4944       290.0161       290.3356       290.1537       289.4478       288.3633       287.4513       286.8680    
 1947   286.7424       287.1956       287.8620       288.7442       289.4878       290.1569       290.3755       290.1826       289.4065       288.4467       287.4241       286.8648    
 1948   286.7791       287.1546       287.8251       288.6247       289.3992       290.0038       290.1756       289.9987       289.3384       288.3022       287.2426       286.7852    
 1949   286.6551       287.0725       287.8635       288.7000       289.4139       289.9969       290.2922       290.0161       289.3547       288.3365       287.3833       286.7446    
 1950   286.7234       287.2165       287.9485       288.7481       289.4883       289.9741       290.2731       290.0400       289.2754       288.2175       287.2031       286.7237    
 1951   286.7726       287.0699       287.7809       288.6237       289.3898       289.9868       290.3173       290.1246       289.4197       288.3723       287.4573       286.8203    
 1952   286.8373       287.1488       287.8330       288.7940       289.5890       290.0612       290.3002       290.0571       289.2583       288.3407       287.2559       286.7849    
 1953   286.7788       287.1875       287.8358       288.6746       289.4453       290.0331       290.1871       289.9600       289.2605       288.2076       287.2243       286.7868    
 1954   286.7469       287.2550       287.9106       288.6744       289.5585       289.9556       290.1799       289.9383       289.1969       288.2432       287.2650       286.9054    
 1955   286.9739       287.3950       288.0297       288.7843       289.4893       290.0177       290.2317       289.9970       289.3396       288.2731       287.4270       286.8170    
 1956   286.9565       287.1741       288.0729       288.8882       289.4453       290.0290       290.2678       290.0576       289.3791       288.5023       287.4536       286.9538    
 1957   286.8824       287.2467       288.0518       288.8754       289.5674       290.0865       290.2959       290.0415       289.4537       288.4378       287.5313       287.0335    
 1958   286.9610       287.3276       287.9881       288.7895       289.5578       290.1257       290.3036       290.2072       289.4854       288.5254       287.6356       287.0520    
 1959   287.1143       287.4056       288.0158       288.9015       289.5651       290.0422       290.2280       290.1282       289.4690       288.4001       287.5976       286.9701    
 1960   286.9664       287.2048       287.9839       288.8544       289.5859       290.2141       290.4166       290.1687       289.4574       288.4579       287.3533       286.7622    
 1961   286.8277       287.3255       288.0458       288.7226       289.4402       290.0758       290.3634       290.1291       289.3137       288.3458       287.3761       286.8924    
 1962   286.8035       287.1650       287.9050       288.7301       289.4636       290.0670       290.2965       290.0634       289.3051       288.3097       287.4713       287.0358    
 1963   286.7972       287.2415       288.0063       288.7184       289.4699       290.0018       290.1901       290.0045       289.3859       288.3790       287.4495       286.6947    
 1964   286.6957       287.1470       287.6426       288.5076       289.3333       289.8105       290.0662       289.8706       289.0864       288.1193       287.2000       286.8110    
 1965   286.8795       287.3123       287.7946       288.5119       289.3933       289.8370       290.1331       289.9275       289.1912       288.2109       287.2346       286.7766    
 1966   286.5277       287.1442       287.9341       288.7267       289.3292       289.8828       290.0785       289.9056       289.1991       288.1634       287.1432       286.6822    
 1967   286.6557       286.8009       287.5311       288.6783       289.3715       289.8629       290.2774       289.9867       289.3929       288.3544       287.3312       286.7461    
 1968   286.8667       287.0461       287.8641       288.5180       289.4301       289.9192       290.0743       289.8596       289.2764       288.2974       287.2247       286.6849    
 1969   286.5204       286.9107       287.7102       288.6069       289.2079       289.8709       290.1186       289.8574       289.1689       288.2273       287.3770       286.7075    
 1970   286.7717       287.2525       287.7042       288.5848       289.2630       289.8637       290.2225       290.0285       289.3766       288.3175       287.5065       286.8993    
 1971   286.8099       287.2040       287.9285       288.6578       289.4576       289.9228       290.2429       290.0242       289.2680       288.4151       287.3411       286.9009    
 1972   286.8399       287.2346       288.0168       288.8499       289.5623       290.0455       290.2548       290.0598       289.3682       288.4595       287.4709       286.9986    
 1973   286.9710       287.3384       288.0161       288.6596       289.3938       290.0390       290.3376       289.9947       289.4162       288.3718       287.3633       286.6674    
 1974   286.7603       287.3384       288.0162       288.6519       289.5344       290.0425       290.1434       289.8486       289.2785       288.3466       287.3634       286.8242    
 1975   287.0709       287.0720       287.8663       288.8631       289.5457       289.9891       290.2428       289.9347       289.3448       288.4317       287.3875       286.8110    
 1976   286.8754       287.3425       288.0299       288.7491       289.5432       290.0348       290.2572       290.0543       289.4673       288.4509       287.4720       286.9236    
 1977   286.9047       287.3012       287.9154       288.8291       289.4904       290.1096       290.2547       290.0255       289.4018       288.3454       287.3800       286.9265    
 1978   286.7394       287.1374       287.9180       288.5728       289.4878       290.0572       290.2178       290.0679       289.3963       288.4277       287.4297       286.9384    
 1979   287.0008       287.2290       287.9591       288.7263       289.4944       290.0159       290.3825       290.2263       289.5433       288.5620       287.6565       287.1047    
 1980   286.8988       287.3566       288.0173       288.8754       289.6193       290.1322       290.3155       290.1372       289.3774       288.3246       287.3747       286.8598    
 1981   286.8065       287.2292       287.8530       288.6763       289.4259       290.0361       290.2942       290.1132       289.4176       288.3566       287.4307       287.0579    
 1982   287.1844       287.3034       287.9922       288.9598       289.6387       290.1941       290.3056       290.1682       289.4287       288.3265       287.4300       287.0239    
 1983   286.9348       287.3936       288.0344       288.7454       289.4576       289.9996       290.1994       289.9364       289.2819       288.2484       287.1740       286.8194    
 1984   286.7166       287.1876       287.7321       288.7180       289.3544       289.8108       290.1518       289.9492       289.1786       288.2304       287.4576       286.8425    
 1985   286.9254       287.2416       287.8988       288.7562       289.5514       290.0302       290.3349       290.1235       289.5841       288.5467       287.5790       287.0269    
 1986   287.1086       287.4827       288.1129       288.9098       289.6983       290.2320       290.3277       290.2262       289.6066       288.6636       287.6867       287.1999    
 1987   287.1997       287.2985       288.1102       288.9486       289.6879       290.2611       290.5107       290.2807       289.6018       288.5518       287.5462       287.3188    
 1988   287.2143       287.7455       288.2658       289.0403       289.6839       290.1920       290.4529       290.2518       289.5986       288.6846       287.8131       287.1914    
 1989   287.1577       287.4730       288.0936       288.9755       289.6824       290.2272       290.4529       290.2148       289.5007       288.6472       287.7264       287.1677    
 1990   287.2826       287.4590       288.2467       288.9698       289.6532       290.2328       290.5436       290.2711       289.5620       288.7130       287.6450       287.2160    
 1991   287.2672       287.4247       288.2327       288.9869       289.8034       290.3951       290.4823       290.2660       289.5348       288.5037       287.4587       286.9673    
 1992   286.8759       287.2639       287.7352       288.5703       289.3120       289.9254       290.2300       290.0118       289.3617       288.2884       287.4552       287.0035    
 1993   286.7075       287.1540       287.8935       288.6854       289.4353       290.1138       290.3354       290.1505       289.4012       288.4152       287.6502       287.0338    
 1994   287.0532       287.3628       288.1581       289.0144       289.6075       290.1082       290.4417       290.2540       289.4845       288.4749       287.6083       287.0173    
 1995   287.0392       287.3713       288.1176       288.8738       289.6701       290.1570       290.4218       290.1490       289.5019       288.6040       287.6068       287.2444    
 1996   287.0964       287.4523       288.2087       288.9312       289.7256       290.2480       290.5053       290.3361       289.7377       288.7527       287.8325       287.1831    
 1997   287.2455       287.5575       288.2613       288.9654       289.7463       290.3036       290.4875       290.3155       289.7012       288.7682       287.7278       287.2066    
 1998   287.1185       287.4852       288.3212       288.9981       289.7197       290.2171       290.4550       290.3763       289.7408       288.8214       287.9566       287.4117    
 1999   287.2620       287.7496       288.4522       289.1699       289.8300       290.3713       290.5683       290.4181       289.8438       288.7032       287.8445       287.3019    
 2000   287.2768       287.6130       288.2295       289.1173       289.7656       290.2885       290.6416       290.5020       289.8420       288.9276       287.8140       287.4932    
 2001   287.5092       287.7416       288.5738       289.3303       289.9262       290.4338       290.5976       290.3715       289.7846       288.8215       287.8394       287.3365    
 2002   287.2772       287.5124       288.2423       289.0683       289.7368       290.4126       290.6679       290.4870       289.8854       288.9304       288.0985       287.6426    
 2003   287.5107       287.8721       288.4413       289.1696       290.0285       290.5730       290.7728       290.5997       289.9332       288.8438       287.9153       287.5443    
 2004   287.4227       287.5285       288.3583       289.1467       289.8119       290.5197       290.8355       290.6085       289.9700       289.1172       288.1534       287.5637    
 2005   287.3604       288.0234       288.5778       289.3281       289.9911       290.6231       290.8003       290.6209       289.9361       288.9329       288.1066       287.5547    
 2006   287.5594       287.9518       288.5871       289.1972       289.9903       290.5683       290.7676       290.6167       289.8663       289.0567       288.0756       287.5425    
 2007   287.5334       287.7804       288.4842       289.2074       289.9595       290.4813       290.8644       290.6841       290.0458       289.1283       288.2509       287.6321    
 2008   287.6336       287.8818       288.6694       289.4295       290.1098       290.6691       290.8936       290.7471       290.1693       289.1661       288.1521       287.5220    
 2009   287.6484       288.0630       288.5803       289.3734       289.9459       290.3965       290.6786       290.5407       289.9576       288.9674       288.0982       287.4771    
 2010   287.6797       287.8162       288.4581       289.3849       290.1389       290.5605       290.9086       290.7023       290.0545       289.2021       288.2691       287.9121    
 2011   287.6512       288.0116       288.7159       289.4836       290.3016       290.7720       290.9231       290.6826       290.1201       289.0823       288.3034       287.6136    
 2012   287.4320       287.9560       288.5427       289.4387       290.0681       290.4823       290.8879       290.6618       290.0540       289.1391       288.2599       287.7217    
 2013   287.6419       287.9943       288.6390       289.4176       290.0654       290.6085       290.8698       290.7131       290.1425       289.1819       288.3397       287.9201    
 2014   287.7313       288.1666       288.7811       289.3897       290.1388       290.7132       291.0026       290.8238       290.0332       289.1663       288.3299       287.8485    
 2015   287.6421       287.9505       288.6860       289.5653       290.2482       290.7023       291.0203       290.8158       290.1946       289.2321       288.3584       287.8675    
 2016   287.8052       288.1524       288.8267       289.6440       290.2315       290.7513       291.1694       290.8897       290.1597       289.2520       288.4291       287.6940    
 2017   287.6562       288.0504       288.5992       289.5295       290.2693       290.7509       290.9649       290.8308       290.1888       289.2634       288.1966       287.8690    
 2018   287.7779       287.9828       288.6244       289.5233       290.2436       290.8605       291.0135       290.8157       290.2981       289.3187       288.4112       287.8650    
 2019   287.9297       288.3757       288.8884       289.6225       290.3982       290.8893       291.0176       290.7873       290.1579       289.2823       288.5037       287.7116    
 2020   287.6842       288.2538       288.8404       289.6277       290.2344       290.7701       291.0773       290.8946       290.2278       289.2930       288.3426       287.8918    
 2021   287.9644       288.3405       288.8550       289.6771       290.3026       290.7709       290.9467       290.7662       290.1917       289.1967       288.3377       287.7054    
 2022   287.6741       288.0840       288.8603       289.5606       290.3531       290.7911       291.0373       290.8713       290.2784       289.3965       288.4503       288.0403    
 2023   288.0447       288.2161       288.8809       289.6981       290.4393       290.9379       291.2435       290.9550       290.3390       289.4271       288.6405       288.1979    
 2024   287.9606       288.4174       288.9901       289.7539       290.3376       290.9468       291.1108       290.9879       290.2792       289.3489       288.4691       287.9011    
 2025   287.9347       288.2329       288.8386       289.5693       290.3499       290.8922       291.1207       290.8853       290.3944       289.4437       288.5990       288.0226    
 2026   287.8674       288.2388       288.8044       289.5670       290.5288       291.0206       291.1711       291.0612       290.3276       289.6456       288.6123       288.0735    
 2027   288.1241       288.2878       288.9161       289.6208       290.4050       290.8582       291.1397       290.9320       290.3936       289.4815       288.4485       287.9651    
 2028   288.0856       288.2850       288.9259       289.7273       290.4232       291.0439       291.1994       291.0591       290.4863       289.6165       288.6284       288.2486    
 2029   288.1076       288.4830       289.1069       289.8340       290.4891       291.1252       291.2490       291.0885       290.4488       289.5497       288.6985       288.1941    
 2030   288.2885       288.3259       289.0156       289.8983       290.4735       291.0550       291.1675       291.0835       290.4475       289.4985       288.5186       288.1284    
 2031   288.2143       288.3216       289.1622       289.8351       290.5229       291.1107       291.3517       291.2095       290.6348       289.6535       288.8252       288.2682    
 2032   288.2494       288.4905       289.2400       289.9199       290.5349       291.0648       291.2582       291.0822       290.3739       289.6082       288.6879       288.1148    
 2033   288.1336       288.2861       288.9745       289.7746       290.5685       291.0907       291.3605       291.2260       290.5772       289.6008       288.6546       288.3786    
 2034   288.1624       288.4438       289.1703       289.9184       290.5529       291.1188       291.3580       291.1417       290.5585       289.7238       288.6495       288.0964    
 2035   287.9937       288.5185       289.0022       289.8372       290.6232       291.0978       291.3618       291.1832       290.5861       289.7479       288.8412       288.3686    
 2036   288.3878       288.5812       289.1897       289.9855       290.7510       291.2357       291.4875       291.2079       290.6109       289.6149       288.7277       288.2298    
 2037   288.1526       288.5415       289.1619       289.9463       290.6227       291.1566       291.2904       291.0771       290.5623       289.6184       288.6399       288.0996    
 2038   288.2092       288.5541       289.2440       289.8936       290.6724       291.1894       291.3559       291.2136       290.5643       289.7375       288.8893       288.4905    
 2039   288.5060       288.6054       289.4276       290.0358       290.7993       291.1844       291.4258       291.2493       290.6541       289.7965       288.8327       288.2617    
 2040   288.1080       288.3274       289.2130       289.8997       290.6072       291.1840       291.3073       291.2059       290.4840       289.4437       288.7786       288.3006    
 2041   288.2248       288.5149       289.1747       289.9051       290.7094       291.2469       291.3788       291.2813       290.7389       289.8123       289.0040       288.6603    
 2042   288.5656       288.7106       289.4139       290.0595       290.7266       291.1541       291.3591       291.1667       290.5626       289.7621       288.7191       288.1884    
 2043   288.1163       288.3787       289.1352       289.7813       290.5855       291.1488       291.3790       291.1920       290.6544       289.7789       288.9347       288.3060    
 2044   288.5023       288.7135       289.3225       290.0495       290.7989       291.2519       291.4378       291.3715       290.7778       289.8224       288.8677       288.4499    
 2045   288.3469       288.7318       289.4635       290.1135       290.7820       291.3179       291.5383       291.3171       290.6541       289.8409       288.8227       288.1877    
 2046   288.2265       288.7307       289.1856       289.9594       290.7258       291.1762       291.4869       291.3203       290.7289       289.9592       289.1119       288.6464    
 2047   288.5574       288.8640       289.5345       290.0401       290.8717       291.5011       291.5302       291.3570       290.7852       289.7595       288.9179       288.4114    
 2048   288.4932       288.8236       289.4285       290.1833       290.8120       291.4019       291.5395       291.4153       290.8508       289.9662       289.0287       288.5616    
 2049   288.6211       288.9135       289.5716       290.2599       290.9299       291.4796       291.6213       291.4543       290.8947       289.9353       289.0776       288.5494    
 2050   288.5458       289.0199       289.5131       290.3779       290.9965       291.4252       291.6501       291.4987       290.9084       290.0478       289.2173       288.9150    
 2051   288.7253       289.0791       289.6290       290.2696       290.9280       291.3456       291.6684       291.4099       290.7876       289.8108       288.9823       288.5363    
 2052   288.4141       288.7383       289.3259       290.0921       290.7855       291.2257       291.6070       291.4465       290.9312       289.9728       289.0497       288.7600    
 2053   288.7929       289.0165       289.5617       290.2716       290.9282       291.4619       291.6945       291.5316       290.8957       289.9712       289.1027       288.5558    
 2054   288.5412       288.8572       289.4102       290.2338       290.9488       291.4073       291.6616       291.4496       290.8999       290.0087       289.1774       288.6455    
 2055   288.7363       288.8625       289.4798       290.1580       290.8847       291.4669       291.5950       291.5155       290.8742       289.9677       289.0845       288.7136    
 2056   288.6473       289.0432       289.6294       290.3073       290.9833       291.4938       291.7029       291.5616       290.9053       290.0884       289.2602       288.7940    
 2057   288.6425       289.1206       289.5681       290.4572       291.0752       291.5952       291.8170       291.6308       290.9295       289.9221       289.0634       288.5391    
 2058   288.4526       288.7451       289.5225       290.1914       290.9209       291.4344       291.6572       291.5400       290.9125       290.0563       289.2060       288.7954    
 2059   288.7037       289.1918       289.6261       290.2422       290.9681       291.4733       291.6660       291.4935       290.9538       290.0489       289.0549       288.5340    
 2060   288.5859       289.0025       289.7073       290.3143       291.0651       291.6066       291.8038       291.5826       290.9929       290.1263       289.2325       288.9225    
 2061   288.7299       288.9958       289.5412       290.2680       290.9789       291.5115       291.7786       291.6576       291.0287       290.1547       289.2216       288.7753    
 2062   288.5419       289.0573       289.6510       290.4240       291.1900       291.6399       291.8798       291.6895       290.9839       290.1333       289.2509       288.8923    
 2063   288.8937       289.0739       289.6461       290.3795       291.1738       291.6613       291.9142       291.7335       291.1045       290.2579       289.3938       288.8621    
 2064   288.7895       289.2280       289.7662       290.5417       291.2036       291.7442       291.9354       291.7199       291.0513       290.1955       289.3522       288.9282    
 2065   288.9088       289.2319       290.0045       290.4113       291.1037       291.6523       291.8727       291.6297       291.0943       290.1046       289.2764       288.8476    
 2066   288.8694       289.0697       289.7264       290.3996       291.1997       291.6251       291.8000       291.6347       291.1670       290.1694       289.4542       288.8520    
 2067   288.8076       289.0507       289.8770       290.6201       291.3059       291.6413       291.8799       291.6403       291.0346       290.1317       289.2556       288.6434    
 2068   288.5260       288.9603       289.5562       290.3341       291.0068       291.5364       291.7023       291.6280       290.9487       290.0944       289.2428       288.8350    
 2069   288.6418       289.0175       289.5498       290.4082       291.2313       291.6328       291.8291       291.6007       291.0571       290.1338       289.2815       288.9669    
 2070   288.8228       289.1838       289.6722       290.2903       291.0340       291.5751       291.7775       291.6342       290.9709       289.9268       289.0183       288.6456    
 2071   288.5962       289.0065       289.6787       290.2949       291.0338       291.5741       291.7827       291.5703       291.0753       290.1288       289.3812       288.8930    
 2072   288.7151       289.1512       289.5607       290.4612       291.0752       291.6836       291.8807       291.6808       291.0331       290.2942       289.3731       288.9456    
 2073   288.9758       289.3513       289.7812       290.5555       291.1761       291.8387       291.9477       291.7933       291.1796       290.1850       289.4469       288.9779    
 2074   288.9064       289.1739       289.7643       290.5716       291.2039       291.7415       291.9422       291.7202       291.1407       290.2477       289.4074       288.8190    
 2075   288.7523       289.1939       289.6513       290.3737       291.1507       291.6658       291.8754       291.6989       291.1331       290.2915       289.3778       288.9969    
 2076   288.8818       289.3525       289.8453       290.5313       291.2067       291.7730       291.9284       291.7290       291.0028       290.1198       289.1658       288.7393    
 2077   288.6997       289.0458       289.6433       290.3567       291.0755       291.5024       291.8109       291.6719       291.1016       290.0910       289.4659       289.0242    
 2078   288.9261       289.0983       289.7189       290.3932       291.1992       291.6721       291.9110       291.6042       291.0797       290.2361       289.3129       288.9060    
 2079   288.6551       289.1535       289.9063       290.5788       291.2322       291.6697       291.9343       291.7477       291.2552       290.2308       289.4679       288.9469    
 2080   288.9233       289.2567       289.8545       290.5450       291.2883       291.7323       291.8776       291.6855       291.0299       290.3463       289.4405       288.8735    
 2081   288.8286       289.2753       289.8063       290.4790       291.2283       291.7412       291.8099       291.6021       291.1256       290.2965       289.5784       289.0915    
 2082   288.9244       289.2632       289.9186       290.5273       291.2268       291.7734       291.9751       291.8479       291.2661       290.4325       289.4946       289.0204    
 2083   289.0406       289.3629       289.9397       290.5574       291.2048       291.6974       291.9277       291.7490       291.0752       290.2036       289.3635       288.9772    
 2084   288.7918       288.9594       289.6941       290.4162       291.2142       291.7678       291.9931       291.9066       291.2394       290.3465       289.6302       289.0793    
 2085   289.0526       289.5126       290.0074       290.5397       291.3178       291.8507       291.9682       291.8102       291.2108       290.3416       289.5834       288.8710    
 2086   288.9278       289.2349       290.0577       290.5754       291.3269       291.8110       292.0768       291.8488       291.1930       290.2655       289.4807       289.0049    
 2087   288.8603       289.1371       289.6796       290.5445       291.1791       291.7275       291.8938       291.6960       291.1641       290.3770       289.5776       288.9214    
 2088   288.7808       289.2010       289.7820       290.5049       291.1832       291.8282       291.9934       291.7475       291.1057       290.2066       289.5629       289.0246    
 2089   289.0770       289.2302       289.7348       290.4846       291.2140       291.7867       292.0083       291.7664       291.2331       290.3041       289.2891       289.0375    
 2090   288.9088       289.2342       289.7865       290.4485       291.2262       291.7423       291.8910       291.7509       291.1954       290.1307       289.4051       288.8900    
 2091   288.8754       289.2901       289.8874       290.5995       291.2312       291.7780       291.9465       291.7837       291.3134       290.3578       289.5869       289.0399    
 2092   289.0193       289.3202       289.9070       290.5987       291.2347       291.7464       291.9259       291.6637       291.1049       290.2141       289.3325       288.8037    
 2093   288.8327       289.1983       289.8143       290.4659       291.1296       291.6661       291.9097       291.8476       291.0901       290.2307       289.4561       289.0422    
 2094   288.7882       289.0914       289.8585       290.6690       291.2650       291.8161       292.0304       291.8802       291.2071       290.3397       289.5179       289.0703    
 2095   288.9241       289.1247       289.9678       290.5133       291.2151       291.7729       291.9891       291.8268       291.2167       290.3224       289.5239       288.9958    
 2096   288.9430       289.2639       289.8038       290.6104       291.3438       291.7609       291.9716       291.9230       291.2659       290.2428       289.5369       289.1089    
 2097   288.9880       289.1039       289.6238       290.5298       291.2516       291.8658       292.0240       291.7631       291.2069       290.2384       289.6397       289.0849    
 2098   289.0299       289.3367       289.9890       290.5557       291.2619       291.7933       292.0467       291.8798       291.2570       290.4574       289.7165       289.0716    
 2099   289.1304       289.3420       289.9775       290.6584       291.3181       291.9602       292.0785       291.8158       291.1971       290.3702       289.5528       289.0950    
 2100   289.0517       289.3113       289.7155       290.5921       291.3205       291.8448       291.9445       291.8462       291.2549       290.4102       289.4493       288.9434    
 2101   289.0086       289.3885       289.9935       290.5944       291.3002       291.8550       291.9590       291.7982       291.1978       290.3250       289.3779       288.9973    
 2102   288.9197       289.3041       289.8681       290.5894       291.3379       291.8902       292.0255       291.8735       291.3379       290.3645       289.4284       289.0402    
 2103   289.1549       289.6009       290.0369       290.6497       291.3575       291.8184       292.0199       291.8477       291.2036       290.3601       289.4867       289.0002    
 2104   289.0790       289.2408       289.8699       290.5373       291.2722       291.6813       291.8111       291.7892       291.1750       290.2999       289.3914       289.0661    
 2105   288.8667       289.1325       289.8702       290.6332       291.3329       291.7431       292.0071       291.8492       291.2047       290.2646       289.4350       289.0543    
 2106   289.0403       289.3629       290.0299       290.6481       291.2213       291.8434       292.0042       291.7745       291.1678       290.3853       289.5720       289.0853    
 2107   289.0402       289.4122       289.9201       290.6783       291.3529       291.8789       291.9919       291.7584       291.1547       290.2782       289.5478       289.0791    
 2108   288.8453       289.3351       289.6997       290.4828       291.2177       291.8322       292.0237       291.7649       291.1924       290.2742       289.4981       288.9987    
 2109   289.0186       289.2567       289.8697       290.5270       291.2491       291.8711       292.0219       291.8869       291.1270       290.2772       289.5601       288.9334    
 2110   288.9285       289.2980       289.8728       290.5637       291.3118       291.8587       291.9689       291.8281       291.1698       290.2494       289.4297       288.9321    
 2111   288.8100       289.2085       289.7917       290.5740       291.2353       291.8224       291.9827       291.8057       291.2090       290.4171       289.5391       289.1000    
 2112   288.8217       289.2908       290.0115       290.6401       291.3735       291.8732       292.0320       291.8452       291.2623       290.4713       289.6324       288.8069    
 2113   289.0157       289.2973       289.8460       290.5985       291.3043       291.7856       291.9247       291.7798       291.0630       290.1753       289.4073       289.0290    
 2114   288.8709       289.2256       289.8758       290.6990       291.3632       291.8579       292.0201       291.8228       291.2743       290.3880       289.5677       289.1410    
 2115   288.9584       289.2766       290.0348       290.5432       291.1058       291.7701       291.9073       291.6800       291.0809       290.3116       289.2824       288.6531    
 2116   288.9024       289.2464       289.8772       290.6663       291.3434       291.8794       292.0504       291.8423       291.1843       290.3243       289.4273       289.0900    
 2117   289.0437       289.2052       289.8102       290.5446       291.3216       291.7049       291.9513       291.7489       291.0162       290.2343       289.5500       289.1426    
 2118   289.1319       289.1700       289.8096       290.5547       291.2852       291.7868       291.9292       291.7806       291.1660       290.2911       289.5139       288.9555    
 2119   288.8666       289.2104       289.8286       290.5562       291.2140       291.6915       291.9175       291.7894       291.2772       290.3958       289.4830       288.9308    
 2120   288.9780       289.3596       289.9936       290.6029       291.3460       291.8659       291.9387       291.8040       291.1567       290.2601       289.4606       289.0485    
 2121   289.1141       289.3891       289.9225       290.6220       291.2493       291.7542       291.8891       291.8247       291.1467       290.2511       289.5571       289.3687    
 2122   289.0040       289.4417       289.8199       290.6548       291.4010       291.7715       292.0175       291.8827       291.1624       290.3686       289.6002       289.1296    
 2123   289.2120       289.4294       289.9666       290.6429       291.2346       291.8026       291.9567       291.8114       291.1669       290.3495       289.4819       288.9322    
 2124   289.0833       289.1553       289.9965       290.7455       291.3628       291.9550       292.1182       291.9190       291.3281       290.4463       289.5359       289.2483    
 2125   289.1659       289.4400       289.9852       290.8255       291.4413       291.8698       291.9577       291.7744       291.1206       290.4140       289.5430       289.1631    
 2126   288.9670       289.3595       289.9826       290.6910       291.2684       291.8201       292.1227       291.8709       291.2930       290.3814       289.6325       289.1598    
 2127   289.1104       289.4512       290.0892       290.6428       291.3431       291.8457       292.0546       291.8675       291.1884       290.1563       289.3764       289.0542    
 2128   288.8051       289.1922       289.9218       290.5999       291.2207       291.7912       292.0544       291.8140       291.3343       290.3936       289.5299       289.1460    
 2129   289.2243       289.5008       290.0169       290.6647       291.5311       291.9388       292.1217       291.9394       291.3031       290.4086       289.4616       289.2597    
 2130   288.9919       289.4527       290.0897       290.7635       291.3494       291.8425       292.0235       291.7907       291.2081       290.3682       289.3653       288.9188    
 2131   289.0027       289.3179       290.0200       290.7253       291.3676       291.9088       292.0901       291.9415       291.2718       290.3402       289.6521       289.2848    
 2132   289.3331       289.4623       290.0155       290.7010       291.4508       291.8866       292.0446       291.9086       291.2985       290.3571       289.6374       289.1610    
 2133   289.1931       289.3893       290.0207       290.7523       291.4554       291.8758       292.0603       291.8712       291.2792       290.4979       289.8158       289.2574    
 2134   289.1202       289.2729       290.1140       290.7390       291.3586       291.9061       292.0974       291.9391       291.2990       290.3795       289.6719       289.1339    
 2135   289.0393       289.5459       290.1230       290.7407       291.3503       291.8670       292.0831       291.9127       291.2693       290.4716       289.6783       289.1502    
 2136   289.0194       289.3988       289.9800       290.7391       291.4177       291.9354       292.0766       291.8974       291.3472       290.3947       289.5962       289.1514    
 2137   289.1875       289.4238       290.0227       290.6653       291.3716       291.8740       292.1648       291.8709       291.2585       290.3365       289.4996       289.0493    
 2138   289.0972       289.1922       289.8791       290.7088       291.4084       291.8803       291.9771       291.8154       291.1962       290.2903       289.3655       289.0090    
 2139   288.8571       289.2604       289.8319       290.5971       291.2968       291.7762       291.9705       291.8736       291.1444       290.3718       289.6393       289.2058    
 2140   289.1583       289.3177       290.0493       290.7446       291.3521       291.8444       291.9854       291.9236       291.1886       290.3700       289.3560       289.0487    
 2141   288.7658       289.3112       289.9020       290.6014       291.3538       291.9745       292.1252       291.8959       291.3123       290.4296       289.7440       289.2073    
 2142   289.2353       289.5816       290.1144       290.7227       291.3702       291.9023       292.1541       291.9112       291.2841       290.4156       289.6259       289.1496    
 2143   289.0684       289.2962       289.9978       290.7037       291.4005       291.8776       292.0735       291.9759       291.3687       290.3774       289.6155       289.0389    
 2144   289.1112       289.5421       290.0241       290.5994       291.3352       291.8797       292.1043       291.9248       291.3046       290.4029       289.5172       289.0031    
 2145   289.1415       289.4444       289.9958       290.6467       291.3755       291.9682       292.0372       291.9267       291.2485       290.4253       289.5271       289.0117    
 2146   289.0679       289.3366       289.7505       290.7278       291.3831       291.8408       292.0966       291.9114       291.3228       290.4015       289.7612       289.1490    
 2147   289.0586       289.4234       290.0368       290.7116       291.3465       291.8905       292.1423       291.8970       291.2339       290.3795       289.4964       288.9939    
 2148   289.0789       289.3459       289.7956       290.5260       291.3496       291.8963       292.1484       291.8795       291.3005       290.4277       289.5535       289.0556    
 2149   289.0990       289.3614       290.1108       290.7187       291.4601       292.0374       292.2276       291.9993       291.4400       290.5765       289.6539       289.2953    
 2150   289.1723       289.4990       290.0164       290.7240       291.3720       291.9750       292.2167       291.9632       291.2305       290.3454       289.5162       289.1405    
 2151   288.9818       289.3596       289.9178       290.7612       291.4496       291.8690       292.0612       291.8651       291.3445       290.2698       289.5188       289.1754    
 2152   289.2435       289.4111       289.9378       290.7141       291.4465       291.9520       292.1469       291.9182       291.3037       290.4438       289.6417       289.1667    
 2153   289.2579       289.4136       289.9547       290.7941       291.4588       291.9252       291.9935       291.8987       291.2393       290.3576       289.7005       289.2606    
 2154   289.1796       289.3913       289.9632       290.6043       291.3303       291.9206       292.1196       291.9970       291.3616       290.4886       289.6372       289.0908    
 2155   289.1529       289.6229       290.2057       290.6844       291.4368       291.8166       292.0972       291.8724       291.2956       290.3655       289.6237       289.1144    
 2156   289.0759       289.5257       290.1558       290.7352       291.5311       291.9351       292.0567       291.9050       291.2646       290.3352       289.6246       289.2198    
 2157   288.9585       289.4487       290.1040       290.7799       291.3559       291.8422       292.0609       291.8289       291.1979       290.3695       289.5310       289.0545    
 2158   289.1348       289.3583       290.1164       290.6495       291.3668       291.9026       292.1916       291.9759       291.3784       290.4243       289.6213       289.2328    
 2159   289.2614       289.5852       290.2543       290.7264       291.3631       291.8336       292.0541       291.9021       291.2515       290.4366       289.6090       289.2005    
 2160   289.0674       289.4151       289.9830       290.6689       291.3795       291.8446       292.0752       291.9718       291.3007       290.4121       289.6277       289.0782    
 2161   289.0809       289.5437       290.1504       290.7284       291.4977       291.9407       292.1183       291.8602       291.3941       290.3528       289.6468       289.0610    
 2162   289.1590       289.2204       289.8595       290.5681       291.3680       291.8479       292.0240       291.8985       291.2808       290.3645       289.4639       289.1057    
 2163   289.0327       289.5249       290.0812       290.6828       291.3317       291.9151       292.1030       291.8961       291.2911       290.4560       289.7150       289.1793    
 2164   288.9795       289.4133       289.9888       290.5469       291.2578       291.8356       292.1336       292.0466       291.2893       290.4532       289.4403       289.0452    
 2165   288.9611       289.3675       290.0998       290.8305       291.4515       291.9034       292.0354       291.9099       291.3448       290.4014       289.4693       289.0580    
 2166   289.0632       289.4513       290.0882       290.8373       291.4998       291.9924       292.1642       291.9960       291.3635       290.5561       289.6562       289.2296    
 2167   289.2007       289.5234       289.9498       290.7762       291.5206       292.0851       292.2862       292.0246       291.4323       290.5183       289.7556       289.1522    
 2168   289.1796       289.4495       290.0786       290.6638       291.4816       291.9587       292.1795       291.9729       291.2937       290.4601       289.6032       289.1226    
 2169   289.1897       289.3651       290.0373       290.8287       291.3936       291.9597       292.0886       291.9814       291.3992       290.4594       289.6681       289.0906    
 2170   289.2465       289.4329       290.1820       290.7654       291.4410       291.9550       292.1683       292.0061       291.4191       290.5261       289.8413       289.4169    
 2171   289.3646       289.7056       290.1337       290.7229       291.3496       292.0102       292.1421       291.9481       291.3214       290.4718       289.6128       289.0046    
 2172   288.9944       289.3458       289.9493       290.9101       291.5749       292.0557       292.2101       292.0417       291.3788       290.6397       289.7624       289.2733    
 2173   289.1707       289.5442       289.9835       290.7902       291.4383       291.9546       292.1819       291.9715       291.2810       290.4810       289.6490       289.3360    
 2174   289.2589       289.5627       290.1901       290.8507       291.5967       292.0895       292.2409       292.0309       291.3420       290.4888       289.7854       289.3042    
 2175   289.3322       289.6078       290.2715       291.0459       291.5237       292.0564       292.2654       292.0544       291.3077       290.3910       289.4610       288.9922    
 2176   288.9544       289.2811       289.9732       290.8100       291.4292       291.9354       292.2060       291.8933       291.3514       290.4521       289.6654       289.2081    
 2177   289.1609       289.6008       290.0742       290.7388       291.4008       291.9557       292.0923       291.9142       291.4399       290.5056       289.6131       289.1101    
 2178   289.1429       289.2677       289.8946       290.6697       291.4522       291.9214       292.2077       292.0815       291.4030       290.5092       289.7746       289.3232    
 2179   289.2644       289.5014       289.9545       290.7868       291.4960       292.0082       292.2060       291.9571       291.3454       290.5158       289.6917       289.1456    
 2180   288.9459       289.4679       290.1812       290.8030       291.3992       291.9188       292.2574       291.9864       291.3596       290.5201       289.8138       289.2540    
 2181   289.2704       289.5213       290.0818       290.8749       291.4894       292.0021       292.0808       292.0643       291.3564       290.5742       289.6953       289.2585    
 2182   289.1547       289.4278       290.1363       290.7532       291.5432       292.0758       292.1456       292.0045       291.3329       290.5162       289.7339       289.3253    
 2183   289.3221       289.5513       290.1772       290.8997       291.5133       291.9728       292.2339       292.0637       291.3770       290.4670       289.7705       289.3709    
 2184   289.3050       289.4865       289.8981       290.8428       291.4146       291.9385       292.1658       291.9218       291.2657       290.4567       289.6645       289.1097    
 2185   289.2108       289.5340       290.0516       290.8719       291.4955       291.9540       292.1450       291.9094       291.3884       290.4381       289.7118       289.0679    
 2186   289.1223       289.4060       290.0215       290.8386       291.4604       291.9488       292.1531       291.9804       291.3897       290.4562       289.5806       289.2157    
 2187   289.2883       289.7362       290.2416       290.8120       291.6139       291.9941       292.1184       291.9648       291.4604       290.4759       289.4877       289.2156    
 2188   289.1675       289.5423       290.1509       290.7625       291.4805       292.0110       292.0871       291.9739       291.2470       290.4334       289.6820       289.2115    
 2189   289.1769       289.4235       290.1122       290.7215       291.4333       292.0834       292.2602       292.0361       291.4124       290.5097       289.8163       289.2533    
 2190   289.2834       289.6418       290.1318       290.7305       291.3852       291.8991       292.1132       291.9435       291.2282       290.5453       289.6158       289.1561    
 2191   289.2858       289.5739       290.1855       290.8173       291.2942       291.8617       292.0678       292.0386       291.3788       290.5667       289.7072       289.2157    
 2192   289.2326       289.6277       290.1319       290.9387       291.4525       292.0079       292.2026       292.1393       291.4873       290.6006       289.8579       289.2075    
 2193   289.2885       289.6281       290.1350       290.7508       291.4030       291.9685       292.1564       291.9753       291.4347       290.5865       289.6999       289.3350    
 2194   289.2678       289.4833       290.1716       290.8649       291.5841       292.0645       292.1225       292.0293       291.3459       290.5279       289.7501       289.3523    
 2195   289.2306       289.7154       290.1206       290.7363       291.5135       291.9292       292.1451       291.9779       291.3413       290.4796       289.7990       289.2996    
 2196   289.3582       289.6110       290.1805       290.7782       291.5027       292.0382       292.1783       291.9231       291.2970       290.4215       289.5849       289.1554    
 2197   289.0274       289.6446       290.0309       290.7811       291.5028       291.9514       292.1521       292.0408       291.4256       290.5420       289.7660       289.3718    
 2198   289.2584       289.5811       290.1539       290.7450       291.4935       291.9777       292.2459       292.0259       291.4480       290.5674       289.6348       289.0743    
 2199   289.1607       289.4392       290.1412       290.8375       291.4625       292.0312       292.2750       292.0324       291.4008       290.5296       289.7972       289.3295    
 2200   289.2863       289.7862       290.2470       290.9583       291.5269       292.1039       292.2543       292.0816       291.3499       290.4739       289.6361       289.0142    
 2201   289.2330       289.6057       290.1618       290.7528       291.3074       291.8300       292.0440       291.8612       291.2494       290.4106       289.6586       289.1260    
 2202   289.1750       289.5920       290.0667       290.7506       291.4458       291.9885       292.1579       291.9630       291.5228       290.6321       289.7796       289.4152    
 2203   289.2591       289.5383       290.2417       290.9224       291.4945       292.0095       292.2081       292.0604       291.4483       290.5154       289.7693       289.3150    
 2204   289.1329       289.4646       290.0873       290.7918       291.4109       291.9591       292.2546       292.0651       291.3925       290.5252       289.8226       289.4736    
 2205   289.3448       289.6745       290.3164       290.8697       291.5684       292.0160       292.2476       292.0452       291.5311       290.7575       289.9155       289.5090    
 2206   289.4491       289.6455       290.2495       291.0559       291.5913       292.0634       292.1945       292.0735       291.4062       290.4664       289.7097       289.2406    
 2207   289.0884       289.2648       290.0328       290.7376       291.5120       291.9539       292.2010       291.9786       291.3470       290.4254       289.6495       289.3941    
 2208   289.1920       289.5306       290.3194       290.9651       291.5714       292.0062       292.2910       292.0779       291.4940       290.5205       289.6608       289.2440    
 2209   289.2397       289.5043       290.0317       290.8351       291.5275       291.9529       292.2014       292.0305       291.2994       290.4916       289.5442       289.0522    
 2210   288.9958       289.4034       290.0188       290.7396       291.4811       291.9804       292.2003       291.9861       291.4739       290.4922       289.5815       289.2315    
 2211   289.1463       289.5065       290.2730       290.6896       291.4311       292.0398       292.1572       291.9761       291.3196       290.4109       289.7057       289.1831    
 2212   289.2782       289.5463       290.0716       290.8802       291.4552       291.9398       292.2379       291.9873       291.3853       290.5516       289.7296       289.2675    
 2213   289.2242       289.7379       290.2485       290.9004       291.5230       292.0280       292.1878       292.0423       291.3054       290.5152       289.6971       289.2813    
 2214   289.1995       289.4018       290.1368       290.8891       291.4200       291.9518       292.1494       292.0028       291.4080       290.4279       289.6770       289.1496    
 2215   289.0174       289.3898       290.0602       290.7247       291.5349       292.0680       292.1879       292.0860       291.4091       290.5306       289.8599       289.4019    
 2216   289.2937       289.7212       290.0750       290.7049       291.4807       291.9803       292.1523       292.0150       291.4379       290.5809       289.8469       289.3841    
 2217   289.1912       289.6610       290.2513       290.9549       291.5065       292.0670       292.2961       292.0359       291.4118       290.4907       289.7006       289.1826    
 2218   289.2500       289.4976       290.1976       290.8146       291.5075       292.0089       292.2023       292.1155       291.4005       290.7242       289.9299       289.2547    
 2219   289.3693       289.5776       290.1537       290.8115       291.5276       292.0561       292.1582       291.9307       291.3968       290.4631       289.6250       289.0905    
 2220   289.1313       289.5139       290.1205       290.8060       291.4442       291.9064       292.1524       291.8888       291.3650       290.4707       289.7017       289.2755    
 2221   289.1925       289.5787       290.0744       290.9068       291.4644       291.9574       292.2145       292.0309       291.4019       290.5349       289.7525       289.1725    
 2222   289.2087       289.4464       290.0744       290.8369       291.5092       292.0771       292.2375       291.9475       291.3522       290.3977       289.7280       289.2111    
 2223   289.2458       289.4864       289.9738       290.8279       291.4984       291.9308       292.2172       292.0549       291.4305       290.4947       289.6867       289.1190    
 2224   289.0936       289.4771       290.0247       290.7284       291.4486       291.9410       292.2081       292.0504       291.5938       290.6341       289.7558       289.1984    
 2225   289.2654       289.7669       290.0977       290.7665       291.4829       291.9272       292.1418       292.0304       291.3599       290.3226       289.6391       289.1245    
 2226   289.1224       289.5554       290.1498       290.7919       291.4376       291.9152       292.1656       292.0270       291.4221       290.4816       289.7591       289.3569    
 2227   289.1549       289.4739       290.1639       290.8203       291.5654       292.0974       292.1989       292.1096       291.4646       290.5736       289.8151       289.3801    
 2228   289.2692       289.5484       290.1459       290.8501       291.5742       291.9778       292.2665       292.0830       291.4972       290.4609       289.6882       289.1833    
 2229   289.2741       289.4470       290.2042       290.8674       291.4632       292.1621       292.2219       292.0085       291.4878       290.6183       289.8761       289.3724    
 2230   289.2315       289.6055       290.1509       290.7994       291.5332       292.0447       292.2334       292.0879       291.4807       290.5646       289.7795       289.3200    
 2231   289.2758       289.5338       290.1601       290.8780       291.5185       292.0014       292.2026       292.0510       291.5198       290.5555       289.6895       289.2536    
 2232   289.2209       289.6117       290.2010       291.0446       291.5847       292.0304       292.2407       292.1864       291.5827       290.6626       289.9064       289.3069    
 2233   289.3298       289.5700       290.0462       290.8769       291.4939       291.9753       292.1145       291.9606       291.4577       290.5686       289.6900       289.2327    
 2234   289.1727       289.5089       290.0317       290.8350       291.4607       291.9537       292.2779       292.0940       291.4702       290.5392       289.8558       289.3654    
 2235   289.3639       289.6644       290.2230       290.8524       291.5165       292.0276       292.2723       291.9505       291.3291       290.4821       289.7480       289.2257    
 2236   289.2367       289.6266       290.0538       290.8475       291.5327       291.9825       292.1195       292.1058       291.5183       290.6562       289.9054       289.3156    
 2237   289.2746       289.6294       290.2317       290.8994       291.6061       292.2125       292.2329       292.0949       291.4332       290.4983       289.6232       289.2618    
 2238   289.0143       289.4214       290.0951       290.8460       291.3520       291.9320       292.2272       292.0799       291.4193       290.5825       289.7065       289.2914    
 2239   289.3459       289.6100       290.2677       290.9312       291.5013       292.0903       292.2549       292.0484       291.4091       290.6407       289.8517       289.3663    
 2240   289.4507       289.7131       290.1768       290.8766       291.4758       292.0100       292.1586       292.1402       291.4867       290.6047       289.8233       289.2095    
 2241   289.1792       289.6910       290.2013       290.9713       291.6419       292.1273       292.2496       292.0813       291.5244       290.5393       289.9134       289.3412    
 2242   289.3668       289.5428       290.2198       290.9779       291.5002       292.0795       292.3570       292.2236       291.5599       290.6581       289.8787       289.4368    
 2243   289.3014       289.8422       290.2953       291.0045       291.6734       292.1686       292.2495       292.0605       291.4591       290.6642       289.7475       289.3034    
 2244   289.3228       289.6570       290.2896       290.9594       291.5439       292.1487       292.3232       292.1812       291.4774       290.6543       289.8942       289.5293    
 2245   289.4068       289.8951       290.2559       290.8415       291.4969       292.1120       292.2524       292.0610       291.4165       290.5145       289.6635       289.0507    
 2246   289.3206       289.5993       290.1741       290.9158       291.4467       292.0772       292.3195       292.1042       291.5070       290.6000       289.7807       289.3712    
 2247   289.2331       289.3628       290.0373       290.8888       291.5626       292.0003       292.1489       291.9853       291.3409       290.4505       289.6398       289.2102    
 2248   289.2731       289.5157       290.1601       290.8175       291.4945       291.9556       292.1296       292.0329       291.4396       290.5475       289.7656       289.2665    
 2249   289.3444       289.6049       290.1460       290.9849       291.5376       292.0972       292.2745       292.1796       291.3966       290.6531       289.7820       289.1709    
 2250   289.2477       289.8215       290.2763       290.8724       291.5273       291.9946       292.2233       292.0081       291.4264       290.4714       289.6506       289.2312    
 2251   288.9989       289.3205       290.0818       290.7927       291.4501       291.9502       292.2626       292.0268       291.4127       290.4903       289.7147       289.3328    
 2252   289.3987       289.6272       290.1520       290.8790       291.5789       292.0328       292.2512       292.0045       291.4360       290.5548       289.7798       289.1704    
 2253   289.2452       289.5751       290.2174       290.8364       291.4801       291.9598       292.2832       292.1404       291.4836       290.6225       289.8952       289.5080    
 2254   289.5218       289.7824       290.2520       291.0247       291.7442       292.0739       292.3145       292.1170       291.5667       290.6340       289.9035       289.3845    
 2255   289.2721       289.6246       290.2466       290.8420       291.6184       292.1668       292.3406       292.0884       291.4737       290.6373       289.8239       289.2425    
 2256   289.3564       289.5659       290.3875       290.9166       291.6247       292.0739       292.3388       292.1377       291.4847       290.6033       289.8088       289.4335    
 2257   289.3607       289.5370       290.1503       290.8225       291.5233       291.9666       292.2566       292.1174       291.4966       290.5507       289.7654       289.3303    
 2258   289.2006       289.5089       290.1530       290.7796       291.5510       292.0853       292.1993       292.0089       291.3911       290.5209       289.7694       289.4709    
 2259   289.2504       289.5835       290.2925       290.9842       291.6541       292.0957       292.2378       291.9792       291.4711       290.5102       289.7972       289.3112    
 2260   289.1595       289.4857       290.1550       290.8745       291.4759       291.9289       292.1858       292.0136       291.3391       290.4391       289.8112       289.2570    
 2261   289.2633       289.5890       290.0804       290.7537       291.5439       291.9962       292.2705       292.1109       291.4304       290.6220       289.8044       289.2915    
 2262   289.4741       289.6328       290.1322       290.9291       291.6106       292.1229       292.2756       292.0187       291.5082       290.5194       289.6948       289.3322    
 2263   289.3071       289.5330       290.0535       290.8520       291.5609       292.0612       292.2489       292.0235       291.5130       290.7090       289.7568       289.3689    
 2264   289.1088       289.6553       290.4923       290.9760       291.6027       292.0869       292.2462       292.0491       291.5026       290.4993       289.7432       289.3347    
 2265   289.4082       289.7107       290.1248       290.7595       291.5056       292.0670       292.3289       292.1778       291.4317       290.5906       289.9074       289.5042    
 2266   289.4334       289.7292       290.1431       291.0242       291.6128       292.2047       292.2747       292.1037       291.5034       290.5806       289.7412       289.2613    
 2267   289.2605       289.6002       290.2119       290.9544       291.6511       292.1319       292.3640       292.1338       291.5820       290.5815       289.8046       289.6014    
 2268   289.4689       289.7707       290.4348       290.9769       291.6174       292.0420       292.2847       292.1718       291.6459       290.6756       289.9865       289.4787    
 2269   289.3902       289.8727       290.4000       291.0247       291.6838       292.1198       292.3356       292.1313       291.4084       290.6541       289.9200       289.5164    
 2270   289.3176       289.5430       290.3013       290.9086       291.6230       292.1605       292.2166       292.0650       291.3857       290.5718       289.7703       289.3995    
 2271   289.3603       289.6154       290.2413       290.9822       291.6363       292.1729       292.2592       292.1385       291.5824       290.6799       289.8629       289.4509    
 2272   289.3931       289.5189       290.1991       291.0108       291.6344       292.0876       292.2061       292.0756       291.4769       290.5927       289.7107       289.3918    
 2273   289.2474       289.4203       290.1581       290.9348       291.5671       292.1237       292.1816       292.0495       291.5328       290.6454       289.8884       289.4579    
 2274   289.3746       289.8208       290.4176       290.8763       291.6958       292.0980       292.3362       292.2278       291.4712       290.6363       289.8710       289.3499    
 2275   289.3569       289.6000       290.2408       291.0555       291.7203       292.1852       292.3630       292.0803       291.4909       290.5900       289.6640       289.3763    
 2276   289.2570       289.7339       290.1579       290.8990       291.5143       292.0377       292.1695       291.9913       291.4150       290.6485       289.7666       289.4034    
 2277   289.3644       289.6425       290.1608       290.8587       291.5670       292.0978       292.1864       291.9899       291.4979       290.5362       289.7878       289.5159    
 2278   289.4239       289.5835       290.2567       290.9701       291.7223       292.1439       292.2563       292.1159       291.5312       290.6463       289.9416       289.5558    
 2279   289.4698       289.6610       290.3471       290.9865       291.5568       292.0765       292.3207       292.0853       291.4488       290.5602       289.7444       289.2735    
 2280   289.1209       289.4926       290.1454       290.8063       291.5543       292.0385       292.2201       292.0238       291.3824       290.6028       289.8257       289.5340    
 2281   289.3192       289.5111       290.2476       290.9034       291.5855       292.0968       292.2398       292.0648       291.4730       290.6859       289.8494       289.4465    
 2282   289.2306       289.6091       290.1839       290.8450       291.6718       292.1516       292.3000       292.2241       291.6375       290.7194       289.8529       289.5083    
 2283   289.3955       289.7271       290.1440       290.8612       291.5615       292.0519       292.1968       292.0035       291.3876       290.5843       289.7120       289.3406    
 2284   289.2495       289.5332       290.4409       290.9870       291.6230       292.1600       292.2774       292.1290       291.6123       290.6453       289.8246       289.3013    
 2285   289.2621       289.6458       290.2901       291.0343       291.6875       292.1263       292.2695       292.1625       291.5925       290.5910       289.7506       289.3787    
 2286   289.2953       289.5901       290.0906       290.7882       291.5171       292.0366       292.2572       292.0197       291.4494       290.5364       289.6997       289.3578    
 2287   289.3253       289.5044       290.2143       290.9417       291.5469       292.2362       292.3133       292.0924       291.4396       290.4150       289.7002       289.2394    
 2288   289.4558       289.5846       290.1431       290.8532       291.6038       292.0924       292.2083       292.1165       291.4758       290.5897       289.8469       289.4682    
 2289   289.3439       289.6073       290.1752       290.8242       291.6882       292.1319       292.2636       292.1419       291.5257       290.6378       289.9018       289.2899    
 2290   289.3313       289.4707       290.1383       290.8965       291.5710       292.0952       292.2734       292.1744       291.5613       290.5075       289.8756       289.4455    
 2291   289.3762       289.6515       290.2126       290.8803       291.5565       292.1169       292.3567       292.0587       291.4191       290.6439       289.9052       289.3585    
 2292   289.3455       289.6488       290.2432       290.9886       291.6143       292.1585       292.2231       292.0019       291.4157       290.4858       289.7868       289.1863    
 2293   289.2734       289.5555       290.1950       290.8897       291.5874       292.0409       292.1864       292.0684       291.5622       290.6046       289.7773       289.3631    
 2294   289.2663       289.8094       290.1404       290.7791       291.5018       292.0165       292.2784       292.0599       291.4367       290.5287       289.7681       289.3552    
 2295   289.3663       289.7281       290.2755       290.8364       291.5909       292.0730       292.2961       292.1432       291.4512       290.5218       289.7455       289.2455    
 2296   289.4131       289.7640       290.2393       290.8563       291.6407       292.0999       292.2914       292.1537       291.5709       290.6160       289.7990       289.3246    
 2297   289.3766       289.5911       290.2601       290.8774       291.6046       292.0749       292.3662       292.1623       291.5324       290.6401       290.0011       289.3546    
 2298   289.4003       289.7771       290.4145       290.9292       291.6366       292.1991       292.2768       292.1525       291.3904       290.5729       289.8899       289.4047    
 2299   289.2331       289.6989       290.1699       290.8885       291.5780       292.0834       292.2333       292.1604       291.5866       290.6364       289.8987       289.4539    
 2300   289.3257       289.7532       290.3860       291.0219       291.6541       292.0293       292.3013       292.1351       291.4916       290.6032       290.0002       289.4343    
