# <a href=http://cmip-pcmdi.llnl.gov/cmip5/>CMIP5</a> global mean temperature computed at <a href=http://www.knmi.nl/selectfield_cmip5.cgi?someone@somewhere>KNMI Climate Explorer</a> tas_Amon_CSIRO-Mk3-6-0_rcp60_r5i1p1
# tas [K] from CSIRO-Mk3-6-0 model output prepared for CMIP5 RCP6 r5i1p1
# cutting out region lon=   -0.938  359.062, lat=  -89.497   89.497
 1850   283.7775       283.8264       284.7224       285.9300       286.9789       287.7787       287.9015       287.6752       286.8561       285.7761       284.8008       284.1095    
 1851   284.0998       284.2868       285.1260       286.2224       287.2308       287.8621       288.1136       287.6730       286.9491       286.1107       284.9222       284.3170    
 1852   284.0928       284.3347       285.0184       286.1553       287.1678       287.8611       288.0079       287.7492       286.9362       286.0293       285.0512       284.2898    
 1853   283.8840       284.0840       284.9619       285.9829       287.1407       287.8808       288.1330       287.7792       286.9917       285.8759       284.9298       284.1037    
 1854   283.7902       284.1740       284.7820       285.9079       287.1336       287.6841       287.8526       287.6580       286.8733       285.9241       284.6716       283.9055    
 1855   283.6144       283.8835       284.8418       286.0421       287.1237       287.7363       287.9484       287.7422       286.8604       285.9436       284.9694       284.2793    
 1856   283.9637       284.2098       284.9206       285.9543       287.1312       287.7727       287.9628       287.7001       286.8783       286.0378       284.9568       284.2983    
 1857   283.9523       284.1754       284.9462       285.9193       286.8751       287.5494       287.8325       287.6349       286.7578       285.7054       284.8059       284.1054    
 1858   283.8664       284.1681       284.9875       286.0333       287.2098       287.9280       288.0600       287.6425       286.9164       285.9403       284.9853       284.2101    
 1859   283.8999       284.2389       284.8831       286.0547       287.1417       287.9122       287.9641       287.6885       286.8097       285.8088       284.7154       284.0283    
 1860   283.8520       284.1150       284.9018       286.0141       287.0963       287.7907       287.8676       287.4767       286.9156       285.8891       284.7861       284.1405    
 1861   284.0629       284.1705       284.8001       285.9741       287.1369       287.7789       287.9756       287.7477       287.0169       286.0150       284.9121       284.1729    
 1862   284.0101       284.1388       284.8000       285.8474       286.9772       287.6714       287.7592       287.4994       286.7655       285.7444       284.7240       284.0768    
 1863   283.8477       284.0190       284.6726       285.8983       286.9792       287.7267       287.9315       287.6506       286.7265       285.7994       284.7763       284.1555    
 1864   284.0030       284.0794       284.8133       286.0606       287.0717       287.8174       287.8962       287.6349       286.7899       285.9099       284.7858       284.1777    
 1865   283.9991       284.1014       284.8129       286.1391       287.1886       287.8491       287.8996       287.6081       286.9453       285.9254       284.8680       284.1487    
 1866   283.9850       284.1405       284.8459       286.1260       287.1194       287.8941       287.9603       287.5938       286.9544       285.8672       285.0132       284.1092    
 1867   283.9058       284.0476       284.9153       286.0909       287.2376       287.7978       287.9208       287.6059       286.8153       285.9237       284.9336       284.0733    
 1868   283.8648       283.9678       284.7840       285.9552       287.1375       287.7403       287.7847       287.6493       286.7407       285.9546       284.6902       284.0039    
 1869   283.6926       284.1087       284.9014       286.0208       287.0348       287.8092       287.9664       287.6806       286.9214       285.8873       284.9520       284.0645    
 1870   283.9765       284.1328       284.8654       286.1132       287.2034       287.9599       288.0935       287.7163       287.0004       285.8239       284.9352       284.2528    
 1871   284.0998       284.2455       284.8928       286.1422       287.3072       287.9696       287.9231       287.7565       286.9018       285.9103       284.8096       283.9138    
 1872   283.6392       283.9061       284.7990       285.9640       287.1115       287.7718       287.9268       287.4769       286.7330       285.8557       284.8840       284.0443    
 1873   283.8348       284.1688       284.7961       286.0630       287.1770       287.8305       287.9805       287.6739       286.9386       286.0205       284.8431       284.1919    
 1874   283.9460       284.4118       284.9316       286.0440       287.3311       287.9791       288.2214       287.9227       287.0573       286.1544       285.1450       284.4679    
 1875   284.3827       284.5077       285.2681       286.3623       287.5589       288.2006       288.4352       288.0526       287.3098       286.1896       285.1588       284.4453    
 1876   284.2614       284.5082       285.1313       286.2991       287.4698       288.1479       288.1712       287.8196       286.8957       285.8563       284.8416       284.1242    
 1877   284.0820       284.3485       284.9637       286.0617       287.1855       287.8401       288.1898       287.7949       286.8524       286.0389       284.9032       284.1634    
 1878   283.9689       284.3389       284.9791       286.1221       287.3004       287.8138       288.0057       287.6254       286.7907       285.8731       284.5874       284.0956    
 1879   283.8821       284.0056       284.6910       285.8773       287.0154       287.7142       287.9492       287.5209       286.5849       285.6960       284.8531       284.0931    
 1880   283.9648       284.3691       284.9663       286.1543       287.1999       287.8361       288.1152       287.7917       286.9831       285.9997       285.0323       284.2839    
 1881   284.2160       284.3781       284.9229       286.1335       287.3091       288.0076       288.1241       287.9587       287.0770       286.0119       284.7630       284.1959    
 1882   283.9590       284.0619       284.9591       286.1664       287.2255       287.9155       288.0598       287.6950       286.8870       285.8224       284.7227       283.9101    
 1883   283.8273       284.0375       284.7251       285.9394       287.0171       287.7521       287.9168       287.6132       286.7298       285.7538       284.6165       283.9404    
 1884   283.5451       283.6839       284.5581       285.6065       286.7982       287.4984       287.5008       287.1804       286.3014       285.3663       284.3267       283.5100    
 1885   283.3041       283.4603       284.3457       285.5279       286.5837       287.3824       287.5256       287.2686       286.5680       285.4467       284.2898       283.7365    
 1886   283.5573       283.8198       284.6783       285.8822       287.0221       287.7441       287.8907       287.4914       286.6511       285.6011       284.5628       283.8225    
 1887   283.5468       283.8040       284.4943       285.5035       286.7524       287.5621       287.5696       287.3536       286.5622       285.4536       284.4310       283.7898    
 1888   283.6346       283.8245       284.5567       285.7098       286.7860       287.5270       287.6436       287.3886       286.6324       285.4930       284.3682       283.5555    
 1889   283.2772       283.3221       284.3578       285.6464       286.8076       287.3750       287.5795       287.3441       286.4066       285.3736       284.4678       283.6065    
 1890   283.3099       283.5558       284.4401       285.6833       286.7880       287.4977       287.7124       287.3726       286.5435       285.6181       284.5825       283.7659    
 1891   283.6583       283.7931       284.6498       285.8057       286.8380       287.6506       287.7455       287.2664       286.4771       285.3011       284.1985       283.4953    
 1892   283.1913       283.2561       284.2315       285.5764       286.6979       287.3699       287.4327       287.1831       286.3343       285.4284       284.3830       283.6352    
 1893   283.3436       283.4233       284.3548       285.5683       286.7896       287.5566       287.6043       287.2332       286.4341       285.4930       284.3669       283.5030    
 1894   283.4895       283.8134       284.6311       285.8832       286.8797       287.7101       287.6696       287.4535       286.6610       285.5173       284.5330       283.7445    
 1895   283.5720       283.9373       284.7249       285.8828       287.1387       287.6976       288.0236       287.4392       286.7647       285.7145       284.7156       283.8234    
 1896   283.6784       283.9881       284.9210       285.8121       286.9534       287.8155       287.9961       287.5904       286.8366       285.8189       284.9282       284.1542    
 1897   283.8642       284.1172       284.8411       286.0101       287.1527       287.8134       287.9416       287.5726       286.8208       285.8522       284.8068       284.0297    
 1898   283.8464       284.0592       284.6773       285.8545       286.9698       287.6159       287.7277       287.3989       286.5830       285.5844       284.4004       283.6924    
 1899   283.4257       283.7483       284.5016       285.7358       286.9497       287.5758       287.7974       287.4447       286.5986       285.4632       284.3919       283.6801    
 1900   283.6049       283.8795       284.5550       285.7480       286.7990       287.5479       287.6585       287.4742       286.5679       285.6281       284.4869       283.6744    
 1901   283.4085       283.7970       284.4944       285.9139       286.9690       287.8151       288.0399       287.6407       286.9184       285.9695       285.0317       284.1528    
 1902   283.8958       284.1768       284.8712       286.0973       287.3221       288.1317       288.1450       287.7160       286.9759       285.8860       284.7490       284.0452    
 1903   283.7713       284.0084       284.7907       285.9343       286.9933       287.6725       287.7984       287.5521       286.6382       285.5736       284.4986       283.8554    
 1904   283.6607       283.8659       284.6455       285.9124       287.0031       287.7486       287.8181       287.4357       286.6360       285.7205       284.6895       283.8874    
 1905   283.4429       283.8109       284.6661       285.9319       286.8933       287.6543       287.5669       287.4888       286.5903       285.4156       284.2097       283.6987    
 1906   283.5873       283.7670       284.5312       285.6619       286.7796       287.3930       287.7008       287.2753       286.5263       285.5212       284.5131       283.6784    
 1907   283.5925       283.8091       284.4459       285.8118       286.9720       287.6325       287.8249       287.4920       286.7599       285.6377       284.7630       284.0840    
 1908   283.8999       283.9811       284.8012       285.9880       287.0828       287.8969       287.9561       287.6539       286.9814       286.0095       284.9007       284.1268    
 1909   284.0580       284.2106       285.0689       286.2668       287.3550       288.1096       288.1964       287.7908       286.9115       286.0313       285.0033       284.2514    
 1910   283.9216       284.2454       284.9478       286.1315       287.3405       287.8367       287.9512       287.7390       286.8729       285.7559       284.7577       284.1663    
 1911   284.1422       284.2666       284.9691       286.1812       287.1390       287.8521       288.0884       287.7034       286.8420       285.7207       284.7574       283.9074    
 1912   283.8200       284.0560       284.9344       285.9640       287.0620       287.8509       287.9024       287.5694       286.7545       285.6614       284.7007       283.8535    
 1913   283.7423       283.8941       284.7481       285.8557       286.9998       287.7894       287.8837       287.6095       286.8318       285.7385       284.6576       284.0147    
 1914   283.8700       284.1549       284.8765       285.9947       287.1495       287.6931       287.7575       287.5548       286.7886       285.8344       284.8767       284.0854    
 1915   283.8497       284.1125       285.0653       286.1580       287.2966       287.9860       288.2133       287.8682       286.9542       286.0815       284.9901       284.2301    
 1916   284.0499       284.4736       285.1786       286.1312       287.3478       287.9962       288.1587       287.7354       286.8762       285.9690       284.8574       284.0836    
 1917   283.8770       284.1956       284.8841       286.0389       287.0618       287.8653       287.8333       287.4896       286.7215       285.6474       284.6171       283.9400    
 1918   283.5393       283.8359       284.5500       285.7874       287.0692       287.7634       288.0213       287.6947       286.8914       285.8066       284.8046       284.1056    
 1919   284.0313       284.1340       285.0815       286.1973       287.2750       287.9533       288.0760       287.7562       286.9051       285.8193       284.9409       284.2798    
 1920   284.0088       284.1890       284.8952       286.1577       287.1050       287.9803       287.9168       287.7885       286.9567       285.9533       284.9623       284.1574    
 1921   283.9314       284.1541       284.9237       286.1836       287.2532       288.0273       288.0843       287.7514       286.9346       286.0801       285.0213       284.1526    
 1922   284.0592       284.2222       284.9786       286.1136       287.2255       288.1294       288.1465       287.7958       286.9445       285.8605       284.8961       284.3517    
 1923   284.1301       284.3087       285.1845       286.2370       287.3602       287.9782       288.2214       287.8228       287.1048       286.1028       285.2198       284.4467    
 1924   284.0524       284.3911       285.1824       286.3825       287.4953       288.2274       288.2458       287.9828       287.1312       286.0616       285.2237       284.4206    
 1925   284.1370       284.5210       285.1469       286.2662       287.4243       288.1248       288.2785       288.0526       287.3080       286.1845       285.0642       284.2726    
 1926   284.1542       284.3867       285.1694       286.3427       287.5028       288.0849       288.1767       287.8214       287.2072       286.2330       285.2050       284.3350    
 1927   284.2035       284.5197       285.2514       286.1978       287.3458       287.9361       288.2743       287.8256       287.2071       286.1221       285.1847       284.4086    
 1928   284.2917       284.1222       284.9204       286.2401       287.4115       287.9881       288.2629       288.0348       287.3575       286.1963       285.0721       284.3689    
 1929   284.2080       284.5966       285.2328       286.3220       287.4116       288.1246       288.1963       287.8676       287.0072       286.0176       284.9852       284.2791    
 1930   284.0139       284.1705       284.8246       286.0387       287.1188       287.8645       288.0837       287.6953       286.9621       285.9786       284.8128       284.0914    
 1931   284.0753       284.3433       285.0668       286.1372       287.1598       287.9426       288.1552       287.8842       287.1382       286.0794       285.1539       284.3336    
 1932   284.1699       284.4908       285.2040       286.2911       287.3505       288.0750       288.3164       288.0608       287.1664       286.0875       285.0552       284.4618    
 1933   284.1443       284.3177       285.1342       286.2002       287.2734       287.9495       288.2266       287.9200       287.0401       286.3010       285.1002       284.3927    
 1934   284.1921       284.6435       285.2639       286.4477       287.5930       288.3119       288.4913       288.1989       287.3151       286.3985       285.3672       284.6298    
 1935   284.2446       284.5120       285.3731       286.4705       287.4778       288.0774       288.2387       287.9351       287.1381       286.1044       285.0856       284.3452    
 1936   284.2878       284.2413       285.1201       286.2626       287.3770       288.0349       288.2787       288.0529       287.2239       286.1380       285.1659       284.3918    
 1937   284.1598       284.2638       285.1373       286.4320       287.5230       288.1472       288.1922       287.9832       287.1292       286.2494       285.1524       284.3809    
 1938   284.2127       284.4536       284.9914       286.2836       287.3435       288.1567       288.2919       287.9008       287.0662       286.1307       285.0584       284.4558    
 1939   284.0855       284.3128       285.1225       286.2602       287.4694       288.1469       288.2369       287.9683       287.1841       286.1855       285.1969       284.4492    
 1940   284.2682       284.3606       285.0636       286.1977       287.3186       287.8705       288.2283       287.9720       286.9474       286.1080       285.1848       284.3647    
 1941   284.0706       284.1825       285.0527       286.3261       287.5208       288.1896       288.2816       288.0537       287.1958       286.4099       285.3246       284.6652    
 1942   284.4054       284.7728       285.3790       286.4772       287.5615       288.2721       288.2839       288.0547       287.3989       286.3631       285.2654       284.5381    
 1943   284.2776       284.7459       285.4249       286.3142       287.4895       288.3024       288.3721       287.9978       287.2587       286.2042       285.0739       284.4025    
 1944   284.2206       284.4905       285.1884       286.3221       287.3448       288.0845       288.3730       288.0213       287.2394       286.3231       285.4601       284.6059    
 1945   284.3732       284.7191       285.5598       286.5251       287.5576       288.3443       288.3966       288.1932       287.3784       286.3255       285.3139       284.6244    
 1946   284.3946       284.5576       285.2574       286.4377       287.5889       288.2072       288.3475       288.1050       287.2141       286.3847       285.3017       284.4618    
 1947   284.3443       284.6501       285.2760       286.4688       287.4771       288.2448       288.4471       287.9848       287.2314       286.3226       285.1365       284.4907    
 1948   284.2327       284.5402       285.0904       286.2797       287.5308       288.2345       288.2327       288.0592       287.2284       286.1451       285.0424       284.3870    
 1949   284.4377       284.6858       285.1626       286.4971       287.7460       288.3094       288.4671       288.2302       287.2171       286.1498       285.0461       284.3125    
 1950   284.0859       284.3600       285.1355       286.3672       287.4855       288.0245       288.1988       288.0500       287.1541       286.1208       285.0012       284.2503    
 1951   284.1367       284.3285       285.0237       286.0545       287.2203       287.9426       288.0615       287.8965       287.1582       286.0375       284.8592       284.1475    
 1952   283.8191       284.0685       284.9940       286.1379       287.4238       288.0826       288.2068       287.9102       287.1696       286.0658       285.0766       284.4646    
 1953   284.2147       284.2974       285.0524       286.1447       287.2096       287.8613       288.1699       287.9829       286.9959       286.0163       285.0318       284.1793    
 1954   283.9305       284.3305       285.0460       286.2146       287.3413       287.9794       287.9941       287.8790       287.1190       286.0770       285.1087       284.3354    
 1955   284.2311       284.3674       285.1909       286.3173       287.3773       288.0622       288.1981       287.8158       286.9932       285.9772       284.8142       284.1537    
 1956   283.8623       284.2053       285.0223       286.2031       287.3152       288.0536       288.0757       287.8224       286.9883       285.9782       284.9126       284.2096    
 1957   284.0210       284.3279       285.0449       286.2038       287.2261       287.8494       288.1467       287.6774       286.9655       285.8882       284.8087       284.0505    
 1958   284.1781       284.5216       285.1254       286.2172       287.3302       288.1175       288.2701       288.1441       287.2870       286.3008       285.3067       284.6113    
 1959   284.6022       284.8312       285.5237       286.6565       287.7895       288.3696       288.5368       288.1655       287.5738       286.4068       285.4847       284.7215    
 1960   284.5038       284.7289       285.4490       286.5618       287.5588       288.0151       288.2985       287.9561       287.0146       286.0337       285.0551       284.4032    
 1961   284.1326       284.3508       285.0080       286.1979       287.2550       287.9904       288.1895       287.7533       287.0887       286.0822       284.9241       284.1509    
 1962   284.0208       284.3386       285.0413       286.2546       287.4618       288.1565       288.3412       287.9401       287.2078       286.1742       285.1566       284.5134    
 1963   284.2762       284.5959       285.2915       286.4050       287.4760       288.1058       288.2714       287.9527       287.1633       286.1284       284.9660       284.2107    
 1964   283.9632       284.3359       284.9886       286.0876       287.2132       287.9208       287.9472       287.6526       286.9022       285.7049       284.6466       283.8749    
 1965   283.8251       284.2166       284.7202       285.9474       287.0463       287.7388       287.9068       287.5829       286.9088       285.7521       284.7264       284.0802    
 1966   283.9197       284.0315       284.9094       286.0868       287.0359       287.7253       287.9524       287.7295       286.9272       285.8999       285.0779       284.2207    
 1967   284.0406       284.1659       285.1835       286.2211       287.3367       288.0719       288.2661       287.8607       287.0559       286.0563       285.0454       284.2826    
 1968   283.9854       284.4753       285.2126       286.3398       287.3338       288.0984       288.1841       287.8045       287.0645       285.9062       285.0038       284.2464    
 1969   283.9156       284.3450       284.9227       286.0959       287.1722       287.9253       288.0779       287.6376       286.8940       285.9146       284.8824       284.0839    
 1970   283.9783       284.0957       284.9519       286.1369       287.1521       287.9147       288.1933       287.9126       287.0079       285.9263       284.9120       284.0330    
 1971   284.0706       284.1530       284.9824       286.1876       287.1642       287.7348       288.0094       287.6388       286.8947       285.8853       284.9226       284.0908    
 1972   283.8961       284.1236       284.8762       286.1176       287.1829       287.8690       287.9890       287.5577       286.9879       285.8248       284.7205       283.9047    
 1973   283.9499       284.1794       285.0264       286.1358       287.4780       288.0360       288.3045       287.9104       287.0552       286.1903       285.1115       284.2731    
 1974   284.1582       284.5093       285.0728       286.3167       287.3466       288.0422       288.0902       287.8298       286.9687       285.9798       284.9402       284.2000    
 1975   284.0159       284.2587       285.0173       286.1485       287.2219       287.9522       288.0522       287.7768       286.9035       285.9201       284.7680       284.2038    
 1976   283.8821       284.3074       285.1478       286.2954       287.2943       287.9558       287.9939       287.7144       286.9239       285.9038       284.7916       284.2074    
 1977   283.8913       284.0890       284.8896       286.0591       287.1390       287.8665       288.0964       287.7957       286.9979       285.9207       284.7267       284.2946    
 1978   283.9253       284.3594       285.0778       286.0882       287.2049       287.9272       288.1153       287.7220       286.8223       285.9431       284.7737       284.1087    
 1979   283.8785       284.2746       284.9384       286.1215       287.2685       287.8813       287.9427       287.6966       287.0045       285.9962       284.9630       284.0484    
 1980   284.0767       284.2678       285.1477       286.3207       287.4633       288.0459       288.1196       287.8596       287.0662       285.9921       284.9954       284.3354    
 1981   283.9795       284.2788       285.1776       286.2144       287.3997       288.0750       288.2012       287.7958       286.9962       286.0347       284.9423       284.1365    
 1982   284.2823       284.4521       285.1350       286.2611       287.3416       288.0361       288.1735       287.7149       287.0031       286.0389       284.9366       284.2615    
 1983   283.8762       284.2197       284.9147       285.9587       287.1648       287.8738       287.9096       287.6138       286.9011       285.8495       284.8091       284.1197    
 1984   283.9037       284.1397       284.8961       286.0246       287.1948       287.9152       288.0294       287.8082       287.0908       286.0381       284.9510       284.1619    
 1985   284.1437       284.5323       285.1411       286.3254       287.2762       288.0211       288.3077       288.0081       287.1019       286.0511       285.0307       284.3228    
 1986   284.1599       284.2402       285.2625       286.2758       287.3405       287.9911       288.1411       287.8354       287.0385       285.8913       285.1013       284.4082    
 1987   284.1669       284.5319       285.1419       286.3434       287.5072       288.3631       288.3621       288.0211       287.2726       286.3876       285.3076       284.6315    
 1988   284.3693       284.7216       285.4777       286.5940       287.7226       288.2924       288.5280       288.2180       287.4341       286.4242       285.2077       284.2262    
 1989   284.1223       284.5009       285.3068       286.4005       287.4154       288.1815       288.2724       287.9614       287.0811       285.9229       284.9036       284.2967    
 1990   283.9407       284.3040       285.1278       286.3314       287.4486       288.1486       288.3876       288.0009       287.2387       286.3165       285.3426       284.7235    
 1991   284.4954       284.7716       285.4872       286.5552       287.6767       288.3434       288.4501       288.3077       287.3461       286.3014       285.2365       284.3485    
 1992   284.1272       284.4236       285.0284       286.2284       287.2570       288.0260       288.1959       287.8197       287.1704       286.0564       285.1261       284.1493    
 1993   284.0767       284.2183       285.0813       286.1935       287.1613       287.8900       288.1298       287.9229       287.0127       286.0004       284.9522       284.2005    
 1994   283.9969       284.2390       284.8875       286.0700       287.1685       288.0112       288.1601       287.8487       287.1803       286.0754       285.0658       284.1871    
 1995   284.2130       284.4212       285.1338       286.2710       287.4082       288.1958       288.3304       287.9795       287.1930       286.3092       285.2133       284.5872    
 1996   284.3443       284.2321       285.2354       286.4599       287.5902       288.2137       288.2914       288.1084       287.3692       286.3233       285.3102       284.6654    
 1997   284.3714       284.5421       285.3398       286.4767       287.5182       288.1949       288.3069       287.9940       287.1656       286.2051       285.1562       284.2267    
 1998   284.1812       284.2109       285.1398       286.2827       287.3401       288.0640       288.1404       287.8870       287.1710       286.0742       284.9957       284.2252    
 1999   283.9943       284.3351       285.1755       286.3761       287.4173       288.1768       288.3271       288.0276       287.1817       286.3066       285.4782       284.6355    
 2000   284.3423       284.5997       285.4581       286.4674       287.5522       288.2056       288.4543       288.2706       287.4979       286.5789       285.5204       284.6939    
 2001   284.6412       284.8733       285.6755       286.7853       288.0345       288.5507       288.6719       288.2955       287.5179       286.6378       285.5074       284.9035    
 2002   284.6416       284.8504       285.5752       286.7162       287.7476       288.3054       288.5877       288.2324       287.2996       286.0938       285.1640       284.5830    
 2003   284.4116       284.5883       285.5497       286.4771       287.6303       288.3004       288.3917       288.1069       287.2720       286.2743       285.2544       284.4709    
 2004   284.4196       284.5981       285.1508       286.6245       287.6575       288.2979       288.4260       288.0912       287.4012       286.4478       285.3011       284.5017    
 2005   284.4608       284.6705       285.3777       286.5256       287.6093       288.2137       288.5083       288.1262       287.5685       286.4981       285.5359       284.7365    
 2006   284.5422       284.8000       285.4059       286.6401       287.7750       288.4657       288.6337       288.3774       287.6425       286.6102       285.6019       284.9391    
 2007   284.7775       285.0313       285.7523       286.8297       288.0403       288.7144       288.8599       288.6210       287.7086       286.7362       285.5761       284.9445    
 2008   284.7619       285.0493       285.6644       286.8452       287.9366       288.6355       288.7092       288.4873       287.7877       286.5560       285.5562       284.8363    
 2009   284.6115       284.9777       285.7675       286.7987       287.9294       288.5282       288.7587       288.4867       287.6769       286.7086       285.6043       284.8957    
 2010   284.9006       285.0442       285.9989       286.9166       287.9716       288.6549       288.9872       288.5145       287.7552       286.8693       285.6383       284.7638    
 2011   284.7255       284.9458       285.5178       286.7774       287.8717       288.5140       288.6352       288.4449       287.4391       286.3333       285.5043       284.6835    
 2012   284.5722       284.8665       285.6125       286.7701       287.7422       288.5907       288.8484       288.5327       287.6939       286.6790       285.7502       285.1679    
 2013   284.8934       285.2720       285.9773       287.0428       288.2653       288.8592       288.9329       288.5400       287.7911       286.8326       285.7244       285.0613    
 2014   284.8329       284.8534       285.8652       287.0258       288.0850       288.6819       288.9419       288.6423       287.7247       286.7340       285.7089       285.0901    
 2015   284.7770       284.9449       285.8669       287.0144       287.9564       288.6415       288.8338       288.4149       287.6869       286.8479       285.6634       285.0110    
 2016   284.7197       285.0188       285.7921       286.8389       287.8461       288.5757       288.6353       288.2831       287.5835       286.6025       285.3888       284.9042    
 2017   284.5236       284.9510       285.6492       286.8160       287.9460       288.6601       288.8203       288.4732       287.7823       286.8464       285.9326       285.1678    
 2018   284.7948       285.0483       285.7931       286.9580       287.9499       288.5281       288.8620       288.4205       287.7271       286.6490       285.6818       285.0571    
 2019   284.7726       284.8806       285.7567       286.8610       288.0934       288.8315       288.9863       288.5642       287.8840       286.8434       285.8566       285.0960    
 2020   284.7482       285.3237       286.0333       287.0618       288.3378       288.9171       288.8060       288.5791       287.9083       286.9374       285.9276       285.1486    
 2021   284.9797       285.2080       285.8004       286.9769       288.0869       288.8089       288.9950       288.6813       287.8646       286.9810       285.8363       285.0963    
 2022   284.7571       285.0536       285.8905       286.8787       288.0670       288.7797       288.9254       288.6192       287.9015       286.8290       285.8966       285.2034    
 2023   284.9079       285.0645       285.8405       286.8909       288.0796       288.7597       288.9554       288.6535       287.7021       286.8096       285.8539       285.0410    
 2024   284.9088       285.2223       285.9624       287.0146       288.1730       288.8111       288.8827       288.5744       287.7882       286.7261       285.5807       284.8751    
 2025   284.7678       285.0022       285.6865       286.7908       287.8555       288.6231       288.8093       288.5687       287.7069       286.7205       285.7580       284.8956    
 2026   284.8807       285.2142       285.9230       287.0830       288.2372       288.7647       288.8601       288.6185       287.7942       286.9091       285.9351       285.2301    
 2027   285.0702       285.1792       285.9191       287.0976       288.1957       288.8600       288.9301       288.7206       287.7682       286.6717       285.6600       284.9458    
 2028   284.6584       284.8426       285.6544       286.7791       287.9211       288.6933       288.8303       288.5124       287.8120       286.8407       285.7282       285.1349    
 2029   284.9849       285.1072       285.8593       287.0703       288.2505       288.8203       289.0436       288.8616       288.0768       287.1531       286.0118       285.4155    
 2030   285.0723       285.2777       286.1228       287.1935       288.3766       289.1588       289.0557       288.8261       288.0055       286.8812       285.9380       285.0669    
 2031   284.9175       285.2365       285.9530       287.0894       288.2753       288.9034       289.0391       288.7575       287.9248       287.0375       285.9320       285.3198    
 2032   284.8022       285.2269       286.0762       287.1099       288.1122       288.9295       289.1189       288.8308       288.0028       287.0567       286.2255       285.2094    
 2033   285.1097       285.2465       286.0902       287.3122       288.3813       289.0494       289.3324       288.9270       288.1230       287.1970       286.2185       285.0253    
 2034   284.8900       285.1749       286.1155       287.3322       288.3324       289.0244       289.2950       288.9429       288.1077       287.0116       285.9089       285.1137    
 2035   284.8969       285.1641       285.9452       287.2944       288.3294       289.0290       289.2469       288.8386       288.0401       287.0138       286.0302       285.2453    
 2036   284.8869       285.0151       285.8193       287.0529       288.0150       288.8171       288.9888       288.7193       287.9156       286.8931       285.9180       285.3221    
 2037   285.0385       285.2135       285.8949       287.1462       288.4125       289.0036       289.1392       288.8915       288.0600       287.1559       286.0569       285.2009    
 2038   285.1152       285.1921       286.0091       287.2886       288.3544       289.0376       289.1319       288.9827       288.2005       287.1478       286.1583       285.3271    
 2039   285.1257       285.5214       286.1541       287.2981       288.2994       288.9641       289.1510       288.8688       288.0569       287.0517       285.9966       285.1442    
 2040   285.0040       285.2771       286.1804       287.2646       288.3658       288.9670       289.1195       288.9261       288.1154       287.0825       285.9713       285.2187    
 2041   285.2742       285.4164       286.0074       287.1074       288.2733       288.9300       289.1844       288.8454       288.1642       287.0439       285.9749       285.3514    
 2042   285.1121       285.4151       286.0144       287.3407       288.4587       289.0830       289.2380       288.9004       288.1470       286.9760       285.8983       285.0960    
 2043   284.8820       285.0529       285.8156       287.1073       288.1346       288.7698       288.9994       288.7707       287.9947       287.1051       285.9719       285.1712    
 2044   284.9341       285.1370       285.8292       287.0494       288.0973       288.9578       288.9608       288.8315       288.0950       287.2255       286.0329       285.4615    
 2045   285.1367       285.2321       286.0197       287.0604       288.3283       289.2113       289.4219       289.0895       288.2187       287.1635       286.0644       285.3318    
 2046   285.1021       285.4019       286.2561       287.5007       288.6363       289.2123       289.4467       289.3078       288.5357       287.3611       286.5386       285.7574    
 2047   285.3339       285.5297       286.3352       287.4247       288.4959       289.0851       289.3774       289.0106       288.2476       287.2388       286.1667       285.5539    
 2048   285.2245       285.3659       286.1667       287.4803       288.5439       289.2298       289.3734       289.0959       288.3517       287.5381       286.4976       285.5663    
 2049   285.4921       285.7609       286.3868       287.4961       288.6916       289.4696       289.6306       289.3741       288.5871       287.4564       286.5336       285.9063    
 2050   285.6033       285.8283       286.4128       287.5729       288.6099       289.3703       289.6113       289.1846       288.4487       287.5934       286.5609       285.7831    
 2051   285.3401       285.6298       286.4320       287.6861       288.6532       289.4919       289.6577       289.2804       288.6217       287.5297       286.3385       285.6192    
 2052   285.4258       285.6119       286.5767       287.5336       288.4798       289.3395       289.5090       289.3303       288.3896       287.3938       286.3052       285.6622    
 2053   285.3969       285.5029       286.2569       287.5132       288.4194       289.1726       289.3424       289.1089       288.3678       287.2966       286.4284       285.7071    
 2054   285.5769       285.8676       286.3665       287.6169       288.8840       289.4981       289.6214       289.5336       288.6341       287.5207       286.5727       285.7633    
 2055   285.5702       285.6740       286.4614       287.4375       288.6693       289.3149       289.6093       289.3015       288.4961       287.3972       286.4343       285.7055    
 2056   285.4219       285.5300       286.3126       287.6201       288.6865       289.3606       289.6285       289.3840       288.4964       287.4885       286.5897       285.8790    
 2057   285.7779       285.9527       286.7610       287.7641       288.9032       289.6424       289.8415       289.5694       288.7600       287.7784       286.6941       286.1043    
 2058   285.9009       286.2068       286.7997       287.7796       288.9153       289.5509       289.7247       289.5191       288.6786       287.7112       286.7277       285.7738    
 2059   285.6301       285.9479       286.5377       287.6746       288.9501       289.5765       289.7505       289.5518       288.7072       287.6928       286.8436       286.0187    
 2060   285.7392       285.8647       286.6776       287.8994       289.0381       289.7589       289.8763       289.6082       288.9033       287.9122       286.9654       286.2222    
 2061   285.7661       286.0643       287.0323       287.9153       288.9415       289.6557       289.8364       289.5673       288.8343       287.6964       286.6833       286.1260    
 2062   285.6410       285.9696       286.5935       287.8029       288.7741       289.5723       289.6812       289.5872       288.7243       287.6556       286.6772       285.6727    
 2063   285.7024       285.9110       286.6402       287.6092       288.7572       289.4877       289.7943       289.6371       288.8125       287.6078       286.5235       285.9527    
 2064   285.6332       285.9438       286.7503       287.8390       288.9533       289.7804       290.0038       289.6739       288.9673       287.9233       286.8860       286.1432    
 2065   285.9512       286.2363       287.1245       288.2609       289.1851       289.7959       290.1254       289.7073       288.9757       287.9980       286.8606       286.0987    
 2066   285.9226       286.1282       286.7568       287.7822       289.0337       289.7180       290.0264       289.7858       289.0488       288.0021       286.9003       286.1110    
 2067   285.8825       286.1324       286.9090       287.9964       289.2418       289.9356       290.0797       289.8432       288.9465       288.0847       287.1229       286.2856    
 2068   285.9797       286.3562       287.0081       288.1255       289.2557       289.8814       290.0807       289.7509       288.9618       287.9819       287.0158       286.1248    
 2069   285.8527       286.0890       286.9418       288.1302       289.1521       289.7719       290.0712       289.6637       289.0708       287.9424       286.9519       286.2339    
 2070   285.8335       286.1887       286.8238       288.0222       289.1191       289.7434       290.0761       289.8138       288.9774       288.0529       286.9942       286.1781    
 2071   285.9996       286.2929       286.9234       288.0710       289.2290       289.9209       290.1285       289.9621       289.1305       288.1135       287.1656       286.4207    
 2072   286.2142       286.5543       287.2093       288.1569       289.3687       290.0208       290.1842       290.0031       289.1213       288.1892       287.0592       286.3574    
 2073   285.7421       286.1573       286.9912       288.1386       289.2317       289.8876       290.0705       289.7526       288.9912       288.1069       286.9771       286.2015    
 2074   286.1541       286.2566       287.0596       288.2561       289.3986       289.9037       290.1910       289.7498       289.1044       288.0129       287.0478       286.4124    
 2075   285.9467       286.3177       287.0075       288.2730       289.4246       290.0714       290.2598       289.9657       289.1581       288.2579       287.1379       286.3670    
 2076   286.1656       286.5217       287.1268       288.1999       289.2897       289.9943       290.2550       289.9320       289.3083       288.2428       287.0659       286.3062    
 2077   286.0206       286.2804       286.9995       288.1562       289.3418       289.9277       290.1831       289.8958       289.1014       288.0233       286.9780       286.2172    
 2078   285.9243       286.1878       286.8329       287.9977       289.1476       289.9030       290.0389       289.8351       289.0098       287.9156       286.9500       286.3324    
 2079   286.1421       286.3552       287.1335       288.1412       289.3679       289.9724       290.3188       290.0291       289.3995       288.4561       287.3317       286.6078    
 2080   286.5765       286.7253       287.3832       288.4265       289.6018       290.2387       290.6585       290.2288       289.5920       288.6303       287.6365       286.6386    
 2081   286.5913       286.7534       287.4272       288.4819       289.6672       290.2184       290.4656       290.1865       289.2508       288.3850       287.2834       286.4787    
 2082   286.4499       286.4687       287.1629       288.2890       289.5209       290.2737       290.3905       290.1776       289.3734       288.4076       287.3495       286.5594    
 2083   286.4278       286.6700       287.2972       288.4424       289.4159       290.1015       290.4032       290.1600       289.3918       288.5818       287.5684       286.7124    
 2084   286.5649       286.7789       287.3988       288.5988       289.6479       290.2868       290.5613       290.2939       289.5158       288.5008       287.4939       286.9163    
 2085   286.7200       286.6846       287.4177       288.5668       289.7669       290.4077       290.5967       290.4098       289.7180       288.6747       287.6406       287.0621    
 2086   286.6989       286.9165       287.6590       288.7419       289.9586       290.6185       290.7960       290.6343       290.0144       288.8616       288.0211       287.1729    
 2087   287.2149       287.3842       288.1257       289.0545       290.1708       290.7423       290.8860       290.7080       289.8069       288.7761       287.8022       286.9287    
 2088   286.7929       286.8747       287.4905       288.5453       289.5628       290.2777       290.6839       290.3856       289.6551       288.4945       287.4733       286.7013    
 2089   286.5446       286.7092       287.4987       288.7249       289.8762       290.5146       290.7371       290.5101       289.5877       288.7404       287.8066       286.9713    
 2090   286.8676       287.1752       287.8788       288.9091       289.9937       290.5360       290.7376       290.5691       289.6720       288.8313       287.6233       286.9525    
 2091   286.5258       286.8953       287.4702       288.5450       289.7245       290.3443       290.7162       290.4073       289.6013       288.6183       287.7356       286.9210    
 2092   286.6483       286.9199       287.6533       288.8273       289.8432       290.5243       290.7553       290.6732       289.7809       288.7590       287.8667       287.2550    
 2093   286.9945       287.2885       287.7945       288.9444       290.0056       290.7838       290.9225       290.7112       289.7995       288.9062       287.8208       286.7531    
 2094   286.5916       286.9812       287.7133       288.8913       289.9435       290.6576       290.7881       290.4721       289.8232       288.8410       287.6874       286.9442    
 2095   286.8102       286.9777       287.6542       288.8490       289.9681       290.6014       290.8289       290.7262       289.8712       288.9259       287.9376       287.0866    
 2096   286.7974       287.0362       287.7701       288.9380       290.0221       290.5641       290.9207       290.5551       289.7423       288.8782       287.9270       286.9990    
 2097   286.8442       287.1537       287.7092       288.7823       289.8551       290.6062       290.8759       290.6116       289.7557       288.8357       287.8225       287.0540    
 2098   286.8720       287.0774       287.5968       288.8075       289.9640       290.6620       291.0124       290.8003       290.0454       289.1627       288.1506       287.2478    
 2099   287.0559       287.3555       287.9032       289.0312       290.1078       290.6367       291.0621       290.6160       289.8199       288.8353       287.8541       287.0782    
 2100   287.0910       286.9751       287.6858       288.9450       290.1094       290.6973       291.0933       290.7181       289.9615       289.1553       288.0590       287.2358    
