# <a href=http://cmip-pcmdi.llnl.gov/cmip5/>CMIP5</a> global mean temperature computed at <a href=http://www.knmi.nl/selectfield_cmip5.cgi?someone@somewhere>KNMI Climate Explorer</a> tas_Amon_CSIRO-Mk3-6-0_rcp45_r9i1p1
# tas [K] from CSIRO-Mk3-6-0 model output prepared for CMIP5 RCP4.5 r9i1p1
# cutting out region lon=   -0.938  359.062, lat=  -89.497   89.497
 1850   283.9867       284.0044       284.8062       285.8708       287.0829       287.7402       287.7876       287.6311       286.7523       285.7421       284.6046       283.8806    
 1851   283.6107       283.7926       284.6481       285.8366       286.9359       287.6295       287.9168       287.4037       286.5857       285.5045       284.5691       283.8437    
 1852   283.6879       284.1023       284.7937       285.9488       286.9718       287.8001       287.9009       287.5408       286.7092       285.6884       284.7304       284.0312    
 1853   283.8086       284.0722       284.8883       285.9850       287.1227       287.8429       287.9624       287.5725       286.8255       285.6738       284.8120       283.9326    
 1854   283.8233       284.0620       284.9156       286.1067       287.2246       287.8404       288.0042       287.7371       286.9898       285.7370       284.9794       284.0163    
 1855   283.8671       284.0098       284.7638       285.9199       287.0245       287.7885       287.8996       287.6114       286.8442       285.8131       284.6734       284.0069    
 1856   283.8366       284.1347       284.8208       285.9460       286.8945       287.6422       287.7795       287.5172       286.6570       285.6228       284.7149       283.7886    
 1857   283.7417       283.9270       284.6821       285.7419       286.8436       287.5905       287.6526       287.4535       286.4899       285.4758       284.4558       283.6841    
 1858   283.6270       283.8494       284.4575       285.6508       286.8821       287.6544       287.7874       287.4493       286.7610       285.6145       284.5037       283.8102    
 1859   283.6919       283.9416       284.7200       285.9037       286.9198       287.6781       287.8201       287.5607       286.7628       285.7855       284.8863       283.9333    
 1860   283.6928       284.1985       284.8168       286.0372       287.2632       287.6965       287.8697       287.7425       286.9283       285.8480       284.7588       284.0258    
 1861   283.8959       284.0561       284.6646       285.8881       287.0799       287.7752       287.8638       287.5681       286.7018       285.5528       284.6844       283.9085    
 1862   283.7590       283.8463       284.5692       285.8341       287.0204       287.6453       287.6588       287.2966       286.6778       285.5937       284.5775       283.8818    
 1863   283.7541       283.9103       284.7762       285.9684       287.1239       287.7515       287.8520       287.6245       286.7640       285.8204       284.7198       283.8965    
 1864   283.6857       284.0006       284.6723       286.0267       287.0811       287.6245       287.8020       287.6530       286.7063       285.5934       284.4933       283.7370    
 1865   283.5507       283.7473       284.5786       285.6802       287.0197       287.6722       287.8199       287.5609       286.7084       285.6625       284.5644       283.7964    
 1866   283.7121       283.8424       284.6667       285.9142       287.0596       287.6294       287.7821       287.3893       286.6424       285.5134       284.3938       283.9232    
 1867   283.5382       283.8128       284.6080       285.9378       287.1911       287.8488       288.1228       287.8326       286.9087       285.7706       284.7122       284.1081    
 1868   283.7844       284.2000       284.9542       286.0695       287.2158       287.8556       288.0442       287.6356       286.8443       285.8202       284.8496       284.2464    
 1869   284.0114       284.2430       284.9911       286.0881       287.2885       287.9448       288.0584       287.7619       287.0210       286.0809       285.0042       284.3439    
 1870   284.0735       284.3117       284.9958       286.2162       287.3217       288.0370       288.1615       287.7974       286.9594       285.7498       284.8634       284.2269    
 1871   283.9333       284.1488       285.0040       286.1332       287.2754       287.9031       288.0654       287.8827       287.1412       286.1028       285.1715       284.3454    
 1872   284.2502       284.3506       285.0489       286.1683       287.2202       288.1204       288.1395       287.7816       286.9926       285.9991       284.8948       284.1543    
 1873   283.9700       284.4402       285.2047       286.2333       287.3739       288.0932       288.2116       287.9708       287.1418       286.1384       285.1430       284.1858    
 1874   284.2432       284.5789       285.2283       286.3040       287.4399       288.0483       288.3315       288.0057       287.0736       286.1413       284.9848       284.3079    
 1875   284.1335       284.4395       285.2095       286.2252       287.3949       287.9782       288.1192       287.8174       286.9090       285.9890       284.9468       284.2716    
 1876   283.9338       284.2036       285.1375       286.2511       287.2476       287.9965       288.0986       287.6780       287.0262       286.1092       285.0549       284.3555    
 1877   283.9025       284.3232       285.0563       286.2844       287.3063       287.9239       288.0398       287.7484       286.9000       285.8105       284.8206       284.0578    
 1878   283.8842       284.2123       284.9063       286.0207       286.9906       287.6565       287.9629       287.4996       286.6980       285.6927       284.5522       283.9309    
 1879   283.6675       284.1056       284.7159       285.9874       287.2277       287.8671       287.9601       287.6562       286.8781       285.8574       284.7907       284.0023    
 1880   283.9318       284.1204       284.7922       285.9010       287.0088       287.7136       287.9297       287.7312       286.8219       285.9287       284.7892       284.2440    
 1881   284.0258       284.1127       284.9834       286.0008       287.3229       288.0158       288.2389       287.9015       287.1019       286.1342       285.1823       284.3896    
 1882   284.1298       284.2152       285.1167       286.2068       287.1902       287.9922       288.1400       287.8287       286.9887       285.8728       284.9449       284.2734    
 1883   283.9729       284.0323       284.8642       286.0190       287.1721       287.9007       288.0602       287.7246       286.9375       285.7517       284.7482       283.9572    
 1884   283.6655       283.9267       284.6406       285.7565       286.8483       287.5168       287.6424       287.2172       286.3660       285.4541       284.4939       283.7139    
 1885   283.4067       283.8512       284.4877       285.7744       286.8745       287.5086       287.5787       287.2368       286.5148       285.5289       284.6239       283.8933    
 1886   283.7337       283.9163       284.5934       285.7590       286.9268       287.6630       287.7905       287.3190       286.7560       285.6133       284.5168       283.7616    
 1887   283.5034       283.8334       284.5941       285.8304       286.9521       287.7232       287.8405       287.6143       286.7993       285.7281       284.7354       284.0059    
 1888   283.9181       284.1879       285.0939       286.1422       287.1599       287.8586       288.0133       287.7255       286.9058       286.0138       284.9363       284.1145    
 1889   284.1296       284.2706       285.0041       286.2229       287.2059       287.7593       288.0835       287.7179       286.8492       285.7241       284.7846       284.0985    
 1890   283.9041       284.0147       284.7549       285.8741       287.0876       287.8007       287.8782       287.6807       286.8202       285.7058       284.6989       283.8417    
 1891   283.7423       284.1874       284.8006       285.8308       287.1543       287.9172       287.8439       287.6241       286.8050       285.7825       284.7770       284.0607    
 1892   283.7979       283.9654       284.7726       285.8964       287.0876       287.7735       287.8230       287.4948       286.7611       285.5992       284.5303       283.8541    
 1893   283.8542       284.0710       284.6680       285.8674       287.0220       287.7281       287.9231       287.6097       286.8984       285.8227       284.7175       284.1420    
 1894   283.9419       284.0751       285.1095       286.2709       287.2791       287.9928       288.1133       287.8238       286.8558       285.9322       284.9549       284.2925    
 1895   284.0975       284.3610       285.0166       286.1928       287.2507       287.8616       288.0936       287.7236       286.9781       285.8868       284.8217       284.1308    
 1896   283.8352       283.9968       284.8550       286.0891       287.1469       287.9510       288.0260       287.7002       286.8098       285.7912       284.7049       283.9355    
 1897   283.7374       284.1611       285.0456       286.2874       287.3308       288.0296       288.1385       287.7350       286.9742       286.1266       284.9464       283.9188    
 1898   283.8760       284.2123       284.9782       286.0100       287.2496       287.9722       288.0133       287.7722       287.0844       286.0106       285.0141       284.2502    
 1899   284.0042       284.3512       285.1008       286.2396       287.4201       288.0596       288.1917       287.9880       287.0452       286.1007       285.1175       284.3129    
 1900   284.2278       284.3217       284.9655       286.1561       287.1274       287.8570       288.0597       287.6495       286.8854       285.7770       284.7623       284.0783    
 1901   283.9185       284.2582       284.9088       285.8293       287.0550       287.6800       287.8898       287.6057       286.8281       285.8362       284.8008       283.9146    
 1902   283.7536       284.3361       284.8995       286.1043       287.1680       287.9753       288.1371       287.8464       287.0487       286.0432       284.9383       284.4042    
 1903   284.1074       284.1348       284.9012       286.0351       287.1261       287.7472       287.9106       287.6124       286.7853       285.8528       284.8875       284.1449    
 1904   283.8929       284.1741       284.8636       285.8991       287.0940       287.9045       287.9662       287.6713       286.9053       285.9213       284.9942       284.2855    
 1905   284.2014       284.4839       285.0462       286.0434       287.1607       287.9202       288.0029       287.6394       287.0004       286.0692       285.0890       284.3173    
 1906   284.0563       284.2198       285.0163       286.0689       287.2568       287.9603       288.0035       287.6869       286.9359       285.9324       285.0690       284.3854    
 1907   284.2148       284.1559       284.8912       286.0859       287.2036       287.9058       288.0618       287.7287       287.0602       286.0237       285.0784       284.3294    
 1908   284.1649       284.4716       285.2606       286.2810       287.3747       288.0555       288.2670       287.9930       287.1305       286.2388       285.2176       284.3135    
 1909   284.0866       284.3388       285.1135       286.2767       287.3199       288.0575       288.1718       287.7945       286.9778       285.7491       284.8460       284.2127    
 1910   283.9838       284.1585       284.9545       286.1312       287.2376       287.8882       288.0481       287.8077       286.9893       285.8691       285.0563       284.1714    
 1911   284.0993       284.3596       284.9829       286.1082       287.3470       288.0392       288.1907       287.8277       286.8361       285.9563       284.8190       284.0341    
 1912   283.8222       284.3210       284.9168       286.1724       287.2496       287.9337       287.9988       287.6667       286.8072       285.7499       284.8828       284.3045    
 1913   283.9666       284.1404       284.7170       285.9755       287.0941       287.8216       287.8168       287.6882       286.9695       285.9533       284.9886       284.1547    
 1914   284.1716       284.3498       285.1591       286.2027       287.4804       288.1397       288.2647       287.9554       287.0930       286.2600       285.0907       284.3587    
 1915   284.1927       284.5614       285.2945       286.4256       287.6307       288.1505       288.2415       287.7510       286.8006       285.8324       284.7711       283.9801    
 1916   283.9896       284.2222       284.9462       285.9346       287.0020       287.7644       287.8907       287.5638       286.7316       285.6670       284.5717       283.7878    
 1917   283.4189       283.8175       284.7618       285.9669       287.1163       287.8051       287.8411       287.5693       286.6572       285.5541       284.6089       283.8309    
 1918   283.6413       284.1176       284.8995       286.1801       287.3147       287.9576       288.0209       287.8181       286.8455       285.9252       284.7568       284.0748    
 1919   284.0985       284.2901       285.0505       286.1955       287.2937       288.2307       288.2958       288.0482       287.2060       286.2895       285.2661       284.4409    
 1920   284.2164       284.3458       285.2646       286.4340       287.5383       288.0660       288.1533       287.8433       287.0061       285.8922       285.0146       284.3346    
 1921   284.0798       284.2580       285.2321       286.3195       287.2672       288.1548       288.2909       287.9438       287.1055       285.9964       285.0685       284.3408    
 1922   284.2273       284.3153       285.0359       286.3738       287.4538       288.1229       288.2782       287.9180       287.1800       286.0490       284.9716       284.2406    
 1923   283.9302       284.1815       285.1548       286.0845       287.2615       287.8498       287.9147       287.6924       286.7983       285.7190       284.7318       284.2437    
 1924   283.8673       284.0968       284.7347       286.0746       287.3325       287.9995       288.2242       287.8815       287.0456       286.0894       285.0331       284.3639    
 1925   283.9221       284.1951       285.0762       286.1392       287.2678       287.9128       288.1009       287.8118       287.0508       286.1170       284.9261       284.0224    
 1926   284.1354       284.3245       285.0027       286.2390       287.1964       288.0332       288.2828       287.8897       287.1448       286.1318       284.9589       284.1988    
 1927   284.0265       284.3551       285.0515       286.2841       287.2717       287.8741       288.0688       287.9580       287.0826       285.9933       284.9991       284.3244    
 1928   284.1057       284.4444       285.1221       286.2169       287.4020       288.1995       288.2096       287.9985       287.2168       286.0276       285.0616       284.2878    
 1929   283.9049       284.1928       285.0671       286.0454       287.2256       287.9995       288.1462       287.6305       286.9702       285.8640       284.8167       284.0144    
 1930   283.8498       284.3074       284.9400       286.1841       287.1975       287.9310       288.1610       287.9956       287.1845       286.0139       285.0232       284.4051    
 1931   284.1154       284.2934       285.0693       286.3090       287.4896       288.1840       288.3084       288.1797       287.0382       286.2126       285.2107       284.3663    
 1932   284.0745       284.5049       285.2445       286.3526       287.4209       288.0589       288.1609       287.8974       287.2307       286.2251       284.9919       284.2839    
 1933   284.0705       284.2856       285.0054       286.3372       287.3966       288.0995       288.2295       288.0662       287.2223       286.1697       285.1364       284.6065    
 1934   284.2246       284.4279       285.2459       286.2828       287.2379       288.0916       288.2753       287.9402       287.2434       286.1619       285.0948       284.3762    
 1935   284.1387       284.5063       285.0851       286.4112       287.5514       288.0796       288.2449       287.9467       287.2713       286.1961       285.1801       284.2162    
 1936   284.0949       284.3559       285.1948       286.1253       287.3707       288.0570       288.3417       287.8600       287.1724       286.0485       284.9443       284.2313    
 1937   283.9608       284.1070       285.0126       286.1558       287.3452       288.0893       288.1814       287.8046       287.0222       285.9706       284.9343       284.4030    
 1938   284.2137       284.3583       285.0984       286.2206       287.4060       288.0570       288.2516       287.8300       287.1440       286.2166       285.2957       284.4133    
 1939   284.1886       284.4222       285.1305       286.2184       287.3757       288.1383       288.2012       288.0069       287.2948       286.1544       285.0436       284.3257    
 1940   284.1813       284.5349       285.1428       286.3295       287.4477       288.2132       288.3235       287.9702       287.1857       286.3394       285.1773       284.3602    
 1941   284.3297       284.4438       285.3258       286.3908       287.4094       288.1122       288.3788       288.0341       287.3051       286.3669       285.4057       284.4688    
 1942   284.1967       284.5797       285.2224       286.2960       287.4170       288.2290       288.2819       287.9823       287.2229       286.0674       285.0700       284.3529    
 1943   284.2698       284.4523       285.1656       286.2836       287.3961       288.0647       288.1692       287.9760       287.0625       286.0290       284.8886       284.0637    
 1944   284.0641       284.2738       284.9962       286.1036       287.1572       287.8139       288.0067       287.7296       286.7581       285.7658       284.7350       284.0467    
 1945   283.8114       283.9088       284.8490       285.8858       287.2421       287.9157       287.9349       287.6023       286.8664       285.9382       284.9357       284.0981    
 1946   283.8136       283.8585       284.8166       286.1242       287.2199       287.9656       288.0752       287.7993       287.1060       286.0768       285.1312       284.3549    
 1947   284.3053       284.4941       285.1849       286.3409       287.4607       288.0792       288.2730       287.8804       287.2383       286.2037       285.2711       284.6162    
 1948   284.2900       284.4686       285.1518       286.5645       287.7632       288.3540       288.5150       288.1628       287.3711       286.2458       285.2637       284.5429    
 1949   284.4943       284.5251       285.2813       286.4232       287.4143       288.0281       288.2239       287.9157       287.1520       286.2204       285.0970       284.3058    
 1950   284.1253       284.4441       285.2595       286.2398       287.3545       287.9657       288.2758       287.9933       287.1199       285.9986       285.0375       284.2905    
 1951   284.3825       284.4255       285.1307       286.3009       287.5131       288.1514       288.2105       287.8586       287.2171       286.3249       285.3214       284.5708    
 1952   284.1689       284.5218       285.3041       286.4090       287.6819       288.2272       288.4036       288.0450       287.2665       286.1916       285.1311       284.3677    
 1953   284.2807       284.5567       285.1512       286.2701       287.4697       288.1647       288.1275       287.9740       287.2281       286.1172       285.1371       284.3339    
 1954   284.2660       284.4467       285.2857       286.3282       287.4801       288.1466       288.2658       287.9622       287.2422       286.0692       285.0835       284.3126    
 1955   284.0674       284.3227       285.1790       286.2623       287.3853       288.0782       288.2841       287.9659       287.1024       286.2251       285.2842       284.4874    
 1956   284.4285       284.6919       285.4583       286.5419       287.6474       288.3466       288.4225       288.0627       287.4147       286.4397       285.3652       284.4966    
 1957   284.4648       284.8601       285.3109       286.3263       287.4423       288.1733       288.2731       288.0189       287.2543       286.2286       285.0621       284.3372    
 1958   283.9186       284.1500       285.1877       286.2096       287.3025       287.9755       288.1162       287.8846       287.1698       286.1670       285.1650       284.6045    
 1959   284.2111       284.6651       285.4707       286.5907       287.6376       288.4085       288.5175       288.1952       287.3063       286.3227       285.2821       284.6112    
 1960   284.5208       284.7256       285.2458       286.5909       287.5692       288.3770       288.5389       288.1880       287.3593       286.5097       285.4794       284.6630    
 1961   284.4365       284.7475       285.2824       286.4330       287.5591       288.1154       288.1842       287.9920       287.2739       286.1547       285.1201       284.2598    
 1962   283.9998       284.3732       285.1427       286.2769       287.4365       287.9508       288.1141       287.9325       286.9382       285.9076       284.8914       284.3266    
 1963   284.1512       284.4093       285.1507       286.2782       287.3448       288.0181       288.1855       287.8880       286.9891       286.0060       285.1341       284.5418    
 1964   284.2589       284.4972       285.0981       286.2429       287.4513       288.0326       288.1061       287.9115       287.2124       286.2475       285.3488       284.5473    
 1965   284.3405       284.6777       285.3542       286.3569       287.4219       288.2086       288.3216       288.0135       287.1970       286.1342       285.0909       284.3753    
 1966   284.3265       284.4271       285.2760       286.3568       287.2898       287.9809       288.0796       287.7968       286.9784       286.0457       285.1171       284.3619    
 1967   284.0871       284.3336       285.0381       286.2372       287.3413       288.0061       288.1525       287.8497       287.1060       285.9884       284.8769       284.1815    
 1968   284.0799       284.0926       284.9970       285.9788       287.0857       287.8216       288.0583       287.6493       286.8199       285.8706       284.7498       283.9632    
 1969   283.8870       284.2231       284.8883       286.0426       287.1508       287.8380       287.9723       287.8468       286.8832       285.7549       284.7504       284.1349    
 1970   283.9536       284.2989       284.9103       286.0851       287.2185       287.7821       287.9743       287.5855       286.8423       285.7449       284.8991       284.3211    
 1971   284.1175       284.6429       285.1416       286.2062       287.3412       288.0321       288.3027       287.9579       287.2034       286.1450       285.2945       284.3994    
 1972   284.1126       284.5640       285.4214       286.5029       287.5108       288.2601       288.4489       288.0207       287.1675       286.1442       285.2369       284.4141    
 1973   284.1295       284.3269       285.2252       286.2797       287.3333       288.0049       288.0786       287.8925       287.1097       285.9584       285.0756       284.3708    
 1974   284.2542       284.4509       285.2416       286.4055       287.3702       287.9106       288.1309       287.8208       287.0941       286.0941       285.1109       284.1905    
 1975   283.8780       284.2113       285.0867       286.1794       287.2155       287.9472       288.0924       287.8585       287.0728       286.1951       285.2583       284.3737    
 1976   284.1815       284.4992       285.2622       286.2768       287.3248       288.0984       288.2831       287.9578       287.1324       286.0809       285.0677       284.4285    
 1977   284.1745       284.3595       285.1057       286.1847       287.4114       288.0093       288.1457       287.8229       287.0028       286.0049       285.0328       284.2430    
 1978   284.0795       284.4445       285.3014       286.3745       287.4263       288.0272       288.2792       288.0434       287.1604       286.0755       285.1452       284.3567    
 1979   284.1888       284.3864       285.3075       286.2704       287.3304       288.1128       288.1090       287.9108       287.2772       286.2213       285.1260       284.3724    
 1980   284.1053       284.2958       285.0117       286.3552       287.5786       288.0564       288.2778       287.9047       287.0623       285.9653       284.9471       284.2836    
 1981   284.3127       284.3390       285.2689       286.3111       287.3711       288.0227       288.1674       287.9401       287.2178       286.1344       285.1068       284.3901    
 1982   284.1409       284.4265       285.2601       286.3978       287.3904       287.9070       288.1643       287.8643       287.1071       286.0692       285.0630       284.3867    
 1983   284.2165       284.4880       285.1373       286.2392       287.3398       287.8777       288.0930       287.9145       287.1491       286.2427       285.2507       284.4972    
 1984   284.0734       284.4436       285.2793       286.3984       287.5022       288.0905       288.2162       288.0365       287.1419       286.0800       285.0050       284.4023    
 1985   284.2632       284.5685       285.2101       286.6310       287.6212       288.1757       288.4552       287.9389       287.2128       286.2273       285.2329       284.4520    
 1986   284.3339       284.3921       285.2244       286.3969       287.4464       288.1389       288.3034       288.0161       287.1780       286.1385       285.0833       284.2552    
 1987   284.0342       284.4730       285.2063       286.4378       287.4888       288.1697       288.3071       288.1381       287.3348       286.3067       285.4118       284.7091    
 1988   284.5184       284.7880       285.5984       286.6461       287.7821       288.3987       288.6793       288.2191       287.3678       286.4945       285.4353       284.6899    
 1989   284.5170       284.9167       285.7233       286.7281       287.7715       288.3147       288.5230       288.1725       287.5726       286.6625       285.4674       284.8555    
 1990   284.7046       284.9279       285.6621       286.7808       287.6996       288.3235       288.4246       288.1375       287.3844       286.5446       285.5094       284.9286    
 1991   284.5611       284.7644       285.5687       286.6686       287.6153       288.3446       288.4153       288.1649       287.3259       286.3074       285.2638       284.6431    
 1992   284.2945       284.5319       285.1756       286.2705       287.2615       288.0015       288.0804       287.7609       286.9873       285.9531       285.1680       284.4941    
 1993   284.1186       284.2994       285.0309       286.1784       287.3771       287.9375       288.2320       287.9205       287.0987       286.1916       285.2566       284.4851    
 1994   284.4223       284.5416       285.2916       286.3787       287.4393       288.0249       288.2474       287.9689       287.3459       286.3387       285.4438       284.5780    
 1995   284.4149       284.8085       285.4343       286.3992       287.6798       288.3802       288.2887       288.0465       287.1462       286.3550       285.3008       284.5280    
 1996   284.3694       284.6304       285.3604       286.4467       287.6042       288.1833       288.3803       288.1145       287.4095       286.3096       285.2173       284.7049    
 1997   284.4719       284.6762       285.3662       286.5277       287.5511       288.3323       288.5512       288.1351       287.3860       286.3010       285.4316       284.6551    
 1998   284.5163       284.6142       285.5236       286.6403       287.7573       288.3530       288.4096       288.2046       287.4507       286.5958       285.3556       284.5708    
 1999   284.4498       284.6646       285.4554       286.4413       287.6600       288.2445       288.4538       288.3234       287.5345       286.4529       285.4851       284.6404    
 2000   284.3909       284.5883       285.6046       286.5303       287.5780       288.3852       288.5167       288.1554       287.4933       286.6115       285.7164       285.0096    
 2001   284.6926       284.7664       285.6291       286.6840       287.6851       288.3800       288.5227       288.3198       287.5196       286.5443       285.5902       284.7967    
 2002   284.6220       284.8601       285.6417       286.7904       287.8375       288.4059       288.6008       288.3599       287.5025       286.4921       285.3737       284.6178    
 2003   284.3081       284.7633       285.5108       286.7006       287.7700       288.2672       288.5811       288.3858       287.3992       286.2979       285.4118       284.7289    
 2004   284.3767       284.6719       285.3751       286.4124       287.6063       288.3231       288.3727       288.0516       287.3783       286.4213       285.2867       284.7038    
 2005   284.5837       284.5747       285.2949       286.5288       287.7537       288.4060       288.5416       288.2519       287.4721       286.5531       285.4447       284.6577    
 2006   284.4249       284.6525       285.4589       286.5313       287.6947       288.3254       288.5070       288.2105       287.3377       286.2749       285.4053       284.8300    
 2007   284.4735       284.9086       285.6806       286.7415       287.7707       288.4461       288.6295       288.4378       287.4942       286.4845       285.5621       284.8678    
 2008   284.4088       284.6384       285.4788       286.6259       287.6105       288.2676       288.4600       288.2643       287.4031       286.4137       285.4568       284.7561    
 2009   284.5132       284.8055       285.4756       286.6911       287.8529       288.5477       288.7856       288.6211       287.6496       286.7779       285.7419       284.7418    
 2010   284.5303       284.9538       285.6049       286.8639       287.9401       288.5774       288.5920       288.3403       287.5330       286.4661       285.4404       284.7650    
 2011   284.4677       284.7350       285.5415       286.7542       287.8980       288.5738       288.6816       288.2983       287.5946       286.5736       285.5988       284.9887    
 2012   284.7137       285.0018       285.6586       286.8885       287.9091       288.5607       288.7359       288.4376       287.6173       286.7394       285.7145       285.0379    
 2013   284.8191       285.0567       285.8714       287.0146       288.2042       288.7993       288.9821       288.6264       287.8117       286.9275       285.8907       285.0915    
 2014   284.8379       284.8734       285.9451       287.0694       288.0656       288.8490       288.9348       288.5320       287.6751       286.6198       285.6419       284.8221    
 2015   284.7439       285.0735       285.7600       287.0062       288.1201       288.7395       288.8369       288.5590       287.7303       286.6552       285.6653       285.0245    
 2016   284.8690       284.8181       285.7430       286.8916       288.0345       288.6853       288.8715       288.6460       287.7740       286.6986       285.7454       285.0692    
 2017   284.8831       284.9221       285.8320       286.9664       287.9528       288.6732       288.8200       288.5614       287.8250       286.7214       285.5800       284.9620    
 2018   284.7765       285.2222       285.9309       287.2028       288.1370       288.7887       289.0029       288.8216       287.8923       287.0266       285.9254       285.1801    
 2019   284.9448       285.1761       285.8965       286.9974       288.0152       288.6974       288.8470       288.4660       287.5414       286.6714       285.5354       284.8358    
 2020   284.5330       284.8764       285.6197       286.7801       287.8131       288.5186       288.8037       288.4861       287.6947       286.6802       285.4442       284.6977    
 2021   284.6872       284.7992       285.6038       286.8062       288.0710       288.6164       288.7836       288.4769       287.7781       286.8005       285.7905       285.0728    
 2022   284.6734       285.1620       285.8717       287.1464       288.1220       288.7749       289.0756       288.7331       287.9944       286.9867       285.9894       285.2295    
 2023   284.9600       285.1913       286.1700       287.2940       288.3622       289.0121       289.1444       288.9183       288.0751       287.1304       286.0406       285.3939    
 2024   285.1390       285.3623       286.2052       287.3043       288.4257       289.0854       289.1768       288.8112       288.0514       287.0673       285.8743       285.0718    
 2025   284.8587       285.0840       285.8729       287.0271       288.1253       288.8324       289.0222       288.7365       287.9595       286.8205       285.8631       285.1924    
 2026   284.9193       285.0766       285.9159       287.0943       288.3795       288.9476       289.1507       288.8448       287.9738       287.0705       285.9472       285.2558    
 2027   285.1462       285.2129       285.8948       287.1653       288.2691       288.8556       289.1080       288.8614       288.1687       287.1211       285.9717       285.2500    
 2028   285.1256       285.5878       286.3052       287.4141       288.6212       289.1067       289.3762       289.1530       288.2870       287.3360       286.1767       285.3710    
 2029   285.1328       285.5092       286.0764       287.1790       288.3996       288.9380       289.1319       288.6771       287.9355       287.0034       285.8889       285.2204    
 2030   284.9541       285.3132       286.0872       287.3042       288.4010       288.9789       289.2477       288.8760       288.1326       287.2611       286.1773       285.6223    
 2031   285.2867       285.6237       286.2055       287.2799       288.3702       289.1395       289.1887       288.9806       288.2873       287.1727       286.1334       285.4865    
 2032   285.1259       285.6071       286.2245       287.4259       288.5387       289.0201       289.2527       288.9970       288.2898       287.3245       286.2790       285.4789    
 2033   285.2799       285.4475       286.2090       287.3749       288.4238       288.9925       289.2021       288.9626       288.2541       287.2493       286.0261       285.5949    
 2034   285.3317       285.4382       286.3046       287.4385       288.5627       289.1130       289.3486       289.0225       288.3437       287.3705       286.2990       285.6627    
 2035   285.3914       285.5614       286.4504       287.5090       288.5180       289.3140       289.4199       289.0826       288.3668       287.3268       286.4139       285.5987    
 2036   285.3866       285.6227       286.2976       287.4521       288.5888       289.1658       289.4423       289.2253       288.4246       287.4101       286.5209       285.8193    
 2037   285.6726       285.7986       286.5431       287.5445       288.6852       289.1621       289.3819       289.1738       288.2789       287.4182       286.4641       285.4978    
 2038   285.3729       285.5000       286.5563       287.5259       288.6066       289.2254       289.5263       289.2416       288.4357       287.4727       286.6110       285.8828    
 2039   285.5457       285.7932       286.4943       287.6743       288.6671       289.5341       289.6379       289.3090       288.5645       287.4453       286.4931       285.8061    
 2040   285.7218       286.0284       286.6748       287.8483       288.9840       289.6957       289.8478       289.4824       288.6909       287.7547       286.9423       286.0609    
 2041   285.8929       286.2429       286.7893       287.7649       288.9133       289.5854       289.6639       289.3739       288.6149       287.7118       286.7757       286.0247    
 2042   285.5707       285.8203       286.5872       287.6978       288.7437       289.4880       289.5723       289.3911       288.6345       287.5802       286.6140       285.7126    
 2043   285.4134       285.7869       286.4266       287.5502       288.6571       289.3413       289.5625       289.2097       288.5145       287.6242       286.4832       285.8202    
 2044   285.6060       285.8750       286.6324       287.7040       288.8649       289.4954       289.6484       289.5131       288.7259       287.8364       286.8471       286.1121    
 2045   285.8465       285.9388       286.8173       287.8481       288.9816       289.6432       289.9764       289.5151       288.7982       287.6298       286.7030       285.8354    
 2046   285.6929       285.8765       286.4951       287.5429       288.6998       289.3695       289.5745       289.3255       288.5848       287.5273       286.7511       285.9533    
 2047   285.7980       285.6861       286.7116       287.7876       288.7495       289.3728       289.6878       289.4768       288.6121       287.7061       286.7945       286.0352    
 2048   285.6848       286.1192       286.7717       287.8883       288.8951       289.6836       289.8961       289.6192       288.8353       287.8831       286.8961       286.1896    
 2049   286.0354       286.2210       286.9926       288.0309       289.1576       289.7821       290.0308       289.8121       289.1420       288.0843       287.1083       286.3297    
 2050   286.0713       286.4919       286.9911       288.0029       289.1675       289.7664       289.9707       289.7727       288.9283       287.8878       286.7477       286.0086    
 2051   285.8030       286.1178       286.7702       288.0335       289.0449       289.7414       289.8609       289.5504       288.8183       287.8439       286.8164       286.2377    
 2052   285.8778       286.0831       286.6976       287.9709       289.0876       289.7548       289.9033       289.6290       288.8930       287.7854       286.9123       285.9806    
 2053   285.7982       286.1955       286.7357       287.9247       288.9537       289.7209       290.0889       289.7252       288.9827       288.0073       286.9688       286.1284    
 2054   285.8417       286.1652       286.8442       287.9370       289.0423       289.6586       289.7856       289.6219       288.9239       287.9256       286.9821       286.2231    
 2055   286.0011       286.1102       286.9672       288.0002       289.1929       289.8770       290.1508       289.9640       289.2268       288.2205       287.3705       286.6013    
 2056   286.3347       286.6599       287.2966       288.4157       289.4561       290.0250       290.1614       289.8919       289.0467       288.1114       286.9152       286.3935    
 2057   285.9992       286.2252       287.0645       288.1427       289.1842       289.8766       290.0778       289.7840       289.0307       288.1075       287.1867       286.3775    
 2058   286.1516       286.3979       286.9548       288.1689       289.1801       289.7079       290.0384       289.8577       289.0171       287.9707       286.9973       286.3594    
 2059   286.1672       286.4594       287.1358       288.2603       289.3510       289.8774       290.1123       289.7475       289.0545       288.0825       287.1460       286.3311    
 2060   286.0189       286.1470       287.0606       288.1485       289.2596       289.9935       290.0379       289.9198       289.0285       288.1740       287.2480       286.4033    
 2061   286.1404       286.3942       287.1213       288.3188       289.2162       289.8700       290.1470       290.0021       289.2367       288.2785       287.1860       286.4556    
 2062   286.2391       286.3463       287.0493       288.3237       289.5054       290.1977       290.3001       289.9152       289.1820       288.1989       287.2732       286.4826    
 2063   286.3005       286.5869       287.2309       288.3311       289.5022       290.1828       290.2911       290.0257       289.2448       288.3332       287.3389       286.5552    
 2064   286.2212       286.3693       287.3772       288.1895       289.3649       289.9862       290.0639       289.7939       289.0344       288.1531       287.0786       286.2055    
 2065   286.0868       286.3131       287.0002       288.0681       289.2375       290.0313       290.1551       290.0006       289.2235       288.3515       287.2181       286.3003    
 2066   286.2928       286.5119       287.3759       288.3391       289.3343       289.8510       290.2053       290.0255       289.1810       288.2116       287.1758       286.5101    
 2067   286.0518       286.3702       287.2843       288.4163       289.5343       289.8975       290.1698       289.9168       289.1522       288.2526       287.4267       286.4827    
 2068   286.4296       286.6370       287.2848       288.5342       289.6841       290.1804       290.3281       290.1241       289.2518       288.3157       287.3517       286.5784    
 2069   286.4158       286.4973       287.3249       288.4413       289.6163       290.1388       290.5732       290.3199       289.3626       288.5263       287.4526       286.8424    
 2070   286.6604       286.8223       287.3521       288.4668       289.6111       290.2981       290.3085       290.0784       289.4156       288.2528       287.1643       286.4678    
 2071   286.3198       286.6195       287.1762       288.2908       289.3769       290.0407       290.2663       290.0617       289.2509       288.2151       287.1045       286.4077    
 2072   286.1565       286.5603       287.2558       288.3029       289.3543       290.0406       290.3377       290.0329       289.2889       288.3446       287.3901       286.4653    
 2073   286.3659       286.5366       287.5253       288.4750       289.5914       290.2386       290.4933       290.0865       289.2742       288.2771       287.1642       286.3239    
 2074   286.2917       286.3617       287.2506       288.4019       289.5204       290.2303       290.4622       290.2187       289.4430       288.3586       287.4370       286.6545    
 2075   286.5058       286.7666       287.3610       288.4174       289.6611       290.3562       290.5724       290.3330       289.4783       288.4720       287.5997       286.8203    
 2076   286.5945       286.7991       287.4212       288.4111       289.5685       290.1965       290.3601       290.1619       289.4492       288.3336       287.2809       286.6520    
 2077   286.3279       286.4599       287.3591       288.5335       289.6748       290.3345       290.5403       290.3045       289.5829       288.6035       287.4524       286.7823    
 2078   286.5927       286.9889       287.6178       288.5938       289.6877       290.4041       290.6535       290.3731       289.5463       288.7518       287.6674       286.9439    
 2079   286.8496       287.0773       287.6941       288.8592       289.9128       290.5155       290.7382       290.3633       289.5796       288.6848       287.5303       286.6858    
 2080   286.3108       286.6336       287.2798       288.4377       289.6018       290.2699       290.4611       290.2389       289.4317       288.5948       287.5313       286.7708    
 2081   286.5324       286.5497       287.2033       288.2619       289.4311       290.1140       290.3343       290.0692       289.3678       288.3526       287.5392       286.7948    
 2082   286.6792       286.8572       287.2751       288.3289       289.5203       290.1134       290.3908       290.1611       289.4188       288.4037       287.5496       286.5872    
 2083   286.4000       286.4761       287.2058       288.4344       289.5644       290.1614       290.3799       290.1001       289.2470       288.2603       287.2054       286.4901    
 2084   286.3640       286.4673       287.2514       288.4139       289.5308       290.2061       290.4168       290.1067       289.3094       288.3702       287.4865       286.7585    
 2085   286.5900       286.7057       287.5369       288.6062       289.7837       290.3861       290.7283       290.4196       289.6284       288.6093       287.7216       287.0465    
 2086   286.7019       286.7945       287.7243       288.8952       289.8990       290.4840       290.6559       290.2975       289.5589       288.4633       287.5936       286.6654    
 2087   286.4736       286.6050       287.3420       288.5439       289.7128       290.4568       290.6872       290.3477       289.5697       288.4881       287.4833       286.7589    
 2088   286.5500       286.8873       287.3944       288.5827       289.7339       290.3676       290.6104       290.2465       289.5855       288.4939       287.3685       286.6849    
 2089   286.3479       286.5415       287.2793       288.2833       289.4881       290.1693       290.4782       290.1611       289.4459       288.5628       287.4742       286.4846    
 2090   286.5091       286.7300       287.3771       288.4267       289.6203       290.2433       290.5384       290.2363       289.4357       288.4477       287.5410       286.7091    
 2091   286.5930       286.7269       287.5770       288.5220       289.7222       290.2754       290.6558       290.3472       289.5469       288.6340       287.7128       286.7803    
 2092   286.5290       286.8021       287.4198       288.5601       289.6472       290.3044       290.6129       290.3312       289.6960       288.7559       287.6578       286.7452    
 2093   286.6510       286.9346       287.5871       288.6602       289.7903       290.4711       290.7071       290.4772       289.7511       288.9248       287.8255       287.0286    
 2094   286.9283       287.1405       287.8836       289.0996       290.1426       290.7467       290.9194       290.6926       289.8712       288.8604       288.0041       287.2160    
 2095   286.7063       287.0945       287.8329       288.8500       289.9201       290.4388       290.7738       290.4984       289.5863       288.5758       287.5396       286.8160    
 2096   286.5480       286.6722       287.3726       288.5152       289.5582       290.2127       290.4723       290.2396       289.5733       288.6094       287.6344       286.7765    
 2097   286.7135       286.8570       287.6266       288.7006       289.8904       290.4613       290.7279       290.4148       289.6017       288.6553       287.6403       286.8266    
 2098   286.6158       287.0738       287.6964       288.6339       289.7276       290.2589       290.5394       290.3474       289.6452       288.6639       287.7254       286.8569    
 2099   286.6512       286.8879       287.4950       288.5651       289.8055       290.3661       290.7543       290.5615       289.7150       288.7959       287.5778       286.9636    
 2100   286.5795       286.9722       287.5109       288.7899       289.8571       290.4970       290.7505       290.5111       289.6739       288.7482       288.0431       286.9360    
