# ensemble mea of file global_tas_Amon_CSIRO-Mk3-6-0_rcp60_%%.dat
# using members   0 to   9
# <a href=http://cmip-pcmdi.llnl.gov/cmip5/>CMIP5</a> global mean temperature computed at <a href=http://www.knmi.nl/selectfield_cmip5.cgi?someone@somewhere>KNMI Climate Explorer</a> tas_Amon_CSIRO-Mk3-6-0_rcp60_r10i1p1
# tas [K] from CSIRO-Mk3-6-0 model output prepared for CMIP5 RCP6 r10i1p1
# cutting out region lon=   -0.938  359.062, lat=  -89.497   89.497
 1850   283.7798       283.9370       284.7212       285.8880       286.9788       287.6938       287.8249       287.5488       286.7707       285.7556       284.7136       284.0298    
 1851   283.8075       284.0732       284.7913       285.9795       287.0904       287.7648       287.9014       287.5818       286.7877       285.8256       284.7830       284.0762    
 1852   283.8655       284.1584       284.8909       286.0309       287.1554       287.8548       287.9552       287.6859       286.8773       285.8554       284.8084       284.0712    
 1853   283.8817       284.1248       284.8495       285.9957       287.1127       287.8083       287.9749       287.6822       286.8582       285.8207       284.7810       284.0738    
 1854   283.8778       284.1211       284.8692       286.0243       287.1346       287.7945       287.9513       287.6253       286.8583       285.8963       284.8443       284.0718    
 1855   283.8562       284.0719       284.8599       285.9754       287.1519       287.8602       287.9986       287.6999       286.8767       285.8995       284.8830       284.1630    
 1856   283.9249       284.0945       284.8983       286.0433       287.1086       287.8145       287.9024       287.6423       286.8004       285.7939       284.7454       283.9753    
 1857   283.7564       283.9911       284.7151       285.8830       286.9310       287.6234       287.7871       287.4724       286.6565       285.5924       284.5942       283.8976    
 1858   283.7549       283.9108       284.6891       285.8329       286.9755       287.7042       287.8499       287.4744       286.7019       285.6880       284.7036       283.9852    
 1859   283.7388       284.0220       284.7645       285.8716       287.0226       287.7163       287.8643       287.5846       286.7788       285.7178       284.7156       283.9656    
 1860   283.7683       284.0580       284.7848       285.9633       287.1143       287.7804       287.8879       287.6070       286.8284       285.7940       284.7744       284.0378    
 1861   283.8339       284.0567       284.8306       285.9948       287.1338       287.8051       287.9123       287.6544       286.8421       285.8086       284.7414       283.9617    
 1862   283.7491       284.0171       284.7284       285.9333       287.0496       287.7086       287.7935       287.5418       286.7811       285.7068       284.6884       283.9363    
 1863   283.7457       283.8953       284.7437       285.9332       287.0327       287.7039       287.8702       287.5922       286.7648       285.7346       284.7143       283.9975    
 1864   283.7768       284.0191       284.7675       285.9010       286.9727       287.6689       287.8420       287.6057       286.7681       285.7395       284.7078       283.9863    
 1865   283.7292       284.0325       284.8116       285.9457       287.0923       287.7842       287.9320       287.6508       286.8044       285.7742       284.7900       284.1000    
 1866   283.8210       284.0494       284.8875       286.0524       287.1640       287.8563       288.0057       287.6431       286.8503       285.8065       284.7910       284.1039    
 1867   283.9061       284.0998       284.8847       286.0290       287.1617       287.8161       287.9823       287.6750       286.8976       285.8701       284.8136       284.0862    
 1868   283.8793       284.1299       284.8990       286.0484       287.1429       287.8268       287.9772       287.6621       286.8841       285.8640       284.8524       284.1572    
 1869   283.8878       284.1533       284.8757       286.0342       287.1573       287.8556       287.9883       287.6669       286.8714       285.8272       284.7742       284.0339    
 1870   283.8660       284.0682       284.8483       286.0093       287.1173       287.8098       287.9714       287.6438       286.8423       285.7935       284.7571       284.0728    
 1871   283.8443       284.0881       284.8060       286.0146       287.1057       287.8302       287.9275       287.6904       286.8896       285.8242       284.8277       284.0370    
 1872   283.8895       284.1339       284.8940       286.0638       287.1738       287.9190       288.0684       287.7886       286.9440       285.9035       284.9131       284.1588    
 1873   284.0038       284.2158       284.9229       286.0775       287.2102       287.9124       288.0640       287.7734       286.9953       285.9645       284.9387       284.1780    
 1874   284.0536       284.2856       284.9485       286.0955       287.2500       287.9174       288.1006       287.7675       286.9416       285.9168       284.8720       284.1169    
 1875   283.9532       284.1779       284.9202       286.1214       287.2553       287.8983       288.0547       287.7486       286.9429       285.9230       284.9005       284.2174    
 1876   283.9311       284.1821       284.9797       286.0915       287.2059       287.8953       288.0559       287.6899       286.8901       285.8789       284.8585       284.2103    
 1877   283.9584       284.2115       284.9853       286.1110       287.2256       287.9349       288.0435       287.7202       286.9666       285.9581       284.9219       284.2430    
 1878   284.0374       284.2618       285.0243       286.0903       287.2879       287.9503       288.0789       287.7426       286.9294       285.9305       284.8305       284.1808    
 1879   283.9180       284.1703       284.9149       286.0562       287.1763       287.8560       288.0154       287.6744       286.8724       285.8196       284.8504       284.0706    
 1880   283.8574       284.1528       284.8848       286.0451       287.1615       287.8784       288.0184       287.7077       286.9400       285.9316       284.8522       284.1784    
 1881   284.0112       284.2207       284.9975       286.1364       287.2681       287.9417       288.0940       287.7817       287.0029       286.0004       284.9465       284.2580    
 1882   283.9897       284.2131       284.9920       286.0987       287.2068       287.9236       288.0593       287.7619       286.9604       285.9043       284.8293       284.1483    
 1883   283.8966       284.1392       284.9127       286.0331       287.1210       287.8527       287.9998       287.6948       286.8641       285.7926       284.7298       284.0173    
 1884   283.7619       283.9114       284.6545       285.7720       286.8409       287.5240       287.6450       287.2931       286.4504       285.5076       284.4991       283.7241    
 1885   283.5256       283.7744       284.5533       285.6883       286.7973       287.5175       287.6476       287.3210       286.5641       285.5266       284.4411       283.7819    
 1886   283.6080       283.8296       284.6339       285.8109       286.9495       287.6183       287.7805       287.4493       286.6645       285.5804       284.5375       283.8017    
 1887   283.6171       283.9143       284.7036       285.8163       286.9336       287.6326       287.7554       287.4695       286.6673       285.6171       284.5919       283.9169    
 1888   283.7387       283.9637       284.7014       285.8814       286.9778       287.7035       287.8191       287.5312       286.7351       285.6898       284.6262       283.8625    
 1889   283.6918       283.9223       284.6891       285.8750       287.0104       287.6498       287.7985       287.5040       286.6873       285.6422       284.6588       283.8771    
 1890   283.7012       283.9911       284.7289       285.8632       286.9589       287.6941       287.7907       287.5056       286.6873       285.6310       284.6387       283.9428    
 1891   283.7278       283.9883       284.7518       285.8789       286.9842       287.6687       287.8482       287.5168       286.7341       285.7112       284.6577       283.9470    
 1892   283.6902       283.9356       284.7498       285.8723       286.9873       287.6671       287.8273       287.4830       286.7084       285.6773       284.6511       283.9501    
 1893   283.7681       283.9706       284.7167       285.9018       287.0550       287.7552       287.8809       287.5721       286.7974       285.7969       284.7343       284.0507    
 1894   283.8152       284.1060       284.8766       286.0026       287.0821       287.8271       287.9361       287.6529       286.8257       285.8027       284.8492       284.0856    
 1895   283.8681       284.1318       284.9250       286.0524       287.1675       287.8162       288.0174       287.6559       286.8529       285.8467       284.8004       284.0531    
 1896   283.8820       284.1102       284.8962       285.9962       287.1251       287.8221       288.0003       287.6547       286.8183       285.8214       284.8531       284.1176    
 1897   283.9104       284.1562       284.8719       286.0512       287.1592       287.8281       287.9710       287.6763       286.8899       285.9326       284.8571       284.0851    
 1898   283.8979       284.0991       284.9098       285.9600       287.1193       287.7642       287.9116       287.6270       286.8377       285.7880       284.7662       284.0404    
 1899   283.7777       284.0655       284.8269       285.9700       287.1021       287.7844       287.9345       287.6287       286.8087       285.7501       284.7469       284.0519    
 1900   283.8698       284.0660       284.8513       285.9832       287.0590       287.8120       287.9535       287.6602       286.8025       285.7939       284.7417       284.0505    
 1901   283.8964       284.1043       284.8537       285.9982       287.1452       287.8380       288.0274       287.6897       286.8676       285.8936       284.8736       284.0901    
 1902   283.8632       284.1890       284.9515       286.0744       287.1942       287.8649       288.0044       287.6856       286.8745       285.8698       284.7883       284.0960    
 1903   283.8513       284.0755       284.7849       285.9243       286.9833       287.6661       287.8207       287.5341       286.6835       285.6882       284.6271       283.9328    
 1904   283.7610       284.0346       284.7948       285.9831       287.1009       287.7816       287.8575       287.6037       286.8044       285.8265       284.7894       284.0259    
 1905   283.8607       284.1021       284.8480       286.0071       287.1415       287.7964       287.9019       287.5739       286.8228       285.7564       284.7532       284.0731    
 1906   283.8620       284.0552       284.8262       285.9475       287.0392       287.7555       287.8898       287.5530       286.8004       285.7710       284.7482       284.0346    
 1907   283.8685       284.1175       284.8694       285.9875       287.1039       287.8239       287.9116       287.6312       286.8681       285.8500       284.8195       284.1546    
 1908   283.9363       284.2359       284.9647       286.1095       287.1674       287.9183       288.0532       287.7299       286.8815       285.8862       284.8605       284.1501    
 1909   283.9227       284.1528       284.9449       286.1212       287.2047       287.9222       288.0189       287.7159       286.8609       285.8551       284.8681       284.1744    
 1910   283.9320       284.1714       284.9520       286.0984       287.2341       287.8497       288.0194       287.7023       286.9060       285.8243       284.8429       284.1160    
 1911   283.9579       284.1939       284.9112       286.0665       287.1819       287.8889       288.0182       287.7518       286.8885       285.8553       284.8614       284.0920    
 1912   283.9228       284.2092       284.9635       286.0868       287.1927       287.8743       287.9483       287.6026       286.7991       285.7841       284.7948       284.0724    
 1913   283.9186       284.1546       284.8791       286.0090       287.0914       287.8127       287.9668       287.6339       286.8656       285.8322       284.8251       284.1099    
 1914   283.9739       284.1887       284.9246       286.0640       287.1807       287.9012       287.9726       287.6620       286.8434       285.8455       284.8201       284.1458    
 1915   283.9183       284.2130       285.0147       286.1315       287.2511       287.9315       288.0724       287.7601       286.8956       285.8924       284.8966       284.2059    
 1916   284.0262       284.2523       285.0027       286.1229       287.2250       287.9241       288.0921       287.7660       286.9247       285.8926       284.8707       284.1641    
 1917   283.9537       284.2071       284.9456       286.1031       287.2287       287.9218       288.0583       287.7409       286.9282       285.9114       284.8609       284.1327    
 1918   283.9429       284.2393       284.9430       286.0976       287.2089       287.9344       288.0657       287.8040       286.9769       285.9653       284.9203       284.1817    
 1919   284.0324       284.2628       285.0311       286.1895       287.2690       287.9815       288.1087       287.7862       286.9860       285.9399       284.9555       284.2207    
 1920   284.0411       284.2594       285.0412       286.1752       287.2836       287.9771       288.1048       287.8085       287.0261       285.9867       284.9724       284.2806    
 1921   284.0400       284.3650       285.0851       286.2368       287.3089       288.0316       288.1493       287.8060       287.0442       286.0254       285.0291       284.2482    
 1922   284.0910       284.2967       285.0550       286.2612       287.3570       288.0084       288.1205       287.8242       287.0146       285.9723       284.9255       284.2059    
 1923   284.0064       284.3049       285.0601       286.1371       287.2785       287.9669       288.1103       287.8037       287.0056       285.9567       284.9549       284.2668    
 1924   284.0257       284.2631       284.9784       286.1456       287.3041       287.9943       288.1321       287.8182       287.0386       285.9987       284.9609       284.2671    
 1925   284.0584       284.3688       285.0851       286.2263       287.3414       288.0296       288.1362       287.8569       287.0617       286.0591       285.0025       284.2693    
 1926   284.1082       284.3878       285.0614       286.2073       287.3256       288.0032       288.2305       287.8885       287.0322       286.0147       284.9741       284.3078    
 1927   284.0997       284.3609       285.0560       286.2109       287.3055       287.9655       288.1851       287.8619       287.1155       286.0983       285.0756       284.3557    
 1928   284.1417       284.3790       285.1178       286.2941       287.3655       288.0755       288.2442       287.9471       287.1528       286.0777       285.1000       284.3238    
 1929   284.1429       284.4168       285.1653       286.2225       287.3658       288.0475       288.2149       287.8503       287.0697       285.9914       284.9647       284.2133    
 1930   284.0114       284.2848       285.0253       286.2362       287.3103       288.0155       288.1537       287.8784       287.0851       286.0668       285.0297       284.2428    
 1931   284.0521       284.3250       285.0732       286.1910       287.3092       288.0161       288.1857       287.9117       287.0837       286.0910       285.1053       284.3493    
 1932   284.1356       284.4003       285.1163       286.2442       287.3453       288.0855       288.2158       287.9047       287.1309       286.1009       285.0552       284.3073    
 1933   284.0893       284.3299       285.0821       286.2399       287.3416       288.0228       288.1951       287.9148       287.1030       286.1125       285.0633       284.3720    
 1934   284.1489       284.3788       285.1380       286.2261       287.3044       288.0130       288.1891       287.8907       287.1073       286.0852       285.0618       284.3462    
 1935   284.0920       284.3940       285.0931       286.3101       287.3857       288.0613       288.2188       287.8980       287.1045       286.1279       285.1223       284.3163    
 1936   284.1452       284.4244       285.1959       286.2495       287.3991       288.1124       288.2918       287.9940       287.1690       286.1292       285.1034       284.3633    
 1937   284.1483       284.3484       285.1198       286.2911       287.4202       288.1149       288.2295       287.9723       287.1652       286.1332       285.0933       284.3733    
 1938   284.1738       284.4226       285.1441       286.3061       287.3946       288.1175       288.2549       287.9387       287.1681       286.1711       285.1229       284.4009    
 1939   284.2034       284.4292       285.1795       286.2979       287.4197       288.0944       288.2511       287.9454       287.1686       286.1490       285.1345       284.4426    
 1940   284.2527       284.4512       285.1786       286.2934       287.3463       288.0352       288.2460       287.9703       287.1126       286.1331       285.1403       284.3607    
 1941   284.2022       284.3854       285.1751       286.2986       287.4207       288.0955       288.2430       287.9698       287.1530       286.1562       285.1462       284.4016    
 1942   284.1892       284.4858       285.1850       286.2659       287.4281       288.0883       288.2478       287.9586       287.2027       286.1255       285.1291       284.4509    
 1943   284.2313       284.4674       285.2142       286.3170       287.3944       288.1220       288.2527       287.9632       287.1715       286.1421       285.1124       284.3686    
 1944   284.1956       284.4061       285.1374       286.2772       287.3613       288.0668       288.2369       287.9228       287.1309       286.1175       285.1396       284.3841    
 1945   284.1651       284.4168       285.2047       286.2838       287.4029       288.1176       288.2484       287.9572       287.1566       286.1636       285.1696       284.4045    
 1946   284.2060       284.3758       285.1777       286.3382       287.4453       288.1321       288.2617       287.9703       287.1689       286.1912       285.1855       284.4240    
 1947   284.2298       284.5026       285.1990       286.3454       287.4384       288.1325       288.2908       287.9605       287.1706       286.1532       285.0739       284.3712    
 1948   284.1248       284.3602       285.1033       286.2820       287.4409       288.1164       288.2600       287.9935       287.1713       286.1308       285.0991       284.3597    
 1949   284.2029       284.4146       285.1374       286.2770       287.4336       288.1492       288.2561       287.9601       287.1124       286.0729       285.0782       284.3841    
 1950   284.1285       284.4232       285.1624       286.2741       287.3980       288.0950       288.2408       287.9684       287.1348       286.0774       285.0728       284.3499    
 1951   284.1541       284.4091       285.1214       286.2432       287.4045       288.0772       288.2131       287.9583       287.1642       286.1473       285.0990       284.3854    
 1952   284.1197       284.3649       285.1597       286.2947       287.4515       288.1186       288.2616       287.9167       287.1717       286.1051       285.0435       284.3793    
 1953   284.2416       284.4559       285.1748       286.2971       287.4147       288.0738       288.2362       287.9940       287.1747       286.1549       285.1401       284.3609    
 1954   284.1827       284.4253       285.2107       286.3491       287.4545       288.0840       288.2525       287.9748       287.1562       286.1168       285.0878       284.3269    
 1955   284.1824       284.4069       285.1476       286.2784       287.3855       288.0724       288.2578       287.9238       287.1431       286.0881       285.0764       284.3541    
 1956   284.1635       284.4047       285.1682       286.3236       287.4037       288.1265       288.2366       287.9564       287.1435       286.1332       285.0898       284.3652    
 1957   284.1799       284.4573       285.1861       286.3077       287.3890       288.0519       288.2386       287.9575       287.1650       286.0993       285.0958       284.3748    
 1958   284.1725       284.4651       285.2072       286.2963       287.3864       288.1307       288.2595       287.9804       287.1887       286.1672       285.1059       284.4199    
 1959   284.2258       284.4832       285.2231       286.3805       287.4715       288.1222       288.2685       287.9701       287.1978       286.1522       285.1799       284.4804    
 1960   284.2459       284.4683       285.2343       286.3813       287.4616       288.0897       288.2780       287.9433       287.1333       286.1406       285.1331       284.3862    
 1961   284.1757       284.4305       285.1134       286.2588       287.3219       288.0294       288.1451       287.8635       287.0547       286.0117       284.9760       284.2681    
 1962   284.0282       284.3416       285.0441       286.2293       287.3223       287.9899       288.1479       287.7918       287.0346       286.0137       284.9605       284.2932    
 1963   284.1061       284.3449       285.0989       286.2236       287.2955       287.9949       288.1553       287.8275       287.0145       285.9455       284.8931       284.2350    
 1964   283.9826       284.2740       284.9929       286.1097       287.2461       287.9112       287.9803       287.7093       286.9293       285.8814       284.8563       284.1218    
 1965   284.0045       284.2270       284.9408       286.0622       287.1360       287.8170       287.9655       287.6574       286.8526       285.8083       284.7757       284.0772    
 1966   283.8792       284.1277       284.9130       286.0657       287.1312       287.8119       287.9697       287.6599       286.8674       285.8325       284.8488       284.1077    
 1967   283.9468       284.2270       284.9763       286.1427       287.2350       287.9371       288.0733       287.7663       286.9539       285.9365       284.9080       284.2056    
 1968   284.0174       284.2741       285.0128       286.1107       287.2256       287.9420       288.0252       287.6946       286.8954       285.8552       284.8400       284.0831    
 1969   283.8990       284.2444       284.9424       286.0686       287.1128       287.8750       287.9846       287.6381       286.8543       285.8122       284.8109       284.0883    
 1970   283.8840       284.1739       284.9586       286.1116       287.1849       287.8274       287.9905       287.6768       286.8617       285.8720       284.8786       284.1971    
 1971   283.9286       284.2279       284.9982       286.1636       287.2278       287.8792       288.0856       287.7434       286.9661       285.9389       284.9744       284.1898    
 1972   284.0291       284.3032       285.0168       286.1805       287.2946       287.9797       288.1417       287.7977       287.0303       285.9854       284.9464       284.2039    
 1973   283.9703       284.2779       285.0415       286.1816       287.2899       287.9606       288.1159       287.7978       286.9866       285.9777       284.9456       284.2366    
 1974   284.0576       284.2995       285.0449       286.2189       287.2930       287.9478       288.0845       287.7653       286.9536       285.9252       284.8911       284.1733    
 1975   283.9610       284.2352       285.0316       286.1805       287.2736       287.9291       288.0871       287.7672       286.9784       285.9975       284.8954       284.1747    
 1976   283.9998       284.3116       285.0692       286.2119       287.2803       287.9684       288.0843       287.8314       287.0248       286.0025       284.9826       284.3042    
 1977   284.0686       284.2939       285.0829       286.1606       287.2793       287.9531       288.1006       287.8252       286.9474       285.9192       284.8886       284.1992    
 1978   284.0224       284.3074       285.1106       286.2213       287.2952       287.9763       288.1310       287.8076       287.0171       285.9572       284.9417       284.2519    
 1979   284.0341       284.2888       285.0692       286.2217       287.3124       288.0168       288.1258       287.8384       287.0574       286.0656       285.1059       284.3693    
 1980   284.1885       284.4561       285.1446       286.3196       287.4466       288.1314       288.2653       287.9427       287.1282       286.0461       285.0510       284.3519    
 1981   284.1529       284.4171       285.1629       286.2969       287.4210       288.0970       288.1781       287.8951       287.1266       286.0765       285.0692       284.3502    
 1982   284.1763       284.4353       285.2047       286.3452       287.4269       288.0623       288.1642       287.8384       287.0368       286.0304       284.9833       284.2566    
 1983   284.0698       284.3649       285.0779       286.1406       287.2294       287.8934       288.0026       287.6942       286.9122       285.8905       284.8848       284.2123    
 1984   284.0291       284.2982       285.1035       286.2488       287.3271       287.9727       288.1161       287.8535       287.0703       286.0365       285.0476       284.3096    
 1985   284.1028       284.4306       285.1664       286.3616       287.3830       288.0666       288.1955       287.8741       287.0706       286.0372       285.0603       284.2781    
 1986   284.1384       284.3835       285.1400       286.2602       287.3599       288.0816       288.2353       287.8745       287.0768       286.0353       285.0351       284.3180    
 1987   284.0844       284.4216       285.1819       286.3140       287.4259       288.1242       288.2220       287.9753       287.1455       286.1513       285.1513       284.4735    
 1988   284.2657       284.5298       285.2761       286.3837       287.5203       288.1553       288.2986       288.0676       287.2125       286.2208       285.1570       284.4014    
 1989   284.2464       284.5103       285.3281       286.4338       287.5002       288.1754       288.3145       288.0410       287.2205       286.2205       285.2140       284.5032    
 1990   284.2876       284.5861       285.3477       286.4799       287.5549       288.1852       288.3461       288.0829       287.3052       286.3327       285.2654       284.5983    
 1991   284.3925       284.6451       285.3969       286.5129       287.5986       288.2498       288.3970       288.0812       287.2437       286.2014       285.1381       284.4137    
 1992   284.1551       284.4070       285.1440       286.2022       287.2440       287.9204       288.0241       287.7226       286.9484       285.9619       284.9915       284.2513    
 1993   284.0445       284.3175       285.0994       286.2596       287.3270       287.9750       288.1514       287.8903       287.0513       286.0247       285.0406       284.3144    
 1994   284.1390       284.3386       285.1153       286.2560       287.3322       288.0012       288.1653       287.8918       287.1058       286.1079       285.0789       284.3121    
 1995   284.1861       284.4206       285.1674       286.3239       287.4653       288.1318       288.2770       287.9801       287.2240       286.2515       285.1972       284.5294    
 1996   284.2787       284.4714       285.2929       286.4506       287.5786       288.1933       288.3806       288.0904       287.2988       286.2919       285.2645       284.5501    
 1997   284.3208       284.5770       285.3402       286.4586       287.5537       288.2415       288.3792       288.0765       287.3154       286.3077       285.2641       284.5358    
 1998   284.3211       284.5839       285.3161       286.4536       287.5649       288.2133       288.3354       288.0958       287.3307       286.2918       285.2132       284.5125    
 1999   284.3316       284.6079       285.3663       286.5104       287.6332       288.3369       288.4557       288.1852       287.4301       286.4833       285.5024       284.7434    
 2000   284.5274       284.7787       285.5824       286.6280       287.7207       288.3756       288.5789       288.2997       287.4851       286.4939       285.4787       284.7510    
 2001   284.5622       284.8195       285.5592       286.6464       287.7712       288.4389       288.5671       288.3054       287.5131       286.4933       285.4373       284.7360    
 2002   284.5439       284.7535       285.5468       286.6814       287.7633       288.4141       288.5849       288.3044       287.5014       286.4675       285.4484       284.7214    
 2003   284.5097       284.7946       285.5544       286.6470       287.7424       288.3839       288.5769       288.2713       287.4858       286.4692       285.4602       284.7273    
 2004   284.5520       284.7764       285.5627       286.6888       287.8001       288.4384       288.6170       288.3098       287.5695       286.6085       285.5618       284.8511    
 2005   284.6491       284.8841       285.6889       286.7894       287.8918       288.4793       288.6308       288.3130       287.6020       286.6358       285.6096       284.8050    
 2006   284.5859       284.8963       285.6698       286.7194       287.8138       288.4984       288.6171       288.3058       287.5837       286.6118       285.5795       284.8338    
 2007   284.5968       284.8798       285.6960       286.7706       287.9146       288.5460       288.6785       288.4272       287.6720       286.7015       285.6343       284.9325    
 2008   284.7161       284.9429       285.6951       286.8339       287.8937       288.5358       288.6934       288.4236       287.6304       286.5860       285.6039       284.8675    
 2009   284.6676       284.9042       285.6707       286.7885       287.8934       288.5092       288.6711       288.3587       287.6015       286.5475       285.5397       284.7868    
 2010   284.5999       284.9088       285.7005       286.7845       287.8401       288.5171       288.6740       288.3606       287.5700       286.5605       285.5459       284.8346    
 2011   284.6353       284.9976       285.7413       286.8660       287.9485       288.6239       288.7834       288.5073       287.6794       286.7082       285.7228       284.9225    
 2012   284.8044       285.0829       285.7840       286.8991       287.9726       288.6112       288.7838       288.5082       287.7649       286.7353       285.7612       284.9969    
 2013   284.7980       285.0326       285.7657       286.8870       287.9671       288.6169       288.8175       288.4983       287.7278       286.7308       285.6794       284.9626    
 2014   284.7810       285.0241       285.7594       286.9024       287.9930       288.6493       288.7847       288.5164       287.7311       286.7165       285.6795       284.9036    
 2015   284.6754       284.9420       285.7281       286.8942       287.9740       288.5830       288.7702       288.4804       287.7318       286.7230       285.6376       284.9167    
 2016   284.7573       284.9284       285.7259       286.8894       287.9663       288.6346       288.8151       288.5016       287.7030       286.7107       285.7014       285.0293    
 2017   284.7472       285.0561       285.7823       286.9178       288.0504       288.6785       288.8645       288.5975       287.8031       286.8083       285.8217       285.0460    
 2018   284.8446       285.0902       285.8427       286.9717       288.0509       288.6554       288.8434       288.5538       287.7572       286.7781       285.7571       285.0042    
 2019   284.7827       285.0418       285.8296       286.9441       288.0293       288.7226       288.8612       288.5908       287.7917       286.8183       285.7795       285.0410    
 2020   284.8495       285.0727       285.8526       286.9826       288.0807       288.7537       288.8998       288.5984       287.8455       286.7745       285.7988       284.9955    
 2021   284.7925       285.0666       285.8036       286.9586       288.0647       288.7260       288.9079       288.6395       287.8554       286.8632       285.8304       285.1185    
 2022   284.8671       285.1310       285.8731       287.0279       288.1194       288.7451       288.9510       288.6654       287.8655       286.8718       285.8362       285.0822    
 2023   284.9128       285.1433       285.8884       287.0439       288.1231       288.8153       288.9772       288.6856       287.9027       286.9004       285.8371       285.0911    
 2024   284.8639       285.1631       285.8611       287.0586       288.1902       288.8040       288.9770       288.7174       287.9390       286.8849       285.8611       285.1527    
 2025   284.9745       285.1758       285.9571       287.0736       288.2040       288.8201       288.9887       288.7253       287.9318       286.9657       285.9065       285.1495    
 2026   284.9217       285.2228       285.9804       287.0845       288.1606       288.8245       288.9905       288.7472       287.8961       286.9567       285.8996       285.1287    
 2027   284.9292       285.1884       285.9448       287.1105       288.1829       288.8392       288.9522       288.7245       287.9210       286.9441       285.8976       285.1620    
 2028   284.9710       285.2049       285.9193       287.0975       288.2125       288.8799       289.0209       288.7425       288.0054       287.0019       285.9266       285.1845    
 2029   285.0614       285.2310       286.0096       287.1112       288.2013       288.8602       289.0368       288.7621       287.9574       286.9649       285.9108       285.2042    
 2030   284.9813       285.2559       285.9937       287.1526       288.2751       288.9298       289.0780       288.7807       288.0168       286.9609       285.9406       285.2284    
 2031   284.9532       285.2651       286.0248       287.1953       288.3040       288.9191       289.1154       288.8188       287.9966       287.0730       285.9862       285.2430    
 2032   284.9738       285.3055       286.0812       287.1704       288.2604       288.9422       289.1255       288.8112       288.0455       287.1015       286.0798       285.2807    
 2033   285.0418       285.2638       286.0577       287.2109       288.3350       288.9874       289.1905       288.8890       288.1413       287.1692       286.0863       285.2427    
 2034   285.0083       285.3675       286.0914       287.2753       288.3505       289.0329       289.2101       288.9816       288.1501       287.0734       286.0663       285.3311    
 2035   285.1018       285.3738       286.0903       287.2375       288.3640       289.0316       289.2305       288.9576       288.1606       287.2010       286.1600       285.4482    
 2036   285.1625       285.3463       286.1541       287.2946       288.3496       289.0315       289.2095       288.9302       288.1120       287.1272       286.1013       285.3885    
 2037   285.1776       285.4186       286.1563       287.2855       288.3969       289.0460       289.2218       288.9738       288.1887       287.2088       286.1765       285.4343    
 2038   285.2382       285.4860       286.2269       287.3838       288.4684       289.1288       289.3175       289.0331       288.2548       287.2804       286.2441       285.4735    
 2039   285.2536       285.4683       286.2313       287.3849       288.4416       289.0860       289.2563       289.0096       288.2257       287.2422       286.1935       285.4639    
 2040   285.2349       285.5003       286.2549       287.3714       288.4415       289.0750       289.2766       288.9984       288.2376       287.1767       286.1551       285.4079    
 2041   285.2100       285.4789       286.1577       287.3169       288.4586       289.1226       289.3488       289.0901       288.3106       287.3297       286.2897       285.5724    
 2042   285.3730       285.6319       286.3574       287.4892       288.5722       289.1769       289.3437       289.0920       288.3151       287.3138       286.2743       285.4998    
 2043   285.2781       285.5136       286.2582       287.4185       288.5104       289.1158       289.3136       289.0518       288.2704       287.2895       286.2619       285.4544    
 2044   285.2299       285.4526       286.2260       287.3542       288.4438       289.1098       289.3463       289.0365       288.2794       287.3136       286.2989       285.6066    
 2045   285.3088       285.6034       286.3304       287.4698       288.6011       289.2690       289.4596       289.2069       288.4178       287.4013       286.3485       285.6352    
 2046   285.4440       285.7641       286.4771       287.5575       288.6685       289.3048       289.4810       289.2192       288.4690       287.4608       286.4427       285.7081    
 2047   285.4551       285.7242       286.4828       287.5750       288.6433       289.3148       289.5706       289.2535       288.4634       287.4773       286.4595       285.6715    
 2048   285.4837       285.7256       286.5151       287.5687       288.6476       289.3105       289.4996       289.2055       288.4468       287.4386       286.3624       285.5994    
 2049   285.3858       285.5953       286.3440       287.4917       288.6230       289.2786       289.4699       289.1763       288.4504       287.4800       286.4340       285.7125    
 2050   285.4576       285.7258       286.5078       287.6207       288.7296       289.3598       289.5728       289.3066       288.5208       287.5788       286.5311       285.7487    
 2051   285.5154       285.7738       286.5569       287.6760       288.7606       289.4193       289.6343       289.3524       288.5648       287.6059       286.5060       285.7339    
 2052   285.5153       285.7450       286.4455       287.6105       288.7109       289.3757       289.5639       289.2772       288.5002       287.4986       286.4501       285.7149    
 2053   285.5046       285.7381       286.4769       287.6174       288.6923       289.3638       289.5278       289.2920       288.4935       287.5175       286.5066       285.7246    
 2054   285.5954       285.7999       286.5365       287.6566       288.7678       289.4216       289.6266       289.3265       288.5497       287.5321       286.4749       285.6837    
 2055   285.4986       285.7276       286.5157       287.6575       288.7631       289.4195       289.6180       289.3338       288.5429       287.5504       286.5269       285.8319    
 2056   285.5717       285.8290       286.5452       287.6757       288.7859       289.4488       289.6463       289.3628       288.5783       287.6200       286.6031       285.8380    
 2057   285.6747       285.8896       286.6436       287.7540       288.8604       289.5365       289.7517       289.4712       288.6611       287.6790       286.6799       285.9322    
 2058   285.7214       285.9811       286.7055       287.7775       288.8940       289.5769       289.7671       289.5113       288.7066       287.7200       286.6884       285.8964    
 2059   285.7147       285.9058       286.6200       287.7199       288.8292       289.4944       289.7213       289.4306       288.6512       287.6660       286.6797       285.9193    
 2060   285.7225       285.9825       286.7115       287.8323       288.9037       289.5651       289.7520       289.4899       288.7414       287.7667       286.7588       285.9778    
 2061   285.7302       285.9678       286.7382       287.7833       288.8892       289.5594       289.7624       289.4980       288.7335       287.7231       286.6649       285.9318    
 2062   285.6294       285.8651       286.6109       287.7267       288.8351       289.5423       289.7411       289.4409       288.6766       287.6600       286.6129       285.8412    
 2063   285.6456       285.9677       286.7593       287.8441       288.9426       289.5905       289.8471       289.5529       288.7807       287.7715       286.7157       286.0140    
 2064   285.8219       286.0622       286.7574       287.8433       288.9927       289.6883       289.9025       289.6319       288.8654       287.8581       286.8534       286.0411    
 2065   285.7887       286.0648       286.7883       287.9441       288.9927       289.6751       289.8759       289.5594       288.8016       287.8277       286.7699       285.9875    
 2066   285.7422       286.0368       286.7346       287.8566       288.9974       289.6946       289.8622       289.6471       288.8653       287.9161       286.8505       286.0977    
 2067   285.9034       286.0982       286.8869       287.9777       289.1240       289.8048       289.9902       289.7230       288.9334       287.9648       286.9561       286.1887    
 2068   285.9424       286.2228       286.9102       288.0329       289.1747       289.8430       290.0145       289.7613       288.9965       288.0184       287.0284       286.2252    
 2069   286.0273       286.2894       287.0018       288.1266       289.2263       289.8901       290.1319       289.8016       289.0522       288.0858       287.0422       286.2675    
 2070   285.9936       286.2323       286.9583       288.0736       289.1753       289.8693       290.0482       289.8083       289.0205       288.0248       287.0103       286.2747    
 2071   285.9807       286.3292       286.9717       288.0614       289.1823       289.8649       290.0826       289.8160       289.0204       288.0659       287.0430       286.2333    
 2072   286.0674       286.3020       286.9935       288.0881       289.1836       289.8882       290.1337       289.8773       289.1009       288.1293       287.0974       286.3517    
 2073   286.0077       286.2841       287.0286       288.1765       289.2342       289.9124       290.1199       289.8466       289.0616       288.1213       287.0956       286.3108    
 2074   286.1040       286.3243       287.0152       288.1712       289.3003       289.9474       290.1792       289.9104       289.1666       288.1442       287.1967       286.4666    
 2075   286.1920       286.4526       287.1547       288.2782       289.4348       290.0351       290.2335       289.9372       289.1981       288.2289       287.2224       286.4102    
 2076   286.1452       286.3807       287.0791       288.1800       289.3255       290.0497       290.2409       290.0175       289.2347       288.2644       287.1998       286.4733    
 2077   286.2292       286.4925       287.2167       288.3175       289.4693       290.1286       290.3181       290.0772       289.2827       288.3087       287.2621       286.4769    
 2078   286.3043       286.5467       287.1973       288.2941       289.4529       290.0729       290.2709       289.9899       289.2402       288.2963       287.2723       286.5347    
 2079   286.3020       286.4946       287.2739       288.3409       289.4525       290.1179       290.4240       290.1240       289.3582       288.3727       287.4030       286.6422    
 2080   286.4602       286.6547       287.2885       288.3974       289.4859       290.1993       290.4599       290.1497       289.4550       288.4653       287.4601       286.6862    
 2081   286.4706       286.7061       287.4133       288.5271       289.6400       290.2627       290.5102       290.2406       289.4509       288.5037       287.5001       286.6606    
 2082   286.4600       286.7063       287.4085       288.5052       289.6352       290.2681       290.5019       290.2264       289.4578       288.4893       287.4863       286.7541    
 2083   286.5449       286.7093       287.3889       288.4688       289.6131       290.3079       290.5611       290.3301       289.5250       288.5994       287.5936       286.8887    
 2084   286.6009       286.8140       287.5421       288.6245       289.7312       290.3936       290.5861       290.3774       289.5883       288.6297       287.6613       286.9221    
 2085   286.6558       286.8430       287.5863       288.6765       289.7996       290.4433       290.6569       290.4088       289.6276       288.7126       287.7283       286.9976    
 2086   286.7012       286.9417       287.6390       288.7119       289.8420       290.4528       290.7080       290.4711       289.7248       288.7906       287.7831       286.9916    
 2087   286.8091       287.0065       287.6796       288.7464       289.8563       290.5012       290.7371       290.4665       289.7018       288.7606       287.7140       286.9323    
 2088   286.7078       286.9020       287.5646       288.6973       289.7735       290.4716       290.6852       290.4394       289.6711       288.6872       287.6879       286.9571    
 2089   286.7642       286.9490       287.6270       288.7074       289.8622       290.5230       290.7454       290.4756       289.6765       288.7636       287.8206       286.9965    
 2090   286.7723       286.9562       287.6839       288.7993       289.8994       290.5342       290.8157       290.5554       289.7786       288.8237       287.8347       287.0746    
 2091   286.7917       287.0416       287.7318       288.7839       289.8922       290.5308       290.7898       290.5088       289.7359       288.7745       287.8142       287.1006    
 2092   286.8210       287.0678       287.6995       288.8306       289.9231       290.5938       290.8333       290.5822       289.8197       288.8686       287.8666       287.0898    
 2093   286.9016       287.1075       287.8413       288.8775       289.9630       290.6503       290.8510       290.6423       289.7978       288.8738       287.8736       287.0741    
 2094   286.8633       287.0966       287.7526       288.8738       289.9705       290.5959       290.8474       290.5702       289.8145       288.8870       287.8685       287.0760    
 2095   286.8851       287.0657       287.7290       288.8748       289.9604       290.5853       290.7901       290.5728       289.8034       288.8823       287.8180       287.0825    
 2096   286.8701       287.1054       287.7899       288.8462       289.9413       290.6178       290.9022       290.5977       289.8449       288.8979       287.8948       287.1373    
 2097   286.8641       287.1028       287.8347       288.8719       289.9748       290.6360       290.8707       290.6413       289.8369       288.9017       287.9263       287.1754    
 2098   286.9622       287.1930       287.8443       288.9186       290.0260       290.7436       290.9469       290.7076       289.9252       288.9605       287.9888       287.2221    
 2099   286.9951       287.1951       287.8839       288.9559       290.0498       290.6954       290.9980       290.6717       289.9188       288.9383       287.8984       287.2295    
 2100   287.0002       287.1953       287.9157       289.0594       290.1568       290.8051       291.0836       290.8351       290.0611       289.1655       288.1316       287.4045    
