# <a href=http://cmip-pcmdi.llnl.gov/cmip5/>CMIP5</a> global mean temperature computed at <a href=http://www.knmi.nl/selectfield_cmip5.cgi?someone@somewhere>KNMI Climate Explorer</a> tas_Amon_CanESM2_rcp45_r2i1p1
# tas [K] from CanESM2 model output prepared for CMIP5 RCP4.5 r2i1p1
# cutting out region lon=   -1.406  358.594, lat=  -89.247   89.247
 1850   285.1238       285.4150       286.0162       286.9144       287.8680       288.7195       288.9582       288.5612       287.8680       286.7719       285.7231       284.9101    
 1851   284.5510       284.9821       285.7279       286.7137       287.7699       288.3810       288.8837       288.4538       287.4612       286.6764       285.7099       285.1066    
 1852   284.7215       285.0642       285.7110       286.8495       287.7905       288.5396       288.9812       288.7000       287.7209       286.7432       285.8438       285.0581    
 1853   284.9475       285.1584       285.8351       286.9602       287.9110       288.5916       288.9991       288.6676       287.8293       287.0008       285.9857       285.2940    
 1854   285.0823       285.0393       285.8206       286.9283       287.8420       288.5076       288.9807       288.5696       287.6732       286.6878       285.8725       285.1238    
 1855   284.9608       285.2121       285.9483       286.8447       288.0560       288.7584       289.1808       288.8239       288.0076       286.8788       285.9227       285.1688    
 1856   284.7715       284.9784       285.9561       286.8616       287.6135       288.3726       288.8159       288.6367       287.6650       286.6035       285.4760       284.6132    
 1857   284.2965       284.7460       285.6403       286.5748       287.5464       288.2757       288.6311       288.4939       287.6536       286.4529       285.5428       285.0273    
 1858   284.7027       284.8869       285.8234       286.7566       287.7592       288.3362       288.6308       288.4362       287.7141       286.8608       285.7568       284.8297    
 1859   284.6297       285.0724       285.5997       286.9100       287.8045       288.5650       288.8457       288.5504       287.7917       286.7699       285.6954       285.0416    
 1860   284.8785       285.0799       285.8286       286.9944       287.6417       288.3779       288.7484       288.4930       287.6474       286.7021       285.8262       285.0402    
 1861   284.9165       284.8872       285.5337       286.6647       287.6540       288.3054       288.8248       288.4423       287.6970       286.8394       285.9430       285.1162    
 1862   284.8871       284.9844       285.9114       286.9133       287.8212       288.5561       288.9065       288.7236       287.8105       286.8470       285.9245       285.2751    
 1863   284.8181       285.3451       285.9385       286.9465       287.7344       288.5000       288.9515       288.7756       287.6715       286.7433       285.8194       285.1913    
 1864   284.7991       284.9025       285.4952       286.6253       287.6029       288.4480       288.7994       288.4363       287.7390       286.6153       285.6916       284.8717    
 1865   284.5826       285.0690       285.8263       286.7996       287.8689       288.5890       288.8778       288.6690       287.7249       286.8217       285.9193       285.1890    
 1866   284.8193       285.0958       285.7977       286.7617       287.7592       288.5064       288.8398       288.6203       287.7278       286.7594       285.8645       285.0671    
 1867   284.8920       284.9402       285.7700       286.7007       287.6680       288.3074       288.6958       288.5382       287.7845       286.7466       285.7988       285.0273    
 1868   284.8540       285.1100       285.8857       286.8410       287.7549       288.6469       288.8809       288.7331       287.8561       286.7318       285.8005       285.1763    
 1869   285.1081       285.5233       285.8754       286.9475       287.9021       288.7229       288.9924       288.7123       287.8988       286.9886       286.2114       285.4933    
 1870   285.3875       285.2408       285.9973       287.0591       288.1260       288.7299       289.0148       288.7306       287.8182       286.8139       285.7671       285.3973    
 1871   285.1895       285.1234       285.8272       286.9509       287.8189       288.6321       288.9618       288.6404       287.8742       286.5636       285.5523       284.9034    
 1872   284.6365       284.8371       285.6442       286.6143       287.7227       288.4832       289.0072       288.7060       287.7423       286.9136       285.8905       285.0369    
 1873   284.9164       285.2659       285.8410       287.0291       287.8183       288.5138       288.8786       288.6277       287.9284       286.9097       286.3275       285.5219    
 1874   285.1227       285.5712       286.3142       287.2360       288.0779       288.7069       289.1700       288.9331       287.9837       287.1478       286.0598       285.2565    
 1875   284.8307       285.1899       285.7251       286.8048       287.9418       288.5012       288.9619       288.7713       287.7216       286.7815       285.7738       285.0861    
 1876   285.2102       285.5163       286.0334       286.9712       287.8712       288.8609       289.0686       289.0086       288.0879       287.2308       286.2470       285.4214    
 1877   285.3637       285.3204       286.2647       287.1912       288.0045       288.6867       288.9367       288.7292       287.9622       286.8476       285.7372       285.1913    
 1878   284.7689       285.2221       285.9610       286.9157       287.7380       288.4533       288.9138       288.6890       287.8875       286.9492       285.8203       285.2854    
 1879   284.9138       285.1071       285.8807       286.8827       287.9240       288.6993       288.9840       288.5938       287.7235       286.6626       285.9552       284.9780    
 1880   284.7686       285.0669       285.7681       286.8372       287.8272       288.5159       288.8985       288.6316       287.8366       286.9422       285.8649       285.2634    
 1881   285.0734       285.4219       286.0924       287.0467       288.0212       288.6836       289.0464       288.9482       287.9053       286.8120       285.8712       285.1753    
 1882   285.0021       285.1932       286.1387       286.9548       287.8166       288.6610       288.8875       288.6867       287.9021       286.8459       285.9196       285.2202    
 1883   284.8698       285.2634       285.7674       286.6315       287.7220       288.5523       289.0476       288.5197       287.8760       286.8181       285.7797       284.9550    
 1884   284.5522       284.9131       285.5792       286.6642       287.5576       288.4768       288.7443       288.3939       287.5709       286.6164       285.6104       285.0292    
 1885   284.9800       285.1872       285.7738       286.7315       287.6422       288.4600       288.7189       288.3055       287.2272       286.3051       285.2210       284.5612    
 1886   284.2909       284.4091       285.3302       286.4876       287.6185       288.2307       288.6756       288.2012       287.3600       286.4849       285.6116       285.0277    
 1887   284.7381       284.8344       285.6944       286.8289       287.7795       288.4696       288.7632       288.4364       287.6074       286.6360       285.6883       284.7176    
 1888   284.7805       284.8998       285.6654       286.8116       287.6013       288.4259       288.8234       288.5752       287.7074       286.6288       285.7168       285.1865    
 1889   284.6672       285.2635       286.1659       286.8579       287.9017       288.5922       288.8603       288.6506       287.7823       286.7588       285.8763       285.2051    
 1890   284.9019       285.0079       285.8793       286.7730       287.6797       288.3601       288.8015       288.2641       287.4889       286.7270       285.6501       284.7502    
 1891   284.4809       284.8575       285.4240       286.4222       287.5191       288.1751       288.4976       288.3613       287.4020       286.4920       285.5678       284.7517    
 1892   284.4967       284.7172       285.5432       286.5728       287.6503       288.2693       288.5762       288.4477       287.5097       286.5648       285.5306       285.0790    
 1893   284.8793       285.0251       285.8250       287.0102       287.7839       288.6690       288.9108       288.6903       287.8420       286.8404       286.0904       285.3586    
 1894   285.2171       285.2683       285.9360       286.8353       287.7494       288.4464       288.8423       288.5919       287.8322       286.6615       285.6825       284.7193    
 1895   284.5634       284.6443       285.7257       286.7340       287.5413       288.4974       288.8394       288.4182       287.7574       286.6927       285.7601       285.1357    
 1896   284.8215       285.0447       285.4925       286.6641       287.8832       288.5348       288.7987       288.5244       287.4722       286.8554       285.7102       284.8820    
 1897   284.7518       285.0768       285.6850       286.6400       287.7085       288.3444       288.6889       288.4261       287.5564       286.7148       285.7914       285.1117    
 1898   284.9301       285.4575       286.2092       287.1050       287.9181       288.7096       289.0374       288.7761       287.9122       286.9097       286.0727       285.2591    
 1899   284.9257       285.3597       285.9240       286.7607       287.8508       288.4949       288.8320       288.4675       287.5195       286.5680       285.5595       284.8440    
 1900   284.7386       284.7458       285.6328       286.5316       287.6868       288.3622       288.5851       288.3421       287.5912       286.8423       285.9005       285.0397    
 1901   284.8864       284.8216       285.7479       286.6721       287.7677       288.4824       288.9088       288.6229       287.6756       286.8533       285.6893       285.3220    
 1902   284.8910       285.1604       285.8944       286.9059       287.8469       288.4881       288.9758       288.5167       287.8037       286.7903       285.8698       284.9302    
 1903   284.8001       284.9588       285.7361       286.5774       287.5799       288.2690       288.5670       288.4046       287.4194       286.6251       285.7732       285.1923    
 1904   284.9056       285.4020       285.8985       286.8166       287.7787       288.4890       288.8272       288.5072       287.6714       286.6609       285.7310       285.1167    
 1905   284.7015       284.8732       285.6540       286.8772       287.7546       288.4595       288.8440       288.5179       287.7462       286.8165       285.9352       285.3306    
 1906   284.8115       285.0682       285.8958       286.8225       287.7586       288.4912       288.7051       288.5922       287.5226       286.4906       285.6830       284.8741    
 1907   284.8644       285.2230       285.7884       286.9336       287.8558       288.7467       288.9395       288.7513       287.8543       287.0119       286.1864       285.4792    
 1908   285.1049       285.3073       286.0223       286.9631       287.8751       288.6876       288.8253       288.5993       287.6982       286.6767       285.7061       284.8090    
 1909   284.4516       284.7611       285.3745       286.5229       287.6116       288.3044       288.6982       288.4615       287.4149       286.6326       285.7372       284.9500    
 1910   284.5216       285.1164       286.0161       286.7517       287.8077       288.4255       288.9169       288.6304       287.8269       286.8423       286.0414       285.4406    
 1911   285.0763       285.2163       286.0566       287.1981       287.9218       288.7169       289.0276       288.8059       287.7971       287.0294       286.1144       285.3098    
 1912   285.2066       285.0989       286.1363       286.9680       287.9744       288.6982       288.9753       288.5918       287.7068       286.7226       285.9419       285.3070    
 1913   285.0360       285.2542       286.0168       287.0103       288.0354       288.7713       289.0153       288.6547       288.0980       286.8752       285.9162       285.2968    
 1914   284.8702       285.1056       285.9396       286.9567       287.9139       288.6189       288.8994       288.5920       287.6377       286.5924       285.9253       285.2457    
 1915   284.8493       285.1328       285.6497       286.7973       287.7592       288.5261       289.0115       288.7556       287.8465       286.7737       285.9408       285.2131    
 1916   284.8000       285.1772       285.9381       286.8321       287.9708       288.7098       289.0226       288.6080       287.8408       286.8526       285.6764       285.1336    
 1917   284.8286       284.9460       285.7262       286.6011       287.7636       288.6369       288.9992       288.8401       287.7955       286.9240       285.8325       284.9936    
 1918   285.1640       285.4079       285.9032       287.0342       288.0449       288.6479       288.9724       288.8492       287.8760       287.2289       286.1744       285.4393    
 1919   285.0742       285.3871       286.0121       287.1389       288.0580       288.8402       289.3487       288.9001       287.9299       286.9435       285.8908       285.1942    
 1920   285.0090       285.6010       286.2440       287.0374       287.9016       288.6075       288.9215       288.8108       287.8498       286.9257       285.9926       285.2605    
 1921   285.0526       285.1449       285.8703       286.9677       287.9075       288.6852       289.2068       288.8564       287.8256       286.9869       286.1259       285.4208    
 1922   285.2532       285.3777       286.0921       287.1382       287.9974       288.8059       289.2218       288.9823       288.0952       287.1877       286.1785       285.7654    
 1923   285.5074       285.6295       286.5865       287.4315       288.3193       289.1322       289.3130       288.9942       288.0590       286.9977       286.0047       285.2450    
 1924   285.1856       285.2656       286.0594       286.9966       287.7427       288.5566       288.7985       288.7283       287.7399       286.8215       285.7420       285.0157    
 1925   284.6489       284.8589       285.7198       286.6319       287.8441       288.5673       288.8874       288.6620       287.6649       286.6364       285.7678       285.1860    
 1926   285.2818       285.1756       285.9218       287.1577       288.1330       288.9908       289.2627       289.0242       288.0229       287.0511       286.1563       285.5049    
 1927   285.4930       285.3209       286.0255       287.0007       287.9694       288.8436       289.0015       288.7814       287.8374       286.8877       286.0572       285.0307    
 1928   285.0314       285.1221       285.6374       286.6098       287.7290       288.6272       288.8142       288.6665       287.7464       286.9942       285.6955       285.2218    
 1929   284.7185       285.2424       285.7923       286.9726       287.6998       288.5270       288.8676       288.6067       287.6455       286.7430       285.8716       284.9171    
 1930   284.8848       285.0627       285.9228       286.8253       287.8336       288.6432       288.8360       288.7704       287.7313       286.8581       285.7849       285.0543    
 1931   284.8317       285.1243       286.1395       286.9227       287.7934       288.6496       289.0391       288.6873       287.9762       286.8701       285.9393       285.4840    
 1932   284.9458       285.2998       285.9724       287.0384       287.9704       288.7500       289.0358       288.7521       287.7784       286.8671       285.8294       285.1979    
 1933   285.2630       285.1853       285.7582       286.9217       287.9067       288.6752       289.0382       288.8902       288.0703       286.9287       285.9007       285.0929    
 1934   284.7702       285.1905       285.8645       286.9468       287.8954       288.7220       289.0169       288.6878       287.9938       286.7673       285.9340       285.2167    
 1935   285.1696       285.1853       285.9290       287.0629       287.9311       288.8140       289.0223       288.6612       287.8749       286.9710       285.9413       285.3722    
 1936   285.0411       285.3130       286.1997       287.0051       287.9646       288.7038       289.1150       288.8395       287.9834       287.0909       286.0166       285.4171    
 1937   285.1718       285.3296       286.0283       287.2418       288.2449       288.8803       289.0180       288.8325       287.9463       287.1815       286.2331       285.3210    
 1938   284.9950       285.4254       286.0517       287.0892       287.9407       288.6064       289.0357       288.9141       287.9815       287.1336       286.0883       285.3993    
 1939   285.4628       285.3146       286.2917       287.3029       288.1451       288.9567       289.1400       288.9870       288.0668       287.0871       286.3341       285.4181    
 1940   285.2547       285.4105       285.9855       287.1329       288.1792       288.9350       289.1716       288.8854       288.1010       287.0508       286.1476       285.4461    
 1941   285.2428       285.5629       286.1361       287.0208       288.0707       288.8334       289.2030       288.8551       288.0488       287.0798       286.0383       285.2351    
 1942   284.9517       285.2833       285.8751       286.9225       288.0416       288.7139       289.1883       288.8834       288.1558       287.0994       286.3181       285.7309    
 1943   285.7293       285.8698       286.5424       287.4263       288.4785       289.1431       289.4225       289.0890       288.0821       287.1892       286.3030       285.4160    
 1944   285.2165       285.2932       285.9937       287.0078       288.0117       288.6486       289.0973       288.7717       287.9076       286.9052       286.0812       285.3636    
 1945   285.0872       285.1183       285.9778       287.0841       287.9644       288.6806       289.0442       288.7579       287.8779       287.1214       286.0636       285.2044    
 1946   284.9399       285.2342       285.9970       287.0607       288.0193       288.7748       288.9593       288.8416       288.0948       287.0538       286.3490       285.5000    
 1947   285.2917       285.3722       286.0555       287.1160       288.0880       288.8208       288.9766       288.8999       288.2004       287.1092       286.1191       285.4653    
 1948   285.2415       285.2967       286.0051       287.0442       288.0105       288.8372       288.9718       288.7225       287.8145       286.8015       285.9702       285.1185    
 1949   284.9300       285.2402       286.0900       287.0217       288.0076       288.7698       289.2307       288.9465       288.0580       287.0958       286.3315       285.6326    
 1950   285.3588       285.4221       286.2101       287.2003       288.2002       288.9345       289.3117       288.9614       288.0118       286.9464       286.1489       285.2672    
 1951   285.0982       285.1994       286.2076       287.2213       288.2036       288.9499       289.3927       288.9890       288.0891       287.1884       286.2203       285.4845    
 1952   285.1779       285.2358       286.1273       287.0197       287.9617       288.6012       289.0595       288.7458       287.8842       286.9816       286.2105       285.0955    
 1953   285.0699       285.3940       286.0589       287.0630       288.0301       288.7827       289.1367       288.9174       288.0547       286.9015       285.8649       285.3398    
 1954   285.1363       285.3022       285.9920       287.0320       287.9137       288.8090       289.2657       288.9205       287.9187       286.9421       285.8345       285.2822    
 1955   285.1678       285.3201       286.2827       287.0985       288.1835       288.9598       289.3000       288.8020       288.1135       286.9446       285.9810       285.3036    
 1956   284.9430       284.9924       285.8670       287.0004       287.8658       288.8074       289.0108       288.6976       287.9593       286.8230       285.8855       285.3772    
 1957   285.1220       285.3759       286.0223       287.0503       287.9500       288.7616       289.2136       288.8215       288.0598       287.2661       286.1574       285.0542    
 1958   284.9746       285.1819       286.1858       287.1405       288.1324       288.8048       289.2619       288.7298       288.1226       287.1595       286.1596       285.1280    
 1959   285.2757       285.3925       286.1285       287.1780       288.1447       288.8192       289.1102       288.9351       288.0200       287.1743       286.0795       285.3556    
 1960   285.0219       285.4619       286.0529       287.2062       288.3055       289.1636       289.2161       289.0620       288.1783       287.4282       286.4534       285.5715    
 1961   285.3327       285.7007       286.3771       287.2927       288.1786       288.9707       289.2581       288.7959       288.0297       287.1241       286.2057       285.3244    
 1962   285.0981       285.3157       285.9268       286.9022       287.7654       288.5732       289.0214       288.6724       287.7577       286.7343       285.8277       284.9447    
 1963   284.7225       285.1570       285.8687       286.7584       287.7375       288.6638       289.0911       288.8366       287.9022       287.0641       286.0116       285.3241    
 1964   285.2420       285.5219       286.3587       287.1078       288.1141       288.7091       289.1203       288.7448       287.8975       286.8477       285.8656       284.9594    
 1965   284.6714       284.9732       285.6746       286.6501       287.6423       288.4985       288.7375       288.4510       287.5600       286.7604       285.6659       284.8314    
 1966   284.7152       284.7877       285.8050       286.7470       287.7106       288.3991       288.7463       288.3627       287.7726       286.7794       285.8239       285.0033    
 1967   284.8508       285.2836       285.7497       286.7334       287.6712       288.4959       288.8806       288.5992       287.7350       286.8058       285.8077       285.2362    
 1968   284.9881       285.2811       285.8800       286.8481       287.7954       288.5619       288.8488       288.5251       287.6214       286.5100       285.8258       284.9734    
 1969   284.5877       285.0421       285.5602       286.7548       287.6934       288.3591       288.6173       288.3042       287.6163       286.5188       285.5481       284.9223    
 1970   284.6783       284.8509       285.6633       286.7549       287.8187       288.5468       289.0033       288.6320       287.8597       286.7576       285.8496       285.1845    
 1971   284.9626       285.3971       286.0615       287.0853       288.0289       288.6882       288.9894       288.6894       287.7962       286.7770       285.7218       284.7716    
 1972   284.6433       284.9391       285.6294       286.8616       287.8263       288.7577       288.8817       288.7657       287.7121       286.8290       285.9185       285.0708    
 1973   285.1482       285.3919       286.0447       287.0435       288.0189       288.8784       289.3117       288.8485       287.9661       286.9241       285.9861       285.4020    
 1974   284.9663       285.1382       286.0248       286.8165       288.0032       288.7700       288.9838       288.7468       287.9010       286.9978       285.8891       285.2550    
 1975   284.9578       285.1943       285.9352       286.9758       287.9020       288.5526       288.8118       288.6546       287.8322       286.8303       285.9674       285.3131    
 1976   285.1436       285.3509       286.0448       287.1905       288.0794       288.9312       289.0716       288.7779       288.0106       286.8960       286.0196       285.5136    
 1977   285.3559       285.2601       285.9790       287.0785       288.0324       288.6155       289.0399       288.6817       287.7641       287.0179       285.9232       285.3754    
 1978   285.3199       285.6715       286.2280       286.9999       287.9075       288.6115       289.0399       288.8747       288.0020       287.0139       285.7969       285.1742    
 1979   285.2246       285.2204       285.9568       286.9843       288.0054       288.7532       289.1087       288.7794       288.0016       287.1823       286.0700       285.3202    
 1980   285.2821       285.5677       286.3596       287.2946       288.0664       288.9980       289.2435       289.0332       288.1081       287.2971       286.5096       285.7426    
 1981   285.6228       285.9004       286.5860       287.5930       288.4598       289.1151       289.3494       289.0468       288.2239       287.1347       286.3839       285.6519    
 1982   285.2305       285.2844       286.2024       287.1628       288.1566       288.9067       289.1719       288.8372       287.8739       286.9208       285.9520       285.2592    
 1983   285.0866       285.3310       286.0025       287.0154       288.0197       288.6608       289.1279       288.7678       288.0089       287.0320       286.0105       285.3317    
 1984   285.2890       285.6176       286.2790       287.1035       288.2150       288.7940       289.0128       288.8376       287.9119       287.0655       286.0463       285.3547    
 1985   285.0668       285.4127       286.0174       286.9625       288.1607       288.9788       289.3473       288.9761       288.1551       287.3607       286.3634       285.5188    
 1986   285.4250       285.7568       286.3366       287.3619       288.4410       289.1667       289.6029       289.1637       288.3721       287.3340       286.3499       285.9259    
 1987   285.5117       285.9937       286.4073       287.5696       288.4231       289.0736       289.5007       289.1903       288.4070       287.2053       286.3508       285.5467    
 1988   285.3465       285.5918       286.1716       287.5582       288.5654       289.4620       289.7325       289.2602       288.5557       287.3726       286.8018       285.6924    
 1989   285.6366       285.8710       286.4887       287.4447       288.3546       289.0049       289.4290       289.1665       288.2902       287.3342       286.5095       285.6508    
 1990   285.2708       285.7361       286.3064       287.3846       288.3369       289.0437       289.3991       289.1973       288.3525       287.4030       286.4905       285.8247    
 1991   285.7060       286.0172       286.9509       287.8436       288.6888       289.3404       289.6733       289.4486       288.3651       287.4363       286.4034       285.7270    
 1992   285.3583       285.7488       286.2834       287.2719       288.1749       288.9087       289.3493       288.9433       288.1304       287.3379       286.3758       285.5604    
 1993   285.3257       285.8241       286.3610       287.4199       288.3409       289.0856       289.3132       288.9613       288.1276       287.0080       286.2148       285.3359    
 1994   285.1387       285.3574       286.0128       287.2525       288.1988       288.8795       289.1420       288.8760       288.0962       287.2328       286.2805       285.4603    
 1995   285.4659       285.6548       286.4131       287.5439       288.3776       289.2743       289.5746       289.1558       288.4181       287.5021       286.6721       286.0659    
 1996   285.7027       285.7308       286.3869       287.3991       288.6108       289.4699       289.7521       289.3688       288.4535       287.3705       286.3651       285.6497    
 1997   285.3307       285.7820       286.3109       287.5315       288.3379       289.2843       289.6736       289.3826       288.4772       287.5250       286.6094       285.7857    
 1998   285.8004       286.0266       286.7554       287.6873       288.6654       289.6162       289.8882       289.6128       288.6843       287.7129       286.7635       286.1040    
 1999   285.7415       285.9750       286.6177       287.6285       288.6836       289.5332       289.8872       289.6519       288.7712       287.8221       286.8880       286.1817    
 2000   285.7174       285.9111       286.6389       287.8198       288.8051       289.3740       289.8964       289.6340       288.6698       287.8004       286.7473       286.0314    
 2001   285.6898       286.1133       286.7815       287.5837       288.6458       289.3976       289.8141       289.5090       288.5245       287.7006       286.4735       285.8018    
 2002   285.6064       285.8864       286.4086       287.5944       288.5867       289.3508       289.7870       289.5074       288.6604       287.6552       286.8183       286.1299    
 2003   285.9566       286.2565       286.9357       287.9372       288.7991       289.6534       290.1193       289.8191       288.8611       287.8617       286.9043       286.2733    
 2004   285.9666       286.3743       286.7799       287.7913       288.8531       289.7654       290.2055       289.8683       288.9972       287.9503       286.9464       286.4226    
 2005   286.0286       286.2831       286.9456       287.9465       288.9451       289.8278       290.1281       289.8688       289.0360       287.9575       287.0236       286.1343    
 2006   285.9964       286.1835       286.9730       287.8817       289.1277       289.9002       290.1718       289.8691       288.9940       288.1902       287.3659       286.5769    
 2007   286.1519       286.4492       287.4728       288.2503       289.2193       289.9760       290.2661       289.9632       289.0583       288.2356       287.2524       286.5011    
 2008   286.2118       286.5635       287.1351       288.1070       289.0690       290.0122       290.4428       290.0771       289.0362       288.2358       287.2080       286.3507    
 2009   286.4243       286.5327       287.0159       287.9952       288.9693       289.7021       290.3564       290.0531       289.0393       288.0643       287.0287       286.3844    
 2010   286.2669       286.4544       287.1109       288.1427       288.9460       289.8325       290.1707       289.9265       289.1420       288.1250       287.2257       286.6435    
 2011   286.2968       286.5256       287.0820       288.0132       288.8940       289.7953       289.9913       289.7241       288.9046       288.0891       287.1833       286.1659    
 2012   286.0620       286.3422       287.1514       288.1294       289.0531       289.8736       290.1891       289.9218       289.1822       288.2359       287.1913       286.4763    
 2013   286.2329       286.6270       287.1483       287.9811       289.0013       289.9507       290.3326       289.8938       288.9676       288.0153       287.1555       286.3959    
 2014   286.0494       286.2052       286.8330       287.8406       288.8461       289.5491       290.0349       289.8050       289.0580       287.9887       287.1228       286.5553    
 2015   286.2742       286.4256       287.2158       288.2165       289.2098       290.0124       290.4602       290.1437       289.1421       288.1553       287.2766       286.6436    
 2016   286.4959       286.6898       287.2445       288.2137       289.1410       290.0505       290.4117       290.0389       289.2936       288.3127       287.3309       286.5808    
 2017   286.4493       286.6882       287.1158       288.1374       289.2546       290.1225       290.4812       290.0910       289.4013       288.4197       287.5740       286.9386    
 2018   286.7755       286.9719       287.6720       288.3999       289.4313       290.1808       290.3913       290.0475       289.2260       288.3699       287.4863       286.6732    
 2019   286.3622       286.8765       287.2733       288.4257       289.4055       290.0747       290.3952       290.3048       289.3554       288.3535       287.4615       286.7047    
 2020   286.2503       286.6290       287.2973       288.2511       289.1536       289.9840       290.3904       290.0961       289.2365       288.2190       287.3136       286.4246    
 2021   286.2516       286.2283       287.0533       288.1349       289.2228       289.9141       290.3297       290.1329       289.4947       288.5457       287.5621       287.0746    
 2022   286.9142       286.9767       287.7800       288.7075       289.5942       290.4147       290.8601       290.4445       289.4532       288.4392       287.6531       286.8143    
 2023   286.4631       286.8313       287.4648       288.5221       289.4853       290.2452       290.5486       290.5371       289.8079       288.6294       287.8586       286.8486    
 2024   286.5578       286.9242       287.4064       288.3755       289.5330       290.2151       290.6581       290.4973       289.4490       288.4182       287.5554       286.8354    
 2025   286.5249       286.5411       287.5427       288.4150       289.3734       290.1353       290.5654       290.1483       289.5309       288.4339       287.6061       286.9330    
 2026   286.6197       286.8136       287.2341       288.4398       289.4571       290.3934       290.8757       290.5897       289.6201       288.7481       287.9158       287.1682    
 2027   286.8826       287.0172       287.7067       288.6281       289.7261       290.5948       290.9058       290.6003       289.7695       288.7424       287.9176       287.3108    
 2028   286.9531       287.1652       287.6862       288.8132       289.7998       290.4099       290.8523       290.4774       289.6204       288.6674       288.0308       287.0385    
 2029   286.6978       286.8349       287.6144       288.6110       289.6340       290.3559       290.7981       290.6053       289.5198       288.6515       287.8759       287.1248    
 2030   286.9196       286.9929       287.7169       288.5945       289.5926       290.3698       290.7763       290.5666       289.5448       288.7440       287.9938       287.2519    
 2031   286.6960       286.7017       287.5572       288.6454       289.5791       290.3383       290.7728       290.4420       289.6039       288.5948       287.5503       286.7016    
 2032   286.4116       286.7750       287.6697       288.5864       289.3470       290.2272       290.7072       290.4881       289.7547       288.7550       287.8519       287.1451    
 2033   286.5602       286.8294       287.5003       288.5958       289.5252       290.2664       290.6373       290.6032       289.6707       288.6880       287.6166       286.8997    
 2034   286.5826       286.9183       287.5766       288.4875       289.5197       290.4790       290.8094       290.6967       289.7679       288.9245       288.0489       287.2262    
 2035   286.9120       287.2280       287.7372       288.9164       289.7461       290.5662       290.9662       290.7087       289.7859       288.8643       287.9443       287.2007    
 2036   286.9442       287.1827       287.8205       288.9757       289.8349       290.6608       290.9830       290.8300       289.8061       288.8725       288.0451       287.1158    
 2037   286.8075       287.1890       287.7951       288.7419       289.7394       290.5369       290.9622       290.8004       289.8000       288.9239       288.0998       287.2253    
 2038   287.0345       287.3495       287.9503       289.0273       289.9758       290.7945       291.0145       290.5615       289.8632       288.8651       288.0423       287.2937    
 2039   287.0727       287.0170       287.6510       288.8330       289.8224       290.7582       291.0725       290.6690       290.0103       289.0426       288.0679       287.2301    
 2040   286.8651       287.1327       288.0084       288.9205       289.8936       290.6737       291.0126       291.0388       290.0426       289.1243       288.3296       287.4743    
 2041   287.2843       287.6558       287.9837       289.2202       290.0870       290.9171       291.3911       291.0807       290.3168       289.3722       288.6901       288.1035    
 2042   287.7922       287.8240       288.3846       289.3575       290.2252       290.9313       291.4692       291.1050       290.1314       289.0657       288.3420       287.6799    
 2043   287.4577       287.6481       288.2945       289.2982       290.1520       290.9450       291.3403       291.1290       290.3160       289.2148       288.6561       287.8578    
 2044   287.6725       287.7218       288.1356       289.2806       290.1998       291.0390       291.5209       291.3583       290.4046       289.5802       288.7441       288.1536    
 2045   287.8186       287.7151       288.3910       289.4433       290.3148       291.1263       291.3942       291.2096       290.3106       289.2334       288.3384       287.7866    
 2046   287.4719       287.6195       288.1791       289.2300       290.3516       290.9015       291.3442       291.0616       290.0830       289.1130       288.2879       287.4520    
 2047   287.2877       287.5947       288.2311       289.1238       290.1007       290.9091       291.3604       291.1757       290.4103       289.3059       288.5131       287.7460    
 2048   287.4864       287.8090       288.3683       289.2684       290.1123       290.9916       291.3743       291.1978       290.1527       289.3047       288.4613       287.6075    
 2049   287.4101       287.7165       288.2735       289.2601       290.1492       290.8623       291.5154       291.2615       290.3078       289.4241       288.4969       287.8611    
 2050   287.5710       287.7039       288.3221       289.2218       290.1558       291.0185       291.4282       291.1018       290.2728       289.2900       288.5322       287.9258    
 2051   287.5033       287.7211       288.0551       289.3092       290.1910       290.9107       291.3148       291.1057       290.1167       289.2742       288.4580       287.5751    
 2052   287.1960       287.4091       288.2279       289.2130       289.9751       290.9157       291.4749       291.1508       290.2429       289.2953       288.6913       287.9240    
 2053   287.6855       287.7752       288.4095       289.1455       290.2177       290.9975       291.4177       291.2871       290.3167       289.4740       288.6327       287.8333    
 2054   287.7086       287.6467       288.2312       289.2815       290.1890       290.9714       291.5313       291.2964       290.4119       289.4670       288.6217       287.8380    
 2055   287.4198       287.6959       288.0733       289.0103       289.9665       290.8176       291.1913       291.1504       290.3189       289.2157       288.4359       287.8018    
 2056   287.5803       287.8372       288.4328       289.3312       290.2244       291.0679       291.4741       291.1982       290.3004       289.5200       288.7128       288.0381    
 2057   287.7974       287.7571       288.3043       289.3187       290.1729       291.1111       291.4571       291.2642       290.2216       289.4061       288.5183       287.9489    
 2058   287.7864       287.8492       288.4377       289.5373       290.4545       291.2046       291.7108       291.4134       290.5122       289.4349       288.6083       287.9581    
 2059   287.7434       287.8159       288.5786       289.4338       290.2971       291.1857       291.7006       291.3374       290.4940       289.5448       288.5528       288.1283    
 2060   287.8125       287.7634       288.3679       289.4618       290.4071       291.2171       291.7050       291.3837       290.4869       289.6082       288.7553       287.9675    
 2061   288.0466       288.0043       288.5476       289.5578       290.3326       291.2224       291.6963       291.3256       290.5447       289.6131       288.7912       288.1860    
 2062   287.8826       287.8566       288.3641       289.5648       290.4007       291.2896       291.6312       291.6095       290.7150       289.7257       288.8347       288.0297    
 2063   288.0302       288.1299       288.6688       289.6768       290.4977       291.3757       291.8088       291.4547       290.6848       289.7603       288.7965       288.1700    
 2064   287.7965       288.0554       288.6184       289.4866       290.3386       291.1699       291.5434       291.2737       290.4985       289.6392       288.8277       288.1075    
 2065   287.6191       288.0313       288.6016       289.4886       290.5630       291.4664       291.9251       291.5915       290.6711       289.7153       289.0164       288.2191    
 2066   287.8703       288.1603       288.5983       289.6506       290.6018       291.2991       291.8805       291.6018       290.8102       289.7317       288.9239       288.2782    
 2067   287.9268       288.2839       288.9048       289.6924       290.5991       291.3700       291.7247       291.6291       290.6923       289.6014       288.7815       288.0238    
 2068   287.6646       287.6951       288.3512       289.6194       290.5420       291.4181       291.7787       291.6180       290.7449       289.7434       288.8428       288.0237    
 2069   287.8199       288.2370       288.7951       289.4655       290.5675       291.4081       291.9309       291.6621       290.7981       289.7660       288.8650       288.2950    
 2070   287.6964       288.0825       288.6292       289.6951       290.7245       291.4171       291.9951       291.5461       290.7052       289.8517       289.0148       288.3560    
 2071   288.0238       287.8907       288.7174       289.6183       290.6846       291.5864       291.9195       291.4771       290.7387       289.8110       289.0028       288.3526    
 2072   288.2520       288.4174       288.9435       289.8463       290.7313       291.5595       292.1050       291.8038       290.9278       289.9587       289.2319       288.5599    
 2073   288.2457       288.3295       288.8408       289.9558       290.6935       291.6019       291.9370       291.7424       290.9420       289.8102       289.0140       288.4069    
 2074   288.2160       288.0746       288.6306       289.6121       290.6293       291.3517       291.6764       291.4546       290.7528       289.6847       288.8467       288.3212    
 2075   287.9757       288.1716       288.7321       289.5638       290.6461       291.5572       291.9266       291.7907       290.7671       289.9502       289.1175       288.5689    
 2076   288.3959       288.3919       288.8749       289.8767       290.6282       291.4206       291.9727       291.7062       290.7331       289.7277       288.8660       288.2601    
 2077   287.9864       287.9301       288.6073       289.7081       290.5685       291.3427       291.7227       291.5757       290.5804       289.6026       288.7650       288.1080    
 2078   287.7402       287.8945       288.4514       289.5409       290.4949       291.3490       291.9136       291.6538       290.7423       289.7532       289.1839       288.6568    
 2079   288.2851       288.3859       288.8214       289.7509       290.6483       291.5145       291.8997       291.5932       290.7794       289.8777       289.0926       288.3583    
 2080   288.1410       288.2766       288.7781       289.8598       290.7945       291.6443       292.1259       291.7000       290.9162       289.8123       289.1712       288.5171    
 2081   288.2678       288.3337       288.9122       289.8738       290.8231       291.5619       291.9152       291.6361       290.9359       289.7729       288.9590       288.0389    
 2082   287.8116       287.9025       288.4986       289.6272       290.6805       291.2737       291.7359       291.5417       290.7838       289.8362       289.2126       288.4713    
 2083   288.0541       288.3976       288.7885       289.7371       290.6499       291.5009       291.9313       291.6930       290.8439       289.8411       288.9091       288.2273    
 2084   287.9199       288.0674       288.6638       289.7651       290.6502       291.4790       291.9894       291.7474       290.9751       289.8962       289.1135       288.2984    
 2085   288.0493       288.3849       288.9419       289.8490       290.6989       291.5338       291.9701       291.7409       290.9346       289.9485       289.0673       288.5349    
 2086   288.2356       288.3715       289.0763       289.9377       290.7727       291.7247       292.0813       291.6904       290.9532       289.8077       289.0810       288.4088    
 2087   287.9031       288.2686       288.7568       289.8308       290.7162       291.3813       291.8463       291.7906       290.9629       289.8929       289.1521       288.3322    
 2088   288.1068       288.2617       288.9113       289.8057       290.7191       291.6215       292.0456       291.6909       290.7693       289.8878       289.1532       288.4316    
 2089   288.0676       288.1782       288.7320       289.5862       290.5505       291.4048       291.9219       291.8044       291.0312       289.9200       289.0805       288.4802    
 2090   288.0474       288.3276       289.0862       290.0115       290.8173       291.7723       292.1736       291.9015       290.9857       289.9580       289.1947       288.7340    
 2091   288.3088       288.3805       289.0992       290.1050       290.9501       291.7744       292.2382       292.0689       291.1076       290.1140       289.1765       288.5280    
 2092   288.1012       288.2581       288.8644       289.9030       290.8286       291.6526       292.0925       291.8888       291.1537       290.0536       289.1049       288.4688    
 2093   288.1507       288.4794       288.7823       289.7283       290.6957       291.6125       292.1173       291.7322       290.9559       290.0779       289.2983       288.7845    
 2094   288.5077       288.7635       289.0870       290.0445       290.8685       291.7979       292.1649       291.9978       291.0942       290.0891       289.2141       288.5803    
 2095   288.3213       288.5089       289.1190       289.9249       290.9205       291.7519       292.1580       291.9020       290.9247       290.0259       289.1952       288.3875    
 2096   288.0235       288.4716       288.9557       289.8873       290.6769       291.7601       292.1302       291.7213       291.0118       289.9586       289.2621       288.3130    
 2097   288.3427       288.2187       288.8895       289.9171       290.9824       291.7454       292.0722       291.8182       290.8504       289.9509       289.0567       288.4254    
 2098   288.1160       288.2470       289.0031       289.9064       290.7327       291.7272       292.2183       291.8929       291.0371       290.0258       289.2011       288.5490    
 2099   288.1693       288.2928       288.7932       289.7661       290.7215       291.5572       291.9749       291.7865       290.8480       289.9940       289.2071       288.6540    
 2100   288.5015       288.6876       289.0534       290.0540       290.9120       291.6337       291.9391       291.9539       290.9408       290.0028       289.1802       288.3123    
