# tas [K] from MIROC-ESM model output prepared for CMIP5 natural-only r1i1p1
# cutting out region lon=   -1.406  358.594, lat=  -89.247   89.247
 1850   284.9653       284.9739       285.4590       286.2846       287.2161       287.8711       288.2907       288.2466       287.2693       286.3846       285.5872       285.1436    
 1851   284.9845       285.1349       285.4377       286.2623       287.2940       287.9341       288.2879       287.9461       287.2613       286.2342       285.5727       285.0203    
 1852   284.7589       284.9051       285.5255       286.1047       286.9854       287.8748       288.1399       288.0636       287.2013       286.3022       285.3949       285.1405    
 1853   284.7293       284.8568       285.4053       286.0533       287.3145       288.0176       288.2005       287.9445       287.1418       286.3185       285.4870       285.1325    
 1854   284.8404       284.9509       285.5396       286.1814       287.3012       288.0756       288.3437       287.9482       287.1997       286.3058       285.6339       285.3614    
 1855   285.0322       285.2172       285.7515       286.5121       287.4077       288.0820       288.5380       288.0027       287.2679       286.4154       285.6996       285.1460    
 1856   285.0811       285.2314       285.6999       286.0108       287.0125       287.8218       288.2490       288.0232       287.1073       286.2990       285.6623       285.1600    
 1857   285.0350       285.2001       285.5866       286.3524       287.1605       287.9321       288.2964       287.8737       287.2060       286.0888       285.3587       285.0934    
 1858   284.9758       284.9056       285.4655       286.1328       287.1784       288.0192       288.3738       288.0063       287.2687       286.4206       285.5527       285.1599    
 1859   284.8482       285.1324       285.6317       286.1191       287.1259       287.9668       288.2411       287.9875       287.1503       286.2306       285.6991       285.1271    
 1860   284.8097       285.0325       285.3439       286.0419       287.1126       287.7923       288.1395       287.9261       287.1983       286.3518       285.8519       285.3904    
 1861   284.9960       285.0546       285.4413       286.2011       287.2621       287.9849       288.2666       287.9788       287.1844       286.2526       285.5636       285.1041    
 1862   284.7072       284.9750       285.2615       285.8645       287.0739       287.8861       288.1098       287.7473       286.8641       286.0471       285.3075       284.7990    
 1863   284.6483       284.6532       285.3281       286.1228       287.0965       287.8188       288.2189       287.8744       287.3595       286.2744       285.5219       284.9792    
 1864   284.9971       285.1821       285.5031       286.2420       287.2785       288.0766       288.3687       288.2087       287.4261       286.6544       286.0280       285.4191    
 1865   285.1038       285.3763       285.9403       286.4704       287.4697       288.1490       288.6482       288.2198       287.3810       286.4785       285.7844       285.2754    
 1866   285.2031       285.0436       285.7944       286.3456       287.5097       288.1418       288.5417       288.1306       287.3688       286.5087       285.8061       285.3467    
 1867   285.2238       285.2537       285.6807       286.5238       287.5061       288.1718       288.4327       288.1190       287.2287       286.4551       285.6235       285.2001    
 1868   284.9698       285.1233       285.4418       286.2465       287.2826       288.1220       288.3856       288.0583       287.1627       286.2757       285.6176       285.1852    
 1869   284.9294       285.0912       285.5801       286.3962       287.3857       288.2164       288.5825       288.1081       287.3281       286.4334       285.7880       285.2014    
 1870   284.9175       285.1322       285.6848       286.4200       287.4933       288.2240       288.5381       288.1167       287.1494       286.3815       285.5802       285.1207    
 1871   284.8135       284.9690       285.4317       286.0623       287.1585       287.8867       288.3032       287.9217       287.0681       286.3505       285.5609       285.1000    
 1872   284.6377       284.9724       285.3817       286.0914       287.1870       288.0497       288.4194       288.1481       287.2833       286.5880       285.8753       285.4214    
 1873   285.1677       285.1443       285.9003       286.5960       287.3992       288.2020       288.4874       288.0454       287.4062       286.4811       285.7604       285.2201    
 1874   284.9578       285.2294       285.7094       286.3293       287.3710       288.2717       288.5065       288.1098       287.3103       286.4146       285.6633       285.1873    
 1875   285.0367       285.1101       285.5682       286.3984       287.3079       288.0870       288.2624       288.0208       287.0490       286.3773       285.6800       285.2161    
 1876   284.9888       284.9795       285.4813       286.2009       287.3206       288.0551       288.4872       288.0361       287.2892       286.2063       285.4386       285.1109    
 1877   284.8870       285.0597       285.6547       286.1834       287.2097       287.9818       288.3606       288.0211       287.3266       286.5015       285.9342       285.3917    
 1878   285.1204       285.2455       285.7734       286.3944       287.4108       288.1343       288.5029       288.1735       287.3975       286.6147       285.8520       285.3036    
 1879   285.2346       285.1744       285.8439       286.5253       287.3550       288.1258       288.4275       288.2314       287.2827       286.5028       285.8257       285.1287    
 1880   285.1665       285.2780       285.7392       286.5983       287.5591       288.2932       288.5807       288.2627       287.4960       286.5204       285.7671       285.4627    
 1881   285.1010       285.1152       285.7959       286.5635       287.5813       288.1692       288.5481       288.2492       287.3555       286.3708       285.6782       285.2571    
 1882   285.0448       285.1854       285.4689       286.3531       287.3669       288.0919       288.4771       288.1761       287.4279       286.5271       285.7270       285.2847    
 1883   285.0747       284.9326       285.5986       286.2484       287.2572       288.0947       288.3640       288.1434       287.4268       286.5531       285.6727       285.2208    
 1884   285.0397       285.1152       285.5471       286.2262       286.9965       287.7578       288.0840       287.7922       286.9700       285.9550       285.3519       285.0405    
 1885   284.8043       284.9301       285.4077       286.0219       286.9119       287.7705       288.1044       287.7263       286.8641       286.1424       285.5034       285.1848    
 1886   284.8916       284.8295       285.2867       286.1820       287.2169       288.0595       288.3219       288.0887       287.2325       286.2643       285.5424       284.8542    
 1887   284.7062       284.8810       285.2532       286.0874       287.0887       287.8063       288.1638       287.9399       287.0086       286.1698       285.4397       285.0230    
 1888   284.7068       284.9584       285.3700       286.1194       287.0947       288.0288       288.3326       287.9328       287.1960       286.3089       285.5638       285.1065    
 1889   284.8633       284.8487       285.5285       286.2216       287.0804       287.8076       288.2617       288.0198       287.3001       286.2837       285.6247       285.1832    
 1890   284.8505       284.9185       285.2831       286.0233       287.1642       287.8132       288.1614       287.8340       287.2217       286.2791       285.4299       285.0594    
 1891   284.7901       285.1343       285.4197       286.1678       287.0260       287.8122       288.1335       288.0235       287.1147       286.3035       285.5675       285.1635    
 1892   284.9214       284.9466       285.4862       286.1237       287.2487       287.9352       288.2209       287.9376       287.0905       286.2192       285.5675       285.1648    
 1893   285.1425       285.0222       285.6520       286.3531       287.3100       288.0215       288.4641       288.1363       287.3754       286.4545       285.7827       285.1942    
 1894   284.9405       285.0904       285.5825       286.2509       287.2150       288.0091       288.3376       288.0684       287.2391       286.2760       285.6653       285.0818    
 1895   284.8105       284.9903       285.4718       286.0616       286.9916       287.9620       288.2328       287.9663       287.1307       286.0976       285.5152       285.0562    
 1896   285.0030       285.1781       285.4934       286.1697       286.9802       287.8866       288.2751       288.0398       287.1322       286.3728       285.5208       285.1113    
 1897   284.8263       285.0120       285.4560       286.2884       287.1458       287.9254       288.3528       287.9393       287.0640       286.2191       285.4918       285.1384    
 1898   284.8227       284.9138       285.4543       285.8847       287.0023       287.8490       288.1083       287.7980       286.9476       286.1932       285.4884       284.9810    
 1899   284.8777       284.9395       285.4991       286.1667       287.1239       287.9474       288.2498       287.9387       287.0731       286.3732       285.5114       285.0739    
 1900   285.0225       284.9610       285.3900       286.0508       287.0255       287.8312       288.2372       287.9236       287.1757       286.2053       285.5596       285.0369    
 1901   284.7213       284.7461       285.0296       286.0095       287.0117       287.9403       288.1275       287.7055       287.0212       286.2203       285.3997       285.0126    
 1902   284.7090       284.9525       285.6115       286.2521       287.1263       287.9307       288.2577       287.9555       287.1627       286.2171       285.3891       284.8219    
 1903   284.7487       284.8841       285.2787       285.9139       287.0079       287.7784       288.1183       287.9543       287.0803       286.0551       285.4782       284.9806    
 1904   284.7272       284.8611       285.4482       286.0685       287.0816       287.8079       288.2849       287.8980       287.1602       286.2722       285.6864       285.2261    
 1905   285.0589       285.1202       285.6650       286.2484       287.1276       288.0455       288.2621       287.8981       287.1539       286.3181       285.5880       285.2812    
 1906   284.6647       285.0235       285.6399       286.3836       287.3569       288.0839       288.3411       287.9806       287.1168       286.2504       285.5916       285.1097    
 1907   284.9686       284.9932       285.5146       286.3354       287.3956       288.1602       288.3806       288.0317       287.1795       286.3662       285.6573       285.2099    
 1908   284.8985       285.0363       285.5337       286.2060       287.3404       288.0817       288.4409       288.2643       287.3735       286.5723       285.6945       285.1565    
 1909   285.0346       285.0485       285.5121       286.2805       287.2561       288.2442       288.5170       288.0161       287.1592       286.3524       285.6203       285.1736    
 1910   284.8972       285.1444       285.6779       286.4725       287.3651       288.0727       288.3872       288.0592       287.1834       286.2005       285.5771       285.0319    
 1911   284.8910       284.8688       285.4604       286.1945       287.1867       287.9341       288.3962       288.0317       287.0627       286.1918       285.6333       285.0282    
 1912   284.8953       284.9749       285.4715       286.0553       287.1326       288.0660       288.3486       287.9332       287.1562       286.3972       285.6035       285.1901    
 1913   285.0417       285.0503       285.5547       286.3668       287.2585       287.9090       288.1860       288.0836       287.1566       286.3176       285.6164       285.2237    
 1914   284.9805       285.1808       285.6664       286.1892       287.1025       287.9020       288.3608       288.2059       287.2454       286.3124       285.6457       285.1694    
 1915   285.1203       285.1324       285.6271       286.3427       287.2967       287.9961       288.3115       288.0364       287.1463       286.3335       285.6078       285.1263    
 1916   284.8777       285.1319       285.4974       286.1976       287.3244       287.8722       288.2527       287.8956       287.2436       286.2985       285.6634       285.1324    
 1917   285.0416       285.1517       285.5435       286.3314       287.2859       288.0737       288.3766       288.0698       287.3149       286.2524       285.7185       285.2594    
 1918   285.1172       285.2256       285.4345       286.1907       287.2129       288.0255       288.2237       288.0299       287.2072       286.3348       285.7107       285.2222    
 1919   285.0873       285.2592       285.9402       286.7014       287.5202       288.2043       288.5442       288.0932       287.3921       286.5528       285.8857       285.4473    
 1920   285.2678       285.2543       285.7290       286.3249       287.2377       288.1265       288.4777       288.1911       287.2664       286.4520       285.6766       285.2265    
 1921   285.0302       285.0631       285.5392       286.3394       287.3299       288.2013       288.5161       288.2450       287.2735       286.4996       285.6321       285.2035    
 1922   285.0769       285.0763       285.4145       286.2686       287.3875       288.2151       288.5471       288.1196       287.3311       286.3614       285.6385       285.1751    
 1923   284.9384       285.0069       285.5093       286.2654       287.1549       288.0464       288.3377       288.0082       287.1742       286.2589       285.5180       285.1647    
 1924   284.9482       284.9510       285.5530       286.1688       287.4503       288.1506       288.4734       287.9533       287.2881       286.5186       285.8394       285.2552    
 1925   285.0896       285.2064       285.5752       286.3541       287.4955       288.2701       288.5425       288.0833       287.4349       286.5153       285.7812       285.2253    
 1926   284.9656       285.0159       285.5236       286.3183       287.3494       288.1492       288.4515       288.0177       287.3020       286.4078       285.7659       285.5250    
 1927   285.3267       285.2690       285.7580       286.5574       287.5671       288.2051       288.5206       288.2149       287.4864       286.5788       285.8693       285.4077    
 1928   285.2941       285.2591       285.5609       286.3258       287.2693       288.2104       288.5204       288.2189       287.1859       286.4083       285.7296       285.0305    
 1929   284.9756       285.2358       285.6158       286.4401       287.3580       288.2075       288.5856       288.0977       287.3964       286.4371       285.5493       285.3087    
 1930   285.0107       284.7627       285.5591       286.2425       287.3101       288.0676       288.4339       288.1075       287.2045       286.5630       285.6266       285.2197    
 1931   284.8748       285.0206       285.4217       286.0600       287.0679       287.9369       288.3315       287.9042       287.2058       286.3144       285.6266       285.1411    
 1932   285.0995       284.9605       285.6548       286.4210       287.2822       288.0168       288.3881       288.1316       287.3200       286.4910       285.8041       285.2905    
 1933   285.0525       285.1099       285.4457       286.2219       287.3323       288.0103       288.3068       288.0814       287.1324       286.3363       285.7460       285.4558    
 1934   285.1280       285.0704       285.6220       286.3460       287.3369       287.9980       288.5137       288.0864       287.3031       286.4416       285.7838       285.1635    
 1935   284.9743       285.0557       285.5616       286.3289       287.3052       288.0677       288.4197       287.9692       287.1418       286.3116       285.5715       285.1266    
 1936   284.9737       284.9626       285.5722       286.4012       287.3199       288.0385       288.3098       288.2250       287.4067       286.5158       285.9780       285.3222    
 1937   285.1069       285.1838       285.8668       286.6352       287.3963       288.1210       288.5360       288.1110       287.1677       286.3662       285.6456       285.2809    
 1938   285.0083       285.1207       285.5679       286.1815       287.0476       288.0292       288.2687       287.9991       287.2816       286.3679       285.5336       285.2469    
 1939   284.8991       285.0174       285.4738       286.2966       287.2627       288.0710       288.2595       287.9948       287.3885       286.4057       285.5835       285.4046    
 1940   285.1227       285.0903       285.6110       286.3125       287.3074       288.0963       288.4761       288.0500       287.2134       286.5887       285.8788       285.3049    
 1941   285.2094       285.0766       285.6579       286.5326       287.5402       288.2062       288.4641       288.0291       287.0897       286.3716       285.6197       285.2229    
 1942   284.8605       285.1370       285.6342       286.2770       287.3654       288.1655       288.4164       288.1664       287.3158       286.5549       285.7065       285.3593    
 1943   285.1028       285.1468       285.5601       286.3782       287.3477       288.0137       288.3736       287.9959       287.3965       286.4872       285.7654       285.3416    
 1944   285.1828       285.3951       285.5980       286.3238       287.3868       288.0404       288.3961       288.0308       287.3955       286.4119       285.7720       285.3775    
 1945   285.1070       285.2150       285.5407       286.5407       287.4436       288.1794       288.4594       288.2118       287.4188       286.4306       285.7838       285.3062    
 1946   285.1992       285.2373       285.9041       286.4372       287.1571       288.0527       288.3351       288.1446       287.3765       286.5777       285.7600       285.2432    
 1947   284.9170       285.0782       285.6676       286.4778       287.3645       288.1383       288.5121       288.2077       287.3447       286.3712       285.5638       285.1044    
 1948   285.0361       285.1342       285.6062       286.1945       287.1212       287.9907       288.3538       288.1194       287.1013       286.3117       285.7218       285.0468    
 1949   284.8674       284.8716       285.5587       286.3447       287.3112       288.0454       288.3885       288.1397       287.3350       286.3994       285.7823       285.2716    
 1950   284.9465       285.1053       285.7754       286.4987       287.4411       288.1419       288.5606       288.2787       287.2781       286.4987       285.6741       285.1868    
 1951   285.1732       285.2405       285.6537       286.4000       287.4769       288.2430       288.5015       288.0981       287.3064       286.5725       285.7311       285.4210    
 1952   285.0624       285.0810       285.5798       286.2288       287.3515       288.0378       288.4674       288.1695       287.1998       286.3261       285.6488       285.2763    
 1953   285.0161       285.3385       285.6755       286.4617       287.4005       288.1142       288.4980       288.2148       287.4110       286.3977       285.6921       285.2980    
 1954   285.2059       285.3994       285.7045       286.3480       287.3797       288.1038       288.4879       288.2421       287.4110       286.3961       285.7249       285.3552    
 1955   285.2808       285.1690       285.6459       286.5533       287.4794       288.3018       288.5744       288.2037       287.3978       286.4776       285.8207       285.4240    
 1956   285.2794       285.3743       285.8410       286.4543       287.4967       288.2735       288.6832       288.4158       287.3803       286.4300       285.7755       285.4453    
 1957   285.2489       285.2537       285.7011       286.5861       287.5883       288.2563       288.5094       288.1582       287.3293       286.4789       285.8867       285.3690    
 1958   285.1596       285.1860       285.7130       286.3680       287.3994       288.2048       288.5176       288.1992       287.4521       286.5330       285.9040       285.3958    
 1959   285.3282       285.2210       285.6924       286.6097       287.5643       288.3612       288.6198       288.3522       287.4175       286.5255       285.7923       285.3529    
 1960   285.1672       285.2905       285.7520       286.6861       287.7386       288.3761       288.5969       288.3916       287.5239       286.5916       285.8033       285.3882    
 1961   285.2551       285.4453       285.8163       286.5524       287.4041       288.1864       288.6175       288.2495       287.4114       286.5284       285.7127       285.2595    
 1962   285.1030       285.3567       285.8810       286.6283       287.7217       288.3527       288.6926       288.2791       287.4141       286.5463       285.8022       285.4639    
 1963   285.3998       285.4349       285.9594       286.5943       287.5812       288.3659       288.5309       288.2018       287.3701       286.3465       285.5433       285.2683    
 1964   285.0449       285.1351       285.4979       286.2228       287.2326       288.0430       288.3926       288.0571       287.3479       286.5319       285.8370       285.2699    
 1965   284.7274       284.9577       285.5220       286.2405       287.1704       287.8456       288.1281       287.7788       287.0322       286.2093       285.3445       284.9366    
 1966   285.0002       284.8813       285.3138       286.1096       287.2295       287.9124       288.1568       287.8302       287.0705       286.1332       285.4320       284.9636    
 1967   285.0225       284.9999       285.5086       286.3018       287.1947       287.8890       288.1695       287.9371       287.2430       286.3451       285.5865       285.2493    
 1968   284.8558       285.0501       285.6136       286.4341       287.4364       288.0499       288.3147       287.9551       287.2816       286.4832       285.6353       285.0880    
 1969   284.9631       285.1806       285.4486       286.3247       287.2971       287.9261       288.3793       288.1539       287.1019       286.3181       285.6250       285.1622    
 1970   284.9514       285.1204       285.4228       285.9973       287.0909       287.8976       288.3975       287.9517       287.1692       286.2348       285.5748       285.1624    
 1971   285.2415       285.3220       285.8024       286.4850       287.3532       288.0585       288.4730       288.1569       287.2737       286.4859       285.7873       285.3415    
 1972   285.0668       285.0752       285.4218       286.1708       287.1200       287.9406       288.2701       288.0791       287.2626       286.4156       285.6234       285.2193    
 1973   284.9679       285.0500       285.6750       286.3751       287.3032       288.0007       288.3488       288.0399       287.1507       286.3036       285.5217       284.9698    
 1974   284.7680       284.6643       285.4354       286.0504       287.2209       287.9647       288.2152       287.8457       286.9706       286.0524       285.4464       285.0953    
 1975   284.6822       284.8445       285.4990       286.2532       287.0366       287.7988       288.3499       287.9891       287.2076       286.3462       285.5868       285.0853    
 1976   285.0090       285.0137       285.5176       286.3363       287.2967       288.0926       288.2842       288.0956       287.2033       286.2688       285.3984       285.1288    
 1977   284.8652       285.0069       285.6992       286.2759       287.3059       287.9975       288.4058       288.0092       287.2155       286.4299       285.7042       285.3752    
 1978   284.9814       285.3047       285.6866       286.3979       287.3163       288.1790       288.5487       288.2390       287.4056       286.4187       285.6776       285.2450    
 1979   285.0252       285.0930       285.5272       286.3106       287.2967       288.0873       288.5297       288.1707       287.3429       286.4019       285.5636       285.1914    
 1980   285.1701       285.0178       285.6301       286.3076       287.2765       287.9869       288.3826       288.2004       287.4881       286.3047       285.6894       285.2734    
 1981   284.9834       285.0932       285.5636       286.0546       287.0156       288.0108       288.2422       287.9784       287.1767       286.3743       285.4506       284.9782    
 1982   284.7289       284.9282       285.4572       286.1437       287.1205       287.8814       288.2590       287.8837       287.1100       286.1724       285.4181       284.9232    
 1983   284.6830       284.8773       285.2394       286.1452       287.0215       287.7151       288.0667       287.7117       286.9928       286.0325       285.3363       284.9407    
 1984   284.6323       285.0057       285.3426       286.1881       287.2338       287.9402       288.2938       287.9551       287.0366       286.2096       285.5487       285.0112    
 1985   284.8125       285.1258       285.6664       286.2225       287.0905       287.9328       288.2616       288.1453       287.2029       286.3771       285.6089       285.1463    
 1986   285.0187       285.1866       285.8005       286.3484       287.3784       288.0244       288.4325       288.0845       287.3636       286.3724       285.7445       285.2848    
 1987   284.9364       284.9983       285.6103       286.4896       287.5092       288.1808       288.5859       288.2522       287.2643       286.3231       285.5701       285.2245    
 1988   284.9940       285.0767       285.8079       286.3857       287.3918       288.2903       288.6419       288.3026       287.5271       286.6943       285.8372       285.5557    
 1989   285.2145       285.5130       285.7107       286.4325       287.5244       288.1617       288.5441       288.2976       287.5389       286.6322       286.0579       285.4825    
 1990   285.2549       285.3808       286.1321       286.9178       287.8073       288.5388       288.7180       288.4228       287.5126       286.6588       285.8322       285.3674    
 1991   285.2706       285.4375       285.6747       286.4259       287.6015       288.2266       288.4529       288.2252       287.4279       286.4082       285.7998       285.3321    
 1992   285.0604       284.9134       285.6096       286.2676       287.1668       287.9613       288.2636       287.9525       287.0673       286.3360       285.5442       285.0461    
 1993   285.0050       285.1295       285.4146       286.1716       287.3257       288.0267       288.4762       288.2222       287.4290       286.5301       285.8523       285.4923    
 1994   285.1640       285.3385       285.7679       286.5579       287.6981       288.3239       288.5496       288.1064       287.4348       286.5736       285.8454       285.3834    
 1995   284.9756       285.1665       285.7195       286.3206       287.3253       288.1189       288.3931       288.0741       287.3795       286.4304       285.8088       285.3413    
 1996   285.0985       285.1626       285.7074       286.4878       287.5258       288.1461       288.4861       288.1016       287.2655       286.4184       285.8096       285.3019    
 1997   284.9922       285.1754       285.7416       286.2918       287.2335       288.0876       288.6262       288.3025       287.4223       286.5314       285.7859       285.5025    
 1998   285.1696       285.2048       285.9817       286.5780       287.5461       288.2263       288.6204       288.3152       287.6239       286.7047       285.9467       285.4010    
 1999   285.2080       285.1917       285.7266       286.4364       287.4067       288.2213       288.4471       288.2351       287.4348       286.7708       285.9970       285.5631    
 2000   285.3956       285.5283       285.9937       286.7846       287.6420       288.3403       288.6172       288.2204       287.5074       286.6373       285.9761       285.4232    
 2001   285.2012       285.2235       285.7063       286.3430       287.3238       288.2488       288.4311       288.1598       287.2689       286.5338       285.7505       285.3157    
 2002   285.0222       285.1854       285.6772       286.2737       287.3168       288.1482       288.3584       288.0190       287.3284       286.6386       285.6756       285.2985    
 2003   285.1335       285.4161       285.9223       286.5224       287.5276       288.2047       288.5110       288.1778       287.3025       286.4469       285.9408       285.4104    
 2004   285.1427       285.4188       285.8588       286.4185       287.4735       288.2100       288.4842       288.2424       287.4090       286.4905       285.7149       285.3146    
 2005   285.0854       285.0108       285.5843       286.3186       287.3693       288.2711       288.4039       288.0065       287.3112       286.4361       285.6555       285.2511    
