# <a href=http://cmip-pcmdi.llnl.gov/cmip5/>CMIP5</a> global mean temperature computed at <a href=http://www.knmi.nl/selectfield_cmip5.cgi?someone@somewhere>KNMI Climate Explorer</a> tas_Amon_HadGEM2-ES_rcp85_r3i1p1
# tas [K] from HadGEM2-ES model output prepared for CMIP5 RCP8.5 r3i1p1
# cutting out region lon=   -0.938  359.062, lat=  -90.000   90.000
 1859  -999.9000      -999.9000      -999.9000      -999.9000      -999.9000      -999.9000      -999.9000      -999.9000      -999.9000      -999.9000      -999.9000       284.7570    
 1860   284.6225       285.0148       285.7925       286.9105       288.0576       289.0528       289.1710       288.9450       288.0568       287.0899       285.9942       285.0031    
 1861   284.5524       284.8605       285.7939       286.9476       288.1919       289.0183       289.1856       288.9651       288.0024       287.0880       286.0803       285.3390    
 1862   284.9664       285.3103       286.0417       287.1274       288.2607       289.0023       289.2610       288.9871       288.2108       287.0391       286.0645       284.9479    
 1863   284.6794       285.0183       285.7714       287.1297       288.0180       288.9047       289.0877       288.8530       288.1372       286.9609       285.7581       284.8035    
 1864   284.6155       284.7722       285.7833       286.9165       288.0833       288.9081       289.0578       288.8300       287.9369       286.8107       285.6085       284.6447    
 1865   284.2666       284.5911       285.6162       286.7313       287.9824       288.9215       289.0820       288.5958       287.9674       286.9248       285.6091       284.7084    
 1866   284.3056       284.4783       285.4351       286.4811       287.7356       288.6451       288.7393       288.7279       287.8916       286.6785       285.5202       284.6697    
 1867   284.3647       284.6097       285.3079       286.5585       287.7813       288.5716       288.8752       288.6265       287.7942       286.7941       285.5580       284.5289    
 1868   284.1268       284.4072       285.2931       286.6444       287.7064       288.5683       288.7661       288.6115       287.6476       286.5932       285.3443       284.4613    
 1869   284.4118       284.6263       285.6880       286.7606       287.9044       288.7154       288.8996       288.6549       287.8780       286.8223       285.6909       284.7036    
 1870   284.3459       284.8360       285.5496       286.4633       287.6471       288.5473       288.7846       288.5289       287.6217       286.6024       285.4845       284.7287    
 1871   284.2797       284.6325       285.5093       286.6517       287.6890       288.6182       288.8332       288.4434       287.7144       286.6474       285.5077       284.5731    
 1872   284.4741       284.8337       285.6058       286.7487       287.8253       288.6974       288.9065       288.7738       287.8750       286.9005       285.7000       284.6610    
 1873   284.5785       284.8026       285.7608       286.8293       287.9810       288.8467       288.9756       288.8297       287.9469       286.9526       285.9564       285.1140    
 1874   284.8278       285.1260       285.7079       286.9322       288.0844       288.9002       289.0640       288.8944       288.1130       286.9949       286.0641       285.0799    
 1875   284.7464       284.9193       285.5788       286.7383       288.0899       288.9549       289.0328       288.7957       288.0816       286.9941       285.8464       284.9518    
 1876   284.4980       284.9369       285.7299       286.7591       287.9375       288.7638       289.0628       288.6756       288.0385       286.9456       285.8459       284.9824    
 1877   284.7954       285.1239       286.0133       286.8391       288.0050       288.9049       289.0027       288.7606       288.0248       287.0838       285.8994       285.2078    
 1878   284.9443       285.3519       285.8978       286.9898       288.1627       288.9926       289.1609       288.9588       288.1175       287.1275       285.8442       285.0273    
 1879   284.5203       285.0310       285.9198       286.9802       288.2495       288.9976       289.2390       288.9509       288.2672       287.1733       286.0974       285.2350    
 1880   284.7423       285.0296       285.6502       286.8377       287.9011       288.8679       289.1089       288.7782       288.0594       286.9721       285.8014       284.9649    
 1881   284.5870       284.8784       285.8123       286.8511       287.7898       288.7346       289.0970       288.8438       288.0890       286.9894       285.6843       284.9979    
 1882   284.7173       284.7967       285.7452       286.7234       287.9556       288.7513       289.0507       288.7680       288.0605       286.9902       285.7341       284.7619    
 1883   284.6219       285.0406       285.6638       286.6996       287.8437       288.6632       288.9226       288.6422       287.9723       286.6505       285.5274       284.6370    
 1884   284.4684       284.5836       285.4196       286.4900       287.6387       288.5270       288.7472       288.4239       287.6829       286.5606       285.3788       284.5634    
 1885   284.2326       284.4602       285.4551       286.5126       287.7407       288.4751       288.7299       288.4638       287.6995       286.6787       285.4729       284.8375    
 1886   284.5506       284.6592       285.4991       286.4349       287.6147       288.6439       288.7707       288.5353       287.7556       286.6168       285.5414       284.6058    
 1887   284.2699       284.7400       285.5361       286.7090       287.7588       288.6640       288.9601       288.6219       287.9413       286.8424       285.7450       284.9018    
 1888   284.5803       284.9186       285.6766       286.7014       287.8999       288.7500       288.9250       288.6328       287.8770       286.7482       285.5679       284.6046    
 1889   284.2910       284.5604       285.3325       286.4727       287.7037       288.5047       288.8426       288.6809       287.8092       286.9241       285.8643       284.7195    
 1890   284.5719       284.8327       285.5977       286.6018       287.7888       288.6692       289.1163       288.7260       288.0042       286.8701       285.6179       284.8860    
 1891   284.6240       284.7516       285.5981       286.5260       287.6430       288.5239       288.8623       288.6780       287.8908       286.8487       285.5457       284.5684    
 1892   284.3919       284.7953       285.5314       286.5883       287.7278       288.7316       288.8370       288.6824       287.8370       286.8269       285.7910       284.9005    
 1893   284.5715       284.8099       285.3337       286.6035       287.7988       288.6358       288.8571       288.6586       287.9749       286.7084       285.6539       284.9345    
 1894   284.7311       285.1414       285.8204       286.6948       287.7658       288.7109       288.9079       288.7678       287.9731       286.8598       285.8155       284.9637    
 1895   284.4460       285.0537       285.5464       286.7727       288.0115       288.8807       289.0030       288.8503       287.9692       286.8780       285.8093       285.1255    
 1896   284.6626       285.0617       285.9720       286.9038       288.0325       288.8286       289.0216       288.6845       287.9420       286.9287       285.7811       284.8802    
 1897   284.6483       285.1331       285.8183       286.8575       287.9190       288.8394       288.9940       288.7502       287.9409       286.9500       285.6767       284.6606    
 1898   284.3856       284.8752       285.6353       286.7940       287.9747       288.7809       288.8956       288.6945       287.9265       286.8600       285.8336       284.9586    
 1899   284.7474       285.1607       286.0988       286.9871       288.0606       288.9179       289.1945       288.9152       288.0542       287.0664       285.8257       284.9492    
 1900   284.6001       285.2439       285.7599       286.8808       287.9855       288.8540       288.9875       288.9370       288.1253       287.1263       285.9738       285.1999    
 1901   284.6727       285.1219       286.1011       286.9792       288.1432       288.9294       289.0847       288.6250       288.0038       287.1155       285.9120       284.9856    
 1902   284.7746       285.0832       285.8223       286.8503       287.9834       288.7456       289.0518       288.7563       287.9612       286.9360       285.7566       284.8726    
 1903   284.3953       284.8091       285.5417       286.7381       287.7168       288.5540       288.7460       288.6552       287.7489       286.5827       285.4384       284.5343    
 1904   284.2402       284.5577       285.4321       286.5168       287.7462       288.5493       288.7833       288.5241       287.6870       286.7094       285.6238       284.7582    
 1905   284.2914       284.6660       285.5420       286.5168       287.7528       288.6582       288.8207       288.4930       287.7901       286.7518       285.5152       284.8269    
 1906   284.5701       284.7746       285.3694       286.4751       287.8704       288.7737       288.7717       288.7349       287.7869       286.6509       285.5587       284.7660    
 1907   284.3995       284.9267       285.4767       286.5783       287.8555       288.7139       289.0675       288.7660       287.9763       286.8686       285.5776       284.8375    
 1908   284.6662       284.8721       285.7925       286.8118       287.9584       288.8582       288.8821       288.6581       287.9153       286.9536       285.6237       284.7542    
 1909   284.6813       284.7956       285.5841       286.8894       287.9515       288.8173       289.0043       288.7344       288.0103       287.0366       285.8255       284.8136    
 1910   284.6684       285.0792       285.9097       287.0255       287.9770       288.7950       289.1764       288.8509       287.9536       286.9709       285.6454       284.8439    
 1911   284.3754       284.5392       285.3930       286.4658       287.8612       288.7455       289.0052       288.7400       287.9966       286.7710       285.6312       284.7306    
 1912   284.5081       284.7115       285.4645       286.6580       287.8538       288.7649       288.9601       288.6122       287.9771       286.8398       285.5151       284.6756    
 1913   284.4240       284.8875       285.4062       286.6386       287.7624       288.6246       288.8010       288.7148       287.8775       286.7643       285.5716       284.5823    
 1914   284.3393       284.7197       285.5131       286.6512       287.6747       288.5484       288.8694       288.5955       287.8467       286.7511       285.4140       284.6646    
 1915   284.4975       284.9395       285.6504       286.5566       287.9406       288.8296       288.9645       288.8699       288.1659       287.1640       285.7855       285.0289    
 1916   284.5923       285.0268       285.8615       287.0474       288.0035       288.9601       289.0691       288.8759       288.1541       287.0812       285.8341       284.9034    
 1917   284.8143       285.1212       285.8261       286.9658       288.1961       289.0459       289.2290       289.0231       288.1545       287.1230       285.8398       284.9779    
 1918   284.9149       285.1441       285.7077       286.7783       287.9455       288.8386       289.1172       288.8065       287.9341       286.9746       285.8480       284.8477    
 1919   284.6500       284.8807       285.6819       286.7877       287.9160       288.8113       289.1078       288.8280       288.1107       287.1462       285.8963       284.9427    
 1920   284.8321       285.0832       285.8062       286.8071       288.1155       288.9176       289.1048       288.6965       287.9844       286.9186       285.7207       284.7240    
 1921   284.5861       285.3086       286.0010       286.7919       287.9356       288.9257       289.0251       288.8799       288.0516       287.0888       285.9111       285.1125    
 1922   284.9127       285.2185       285.9690       287.0108       288.0859       288.8790       289.1101       288.9090       288.1091       287.1034       285.9151       285.1523    
 1923   284.7968       285.0248       285.7410       286.8780       288.1238       289.0589       289.1731       288.9400       288.0293       287.1258       286.0654       285.1334    
 1924   285.0355       285.3618       286.1089       287.1893       288.1861       289.0511       289.3792       289.0299       288.2289       287.2605       286.1227       285.2455    
 1925   285.0816       285.1423       286.1629       286.9364       288.0141       288.9689       289.0980       288.8336       288.1198       287.0410       285.8355       284.9828    
 1926   284.7444       285.1088       285.6933       286.8136       288.1038       289.0037       289.1286       288.9828       288.0616       286.9560       285.8780       285.0966    
 1927   284.8016       285.0377       285.9582       287.0286       288.0526       288.9151       289.1025       288.8657       288.1041       287.1064       285.8378       284.9604    
 1928   284.8139       285.0988       285.7840       286.8283       287.9904       288.9337       289.2489       288.8933       288.2236       287.1860       286.0357       284.9198    
 1929   284.8288       285.2106       285.9286       287.0052       288.2865       289.1224       289.1823       288.9322       288.3001       287.1289       286.0273       285.0103    
 1930   284.8171       285.1722       285.9810       286.9841       288.1606       288.9856       289.1169       288.8844       288.1917       287.1180       285.9389       285.1867    
 1931   284.8717       285.2209       286.0515       287.0244       288.2266       288.9483       289.2582       288.8903       288.2733       287.2424       286.0378       284.9706    
 1932   284.9071       285.0631       285.7444       286.8187       288.0745       288.9023       289.0185       288.8392       288.2413       287.2823       286.1707       285.2000    
 1933   285.0121       285.1282       286.0638       287.0732       288.1717       289.1104       289.4191       288.9552       288.3159       287.4008       286.3943       285.2722    
 1934   284.9494       285.3438       285.9044       287.0728       288.2080       289.0147       289.2616       289.0035       288.2763       287.2161       286.0510       285.2186    
 1935   284.9253       285.1616       285.9078       286.9357       288.0550       288.9933       289.2439       288.8617       288.1562       287.2116       286.0101       285.1573    
 1936   285.0286       285.0991       285.9579       287.1457       288.3159       288.9933       289.2811       289.0031       288.0879       287.0169       286.0231       285.1426    
 1937   284.7773       285.0841       285.7572       286.9519       288.0770       288.9650       289.1195       288.8994       288.1887       287.0204       286.0824       285.2652    
 1938   285.1706       285.1591       285.8749       287.2592       288.3541       289.1440       289.3353       289.0158       288.2518       287.2261       286.1160       285.1365    
 1939   284.9298       285.2031       286.0579       287.2064       288.2897       289.0725       289.3501       289.0325       288.2404       287.2746       286.1612       285.2406    
 1940   284.8318       285.1619       285.9781       287.0756       288.0816       288.9078       289.1895       288.9415       288.1634       287.2639       285.9129       285.1141    
 1941   284.8945       285.1097       285.9300       286.9457       288.1853       289.0692       289.2645       289.0231       288.0735       287.2621       286.2564       285.0783    
 1942   284.8426       285.4301       285.9207       287.2165       288.2719       289.0270       289.3123       288.9890       288.3200       287.0649       286.0716       285.0914    
 1943   284.8666       285.1660       285.9071       287.1143       288.2239       289.0598       289.2516       288.9315       288.2117       287.2485       285.9081       285.0041    
 1944   284.8547       285.2462       285.7992       286.9173       288.1452       289.0093       289.1530       288.9863       288.2095       287.1950       286.0062       285.2146    
 1945   285.0074       285.2391       285.8904       286.9523       288.1546       289.0354       289.1689       288.8328       288.2598       287.0633       286.0027       285.1423    
 1946   284.8849       285.1249       285.8806       287.0011       288.2266       289.0106       289.2086       289.0453       288.3823       287.4234       286.0550       285.3271    
 1947   284.9451       285.2131       286.1737       287.1358       288.2611       289.0560       289.1431       288.9905       288.2778       287.1936       286.1129       285.2561    
 1948   284.8523       285.4285       286.0611       287.1069       288.3078       289.1503       289.3110       289.0806       288.2986       287.1190       285.9265       285.0694    
 1949   284.8010       285.1017       285.9350       287.0559       288.2565       289.1083       289.1687       288.9955       288.2340       287.4097       286.3173       285.2045    
 1950   284.8805       285.0608       285.9465       287.0269       288.1319       288.9380       289.2074       289.0173       288.2281       287.1832       286.1034       285.1680    
 1951   284.8266       285.2236       285.9699       287.0419       288.0970       289.0295       289.1368       288.9904       288.1398       287.0855       285.7682       284.8533    
 1952   284.8199       284.9763       285.7549       286.6478       287.9338       288.8213       289.0955       288.7167       287.9600       287.0282       285.8557       284.9348    
 1953   284.6449       285.0763       285.8076       286.9760       288.0749       288.9165       289.0714       288.8339       288.0698       287.0391       285.8005       285.1204    
 1954   285.0076       285.2410       285.9733       286.9911       288.1343       288.9606       289.1295       288.9373       288.1340       287.0897       285.8820       284.9989    
 1955   284.6508       285.0714       285.8862       287.0896       288.2090       289.0085       289.2275       288.8378       288.0825       287.0087       286.0048       285.0493    
 1956   284.7387       285.1959       285.8076       286.9895       288.1300       289.0821       289.2574       289.0130       288.1762       287.1534       286.1985       285.1304    
 1957   284.9391       285.1750       285.8313       287.0833       288.2986       289.1378       289.2434       289.0512       288.3470       287.2614       286.1804       285.2701    
 1958   284.9118       284.9473       285.6507       286.8012       288.1777       288.9724       289.2841       289.1730       288.2417       287.1747       286.0766       285.0251    
 1959   285.0006       285.2764       285.7411       286.9209       288.1639       288.9036       289.0064       288.8539       288.0560       286.9266       285.6598       284.8566    
 1960   284.6424       284.9112       285.6277       286.5583       287.8518       288.8398       288.9636       288.7933       287.9219       287.0005       285.9053       284.7761    
 1961   284.6467       285.0738       285.7654       286.8023       287.9783       289.0579       289.0891       288.7096       288.1209       287.1471       285.9131       285.0809    
 1962   284.9292       285.1845       285.9789       286.9980       288.2349       288.9417       289.1454       288.8119       288.0689       287.1375       285.9014       285.0355    
 1963   284.7580       285.0882       285.9351       286.9158       288.1265       289.1460       289.2148       288.8360       288.1295       287.0565       285.9654       285.0138    
 1964   284.7634       284.9373       285.7307       286.6207       287.9449       288.7155       288.8683       288.6978       287.8265       286.7798       285.6209       284.5879    
 1965   284.4428       284.8128       285.5851       286.5905       287.6614       288.5985       288.8057       288.5387       287.8245       286.8254       285.5625       284.7000    
 1966   284.6451       284.8692       285.7742       286.6970       287.8331       288.6053       288.8583       288.5340       287.8119       286.5853       285.5139       284.6980    
 1967   284.4655       284.7609       285.5215       286.6438       287.7559       288.7516       288.9302       288.6724       287.8088       286.9576       285.8472       285.1241    
 1968   284.6581       285.0457       285.9105       286.9791       287.9550       288.9205       289.0099       288.7622       288.0038       287.0266       285.8813       285.0367    
 1969   284.6785       285.1002       285.6748       286.7143       288.0315       288.8343       288.9988       288.7335       287.9839       286.9876       285.9904       284.9072    
 1970   284.6625       285.1652       285.8549       286.9943       288.2118       288.9145       289.1068       288.6307       288.0115       286.9114       285.8974       284.8557    
 1971   284.6039       285.0045       285.7271       286.6679       287.8656       288.7934       288.9019       288.6597       287.8935       286.8337       285.8431       284.8901    
 1972   284.6976       285.0666       285.7999       286.9405       287.9906       288.8254       288.9630       288.6383       287.9183       286.9765       285.7057       284.6476    
 1973   284.5809       284.9939       285.5516       286.8034       287.8806       288.6615       288.8175       288.5388       287.7582       286.9003       285.6439       284.7632    
 1974   284.5926       284.8630       285.6259       286.6080       287.9135       288.7725       288.9353       288.7527       287.9959       286.8704       285.8353       284.7570    
 1975   284.7247       284.9722       285.5803       286.6499       287.9256       288.7749       288.9145       288.7794       287.9090       286.9436       285.5969       284.7476    
 1976   284.5329       284.8478       285.5738       286.7482       288.0961       288.7676       288.9984       288.7814       288.0328       287.0775       285.8052       284.9128    
 1977   284.8088       284.9005       285.8064       286.9565       288.0901       288.8923       288.9523       288.7210       287.9944       286.8793       285.7890       285.0103    
 1978   284.5098       284.7331       285.5496       286.7695       287.9545       288.7464       288.8186       288.6323       287.7444       286.8583       285.7832       284.9474    
 1979   284.6348       285.1039       285.8380       286.8702       287.9009       288.7813       289.1521       288.7771       288.0013       287.0420       286.0465       285.2356    
 1980   284.8639       285.2361       285.9910       287.0728       288.1304       289.0373       289.0432       288.8240       288.1211       287.1591       285.9244       285.2066    
 1981   285.0840       285.2678       286.0197       287.0938       288.3542       289.0458       289.1682       288.9658       288.1450       287.1176       286.0684       285.2285    
 1982   285.0834       285.1591       286.1374       287.2674       288.3916       289.0563       289.3514       288.9490       288.1841       287.1737       286.0780       284.9248    
 1983   284.7875       285.0748       285.8865       286.9474       288.2325       288.8591       289.0471       288.9721       288.1913       287.1546       285.9743       285.2376    
 1984   284.7961       285.1243       285.9288       286.9647       288.1699       289.0154       289.1843       289.0471       288.0855       287.1875       286.1873       285.2135    
 1985   284.9483       285.3346       285.9478       286.9096       288.2441       288.9928       289.1723       289.0096       288.1985       287.0816       286.0935       285.2889    
 1986   284.9797       285.2787       285.7976       287.0274       288.1874       289.1630       289.2158       288.9341       288.2252       287.1382       286.0408       285.1402    
 1987   284.8665       285.1595       285.9554       286.9468       288.0565       288.8779       289.1713       288.9823       288.2685       287.2263       286.1473       285.0872    
 1988   284.9758       285.1196       285.9892       287.0744       288.1296       289.0905       289.2867       288.9389       288.1810       287.1073       286.0409       285.3518    
 1989   284.9979       285.2310       285.9893       287.2032       288.2787       289.0834       289.3542       289.1247       288.3709       287.2086       286.0610       285.2843    
 1990   285.0054       285.3133       285.9332       287.0128       288.2599       289.0735       289.2449       289.1473       288.4755       287.4286       286.2716       285.3981    
 1991   285.1659       285.5538       286.0723       287.2061       288.3998       289.2448       289.3461       289.2129       288.3636       287.2888       286.1245       285.2608    
 1992   284.8856       284.9956       285.7827       286.9873       288.0683       288.9199       289.1721       288.9567       288.2620       287.2527       286.1712       285.2360    
 1993   284.8621       285.4100       286.2386       287.1993       288.3509       289.1070       289.2251       288.9421       288.1572       287.1782       286.0944       285.1613    
 1994   284.8336       285.1911       285.8802       286.8633       288.0700       289.0276       289.2535       289.0654       288.4275       287.2871       286.1857       285.4871    
 1995   285.1414       285.4514       286.1241       287.2639       288.3318       289.1488       289.4319       289.1432       288.3914       287.3857       286.2035       285.0871    
 1996   284.8339       285.3394       286.1055       287.2987       288.4292       289.2249       289.3564       289.1642       288.3783       287.2770       286.3122       285.3107    
 1997   284.8905       285.5203       285.9799       287.0958       288.3110       289.0946       289.2875       289.1089       288.2771       287.3646       286.2885       285.3004    
 1998   285.2114       285.4316       285.9253       287.2251       288.5171       289.2415       289.5003       289.3466       288.5862       287.5284       286.4955       285.5023    
 1999   285.1882       285.3108       286.0859       287.2428       288.3310       289.2506       289.4684       289.2618       288.4283       287.4017       286.4181       285.5446    
 2000   284.9900       285.3210       286.0985       287.2894       288.5785       289.4065       289.5361       289.3571       288.6089       287.5700       286.3923       285.4220    
 2001   285.2523       285.5963       286.4368       287.5493       288.6342       289.5282       289.6117       289.4753       288.6898       287.5925       286.6710       285.6075    
 2002   285.4333       285.5856       286.1913       287.4589       288.6835       289.4802       289.3309       289.3006       288.5342       287.8004       286.5476       285.6811    
 2003   285.3941       285.6038       286.3885       287.2515       288.3794       289.3036       289.5247       289.3510       288.6017       287.6377       286.4832       285.6238    
 2004   285.3925       285.7381       286.3351       287.4979       288.6160       289.3058       289.5681       289.3179       288.6667       287.6158       286.5691       285.6017    
 2005   285.3436       285.4868       286.3012       287.3623       288.5895       289.3853       289.5669       289.4173       288.7832       287.7653       286.7167       285.8393    
 2006   285.8007       285.9955       286.5365       287.5873       288.8202       289.4222       289.7716       289.4092       288.7142       287.6780       286.6410       285.6494    
 2007   285.4245       285.7339       286.2103       287.5178       288.6313       289.4239       289.4241       289.3762       288.5847       287.4150       286.4747       285.5013    
 2008   285.3696       285.5751       286.1699       287.3724       288.5342       289.3626       289.5212       289.3698       288.6645       287.7752       286.4594       285.4688    
 2009   285.3220       285.6799       286.4285       287.4186       288.6376       289.4196       289.7562       289.3786       288.6290       287.6405       286.6808       285.6961    
 2010   285.2220       285.5672       286.2162       287.3040       288.7185       289.4625       289.7543       289.3645       288.7489       287.6889       286.6073       285.8478    
 2011   285.3526       285.7261       286.5270       287.7129       288.6588       289.5334       289.7285       289.4193       288.7291       287.7325       286.5681       285.6873    
 2012   285.4329       285.8384       286.4689       287.7754       288.7324       289.4948       289.7966       289.4699       288.9375       287.8176       286.7046       285.6354    
 2013   285.3832       285.5261       286.4092       287.5100       288.7878       289.6161       289.8452       289.5232       288.7559       287.8655       286.6853       285.9464    
 2014   285.6038       285.7678       286.8308       287.6981       288.8123       289.5746       289.7102       289.4436       288.6912       287.8354       286.8304       285.8610    
 2015   285.6476       285.8999       286.5688       287.7066       288.8285       289.5877       289.7722       289.5687       288.9661       288.0582       287.0232       285.9655    
 2016   285.7348       286.2049       286.6248       287.7722       289.0337       289.6460       289.9951       289.8084       289.2044       288.1583       287.0562       285.9379    
 2017   285.7334       286.0633       286.8158       287.8270       289.0288       289.6852       290.0479       289.8523       289.1871       288.0732       286.9597       286.1014    
 2018   285.7178       286.0519       286.6527       287.8661       288.8877       289.6950       289.9924       289.8149       289.0264       288.0296       286.9062       285.9693    
 2019   285.5870       285.8458       286.6349       287.9648       289.1212       289.9171       290.0269       289.9131       289.1322       288.3409       287.0904       286.2821    
 2020   285.9524       286.2433       287.0665       288.0648       289.2227       289.9438       290.0290       289.7132       289.1820       288.2433       287.2699       286.3032    
 2021   285.9332       286.1973       286.9153       288.0820       289.0943       289.8775       290.0941       289.9074       289.2676       288.3189       287.1433       286.0386    
 2022   286.0722       286.1166       286.7181       287.8834       289.1462       289.9274       290.0302       289.9033       289.1589       288.1806       287.0655       286.2668    
 2023   285.8372       286.2173       287.1169       288.0676       289.3665       290.1046       290.2917       289.9147       289.4322       288.4923       287.2790       286.3094    
 2024   285.9518       286.1104       286.8170       287.9370       289.1558       289.9396       290.0888       289.9194       289.2047       288.1363       287.0920       286.2208    
 2025   286.0049       286.1038       286.7355       287.8323       289.1762       289.8697       290.0330       289.8694       289.2193       288.3033       287.1881       286.3112    
 2026   286.0716       286.3518       287.1259       288.0877       289.3996       290.0454       290.2398       290.0536       289.4158       288.5120       287.3568       286.4006    
 2027   286.0511       286.3466       286.8613       288.1851       289.3114       290.2547       290.3852       290.1775       289.4606       288.6356       287.5133       286.6079    
 2028   286.3289       286.4948       287.1868       288.1347       289.3864       290.1468       290.3611       290.2510       289.5010       288.4618       287.3866       286.3661    
 2029   286.2862       286.6608       287.4256       288.4020       289.6329       290.4524       290.5486       290.3884       289.5597       288.6330       287.6250       286.6318    
 2030   286.2581       286.7039       287.2669       288.3148       289.4541       290.2385       290.4301       290.3421       289.5750       288.6066       287.5121       286.6799    
 2031   286.3397       286.6481       287.4153       288.2356       289.4427       290.2608       290.6095       290.4454       289.8423       288.7313       287.5533       286.7784    
 2032   286.5744       286.8060       287.2911       288.5377       289.6338       290.3373       290.4612       290.5118       289.8667       288.8680       287.7316       286.6868    
 2033   286.3902       286.8931       287.4082       288.4992       289.6262       290.3597       290.6807       290.4927       289.7731       288.7899       287.6844       286.8159    
 2034   286.2787       286.6671       287.3322       288.4780       289.6214       290.3612       290.5042       290.2495       289.6286       288.8013       287.7383       286.6624    
 2035   286.4331       286.7716       287.2220       288.5390       289.5536       290.4118       290.6407       290.2879       289.7207       288.8529       287.7286       286.9631    
 2036   286.6101       286.7351       287.3861       288.5176       289.7284       290.4356       290.6251       290.3369       289.7560       288.6655       287.6429       286.8474    
 2037   286.3660       286.6881       287.5470       288.5284       289.7647       290.4546       290.5220       290.5102       289.7852       288.8049       287.7719       286.9149    
 2038   286.3428       286.5194       287.2869       288.6122       289.7179       290.5404       290.8154       290.6321       289.9242       288.9714       288.0120       287.0049    
 2039   286.6224       287.0319       287.6177       288.5628       289.7580       290.5582       290.7108       290.6420       290.1084       289.1647       287.9182       286.9877    
 2040   286.9414       287.0777       287.8716       288.7717       289.9799       290.6940       290.9549       290.7472       289.9827       289.2113       288.0279       287.0668    
 2041   286.6498       287.0652       287.7097       288.8323       289.9269       290.6627       290.8441       290.6913       289.7876       288.9810       287.8635       286.8241    
 2042   286.4353       286.7790       287.6779       288.7386       289.7050       290.5212       290.7259       290.6180       289.8666       289.0158       287.8048       287.2435    
 2043   286.7977       286.8368       287.4760       288.7315       289.8774       290.6835       290.9596       290.7323       290.0724       289.0102       287.9074       287.0055    
 2044   286.6786       287.1011       287.8569       288.8135       290.0880       290.8011       291.0092       290.8322       290.1124       289.1624       288.2400       287.4376    
 2045   286.9439       287.2478       287.9775       289.0255       290.0489       290.8897       291.1788       290.9450       290.4232       289.4698       288.4902       287.5313    
 2046   287.1382       287.3962       288.0226       289.1298       290.2414       290.9464       291.0704       291.1239       290.3449       289.3294       288.1797       287.4273    
 2047   287.2659       287.4646       288.1687       289.1607       290.1413       291.0282       291.2241       291.1238       290.4648       289.3841       288.3600       287.5179    
 2048   287.2230       287.4815       288.1774       289.2900       290.3342       291.1256       291.2419       291.1517       290.4922       289.5255       288.7392       287.7243    
 2049   287.5507       287.4768       288.3260       289.1558       290.2716       290.9832       291.2766       291.0732       290.3842       289.5104       288.3728       287.5511    
 2050   287.3755       287.7943       288.5215       289.3158       290.5302       291.1578       291.4322       291.3007       290.6501       289.6620       288.6432       287.8407    
 2051   287.7941       287.8770       288.4841       289.4889       290.5872       291.2499       291.5541       291.2260       290.6577       289.8424       288.8038       288.0222    
 2052   287.4014       287.5530       288.2018       289.2918       290.5271       291.3349       291.5396       291.5340       290.7898       289.7564       288.7490       288.1132    
 2053   287.6669       287.8704       288.3838       289.1862       290.4070       291.2152       291.5096       291.4471       290.7201       289.7889       288.7405       287.9196    
 2054   287.6470       287.7799       288.3495       289.3350       290.5914       291.2719       291.5188       291.4481       290.7083       289.8672       288.8415       288.1392    
 2055   287.9212       288.0956       288.7708       289.6213       290.7375       291.2971       291.6086       291.4721       290.8629       289.8872       288.9038       288.1080    
 2056   287.8345       288.1852       288.9021       289.9907       290.9611       291.5519       292.0015       291.7577       291.0140       290.0150       288.8981       288.0610    
 2057   287.8598       288.0677       288.6150       289.8109       290.8523       291.6566       291.7855       291.5635       290.9935       290.0749       289.1153       288.3358    
 2058   288.0848       288.2947       289.0089       289.8641       290.9599       291.6899       291.8138       291.8168       291.1678       290.2362       289.0826       288.1591    
 2059   287.7715       288.2040       288.7153       289.8097       290.9330       291.5214       291.8013       291.7365       291.0916       290.1510       289.1424       288.5265    
 2060   288.1216       288.5862       289.1494       290.0106       291.1006       291.6819       291.9879       291.8447       291.2014       290.2732       289.2897       288.4598    
 2061   288.1469       288.1822       288.8917       289.9505       291.0996       291.6214       292.0107       292.0049       291.3873       290.3674       289.4424       288.4479    
 2062   288.2013       288.3018       288.9892       289.8531       291.0112       291.7477       292.0363       291.7906       291.2230       290.3759       289.2915       288.4742    
 2063   288.1904       288.2669       289.0220       290.0468       291.0361       291.7224       292.1019       291.9660       291.3853       290.3943       289.3818       288.6270    
 2064   288.3313       288.6180       289.0557       290.0674       291.0623       291.8479       291.9812       291.9854       291.3438       290.3214       289.1232       288.3682    
 2065   288.2894       288.5901       289.1268       290.0067       291.1803       291.9855       292.1662       292.0665       291.4396       290.6375       289.6987       288.8614    
 2066   288.7833       288.8755       289.4332       290.4079       291.3714       292.0294       292.4204       292.1906       291.4685       290.6160       289.6261       288.7628    
 2067   288.4084       288.5653       289.2570       290.2073       291.2734       292.0818       292.3112       292.1359       291.4455       290.5358       289.3827       288.5499    
 2068   288.5206       288.5202       289.1196       290.2119       291.3336       291.9511       292.2270       292.1091       291.4968       290.6318       289.5390       288.9295    
 2069   288.6595       288.9868       289.4309       290.4435       291.4601       292.0825       292.3848       292.3569       291.7054       290.7531       289.5858       289.0670    
 2070   288.8073       288.8575       289.4054       290.3349       291.4067       292.2118       292.4089       292.2925       291.7620       290.6696       289.7037       289.0251    
 2071   288.7431       289.0157       289.5629       290.5005       291.5257       292.2656       292.5133       292.4295       291.9378       290.9191       289.9520       289.1566    
 2072   288.9216       289.1459       289.6586       290.6766       291.7650       292.3186       292.7588       292.5564       292.0038       290.9759       290.0214       289.2558    
 2073   289.0012       289.2856       289.8784       290.7412       291.8130       292.4133       292.8136       292.8334       292.1010       291.2609       290.0973       289.3297    
 2074   289.0281       289.2859       289.7724       290.8616       291.8462       292.6445       292.8638       292.6715       292.1079       291.1443       290.1317       289.4359    
 2075   289.0151       289.2098       289.7843       290.7708       291.7911       292.4721       292.7964       292.7116       292.1038       291.0578       290.1132       289.2514    
 2076   289.0573       289.1069       289.8488       290.9154       291.9404       292.4780       292.9499       292.8917       292.2028       291.1376       290.2618       289.4022    
 2077   289.2620       289.3365       290.0489       290.8899       291.8781       292.6545       292.9958       292.7749       292.0824       291.3102       290.3451       289.5214    
 2078   289.2837       289.5553       289.9068       291.1307       292.0945       292.7047       293.0717       293.1401       292.3775       291.3589       290.4241       289.5245    
 2079   289.2664       289.5839       289.9794       291.0218       292.1648       292.7729       293.2450       293.0477       292.4536       291.5188       290.4021       289.6540    
 2080   289.2933       289.6404       290.0487       291.0993       292.3018       292.9254       293.2780       293.1372       292.5457       291.4825       290.4298       289.7687    
 2081   289.3848       289.8405       290.2774       291.1727       292.2418       292.9344       293.2453       293.1977       292.5367       291.6215       290.6826       289.9511    
 2082   289.6200       289.7921       290.2135       291.1897       292.1468       292.9117       293.1833       293.1418       292.4958       291.5085       290.3940       289.9255    
 2083   289.6428       289.7430       290.3943       291.0830       292.2148       292.9034       293.2346       293.1290       292.5940       291.6469       290.4368       289.6942    
 2084   289.8188       289.8610       290.2432       291.1466       292.1221       292.8931       293.3373       293.1869       292.3893       291.4922       290.4985       289.7470    
 2085   289.6508       289.9498       290.5103       291.2373       292.2339       292.9134       293.1762       293.1703       292.5318       291.5620       290.4748       289.5821    
 2086   289.6558       289.7601       290.4256       291.3094       292.2931       293.0394       293.3867       293.2832       292.8426       291.7002       290.7016       289.9658    
 2087   289.8154       289.8723       290.6561       291.4900       292.5049       293.2045       293.5278       293.3720       292.7725       291.7758       290.9158       290.1273    
 2088   289.8969       290.0695       290.8138       291.4901       292.4714       293.2557       293.6547       293.6265       293.0491       291.9741       290.9803       290.0690    
 2089   290.0119       290.1517       290.6337       291.5085       292.4230       293.2008       293.4452       293.4898       292.7852       291.8143       290.8564       290.0224    
 2090   289.7024       290.1378       290.5662       291.3317       292.4764       293.2239       293.6369       293.6793       292.9394       292.0049       291.0854       290.3048    
 2091   290.2250       290.5827       291.0241       291.8463       292.8488       293.6024       294.1102       293.8651       293.1055       292.2346       291.1267       290.5487    
 2092   290.1513       290.3275       290.8572       291.7692       292.7836       293.3984       293.7883       293.7246       293.1493       292.2467       291.2232       290.3578    
 2093   290.3716       290.6593       291.1115       292.0117       292.8564       293.6201       294.1008       293.9601       293.3773       292.3454       291.2753       290.6481    
 2094   290.2992       290.6003       291.0714       291.8537       292.8698       293.7257       293.9985       293.9518       293.1628       292.1966       291.1884       290.4656    
 2095   290.3007       290.5574       291.1759       292.0252       293.0789       293.7555       294.1520       294.1240       293.4220       292.4220       291.3298       290.4874    
 2096   290.0743       290.4661       290.9944       291.9099       292.8086       293.5972       294.0503       293.9032       293.3370       292.4087       291.4545       290.6934    
 2097   290.5601       290.8964       291.5709       292.2903       293.1057       293.8773       294.1609       294.1687       293.4927       292.5863       291.5539       290.9358    
 2098   290.7970       291.0616       291.2906       292.1036       293.0252       293.8050       294.1113       294.0282       293.3659       292.4489       291.3196       290.6512    
 2099   290.4568       290.8830       291.3690       292.3744       293.0867       293.8104       294.3279       294.0971       293.5491       292.5901       291.6934       290.7955    
 2100   290.4996       290.7679       291.3239       292.3444       293.1709       293.8954       294.1827       294.2021       293.5168       292.5254       291.3951       290.8667    
