# ensemble mea of file global_tas_Amon_CCSM4_rcp45_%%.dat
# using members   0 to   5
# <a href=http://cmip-pcmdi.llnl.gov/cmip5/>CMIP5</a> global mean temperature computed at <a href=http://www.knmi.nl/selectfield_cmip5.cgi?someone@somewhere>KNMI Climate Explorer</a> tas_Amon_CCSM4_rcp45_r1i1p1
# tas [K] from CCSM4 model output prepared for CMIP5 RCP4.5 r1i1p1
# cutting out region lon=   -0.625  359.375, lat=  -90.000   90.000
 1850   284.6950       285.0210       285.5392       286.4163       287.2423       288.0799       288.5279       288.2377       287.5070       286.4784       285.4352       284.8426    
 1851   284.8037       285.1752       285.7074       286.5802       287.4315       288.1768       288.5616       288.2715       287.5237       286.4779       285.4861       284.8267    
 1852   284.8018       284.8871       285.6214       286.3364       287.3041       288.0309       288.4476       288.2543       287.4627       286.4745       285.4756       284.7457    
 1853   284.7052       285.0421       285.6883       286.4854       287.3357       288.1321       288.5036       288.2376       287.5034       286.4121       285.3957       284.8094    
 1854   284.5988       284.9085       285.5104       286.2725       287.1703       287.8765       288.2972       288.1257       287.3967       286.2770       285.3062       284.6469    
 1855   284.6202       284.9162       285.5503       286.4267       287.2965       288.0035       288.4814       288.2974       287.5433       286.3892       285.3404       284.8997    
 1856   284.7465       284.9966       285.6548       286.4288       287.3844       288.1177       288.5377       288.3444       287.6454       286.4766       285.3504       284.7317    
 1857   284.7637       284.9698       285.7060       286.4494       287.3614       288.0447       288.4463       288.2637       287.4555       286.3506       285.3706       284.8480    
 1858   284.6331       284.8421       285.5269       286.3444       287.2374       287.9367       288.4585       288.1852       287.4557       286.3922       285.3815       284.7654    
 1859   284.7087       284.9007       285.5187       286.3202       287.2630       288.0008       288.4286       288.2901       287.4978       286.3406       285.3376       284.6876    
 1860   284.6729       284.9524       285.5507       286.3542       287.2494       288.0216       288.4456       288.2083       287.4308       286.4039       285.3978       284.7463    
 1861   284.6610       284.9625       285.6161       286.3520       287.2931       288.0288       288.4956       288.2762       287.4421       286.3788       285.3395       284.7169    
 1862   284.5573       284.9366       285.5053       286.3925       287.3171       288.0721       288.4496       288.2322       287.5223       286.4164       285.4207       284.7609    
 1863   284.6653       284.9314       285.5828       286.4289       287.2950       288.0335       288.4997       288.2890       287.5141       286.4471       285.4804       284.8170    
 1864   284.7412       284.9439       285.5634       286.4342       287.3497       288.0285       288.4364       288.1946       287.4668       286.4214       285.3916       284.7012    
 1865   284.5637       284.8619       285.5406       286.3934       287.2451       288.0721       288.4817       288.2850       287.4712       286.3831       285.4378       284.8615    
 1866   284.7775       284.9856       285.4845       286.3478       287.2874       287.9439       288.4257       288.2244       287.4809       286.4202       285.3573       284.8383    
 1867   284.6840       284.9364       285.5385       286.4275       287.2743       288.0366       288.4785       288.2965       287.4760       286.4367       285.5356       284.8570    
 1868   284.7052       284.9302       285.6577       286.4789       287.3008       288.0680       288.5280       288.3242       287.5571       286.5655       285.5436       285.0195    
 1869   284.8769       285.1862       285.6829       286.4908       287.3395       288.0523       288.5110       288.3238       287.5382       286.4665       285.4088       284.8706    
 1870   284.5955       284.9925       285.5189       286.2952       287.2013       287.9001       288.4484       288.2895       287.4815       286.3899       285.3539       284.6969    
 1871   284.5694       285.0019       285.5587       286.4535       287.2642       288.0034       288.5002       288.2948       287.5407       286.4373       285.5019       284.8683    
 1872   284.6308       284.8734       285.6623       286.4309       287.3155       288.2014       288.5321       288.3326       287.5252       286.5173       285.5354       284.8896    
 1873   284.7957       285.1091       285.7171       286.5354       287.3781       288.2055       288.5951       288.3836       287.5718       286.4848       285.4740       284.9218    
 1874   284.8100       284.9885       285.7080       286.6129       287.3462       288.1220       288.5497       288.3068       287.5506       286.4336       285.4665       284.8240    
 1875   284.6941       284.9917       285.6020       286.5522       287.4170       288.1595       288.5865       288.2912       287.5927       286.5567       285.5790       284.9276    
 1876   284.8156       285.1613       285.7929       286.5034       287.3794       288.2296       288.5834       288.3324       287.5486       286.5480       285.5513       284.7769    
 1877   284.7351       285.0638       285.6694       286.5500       287.4176       288.1268       288.5397       288.3211       287.5045       286.4077       285.4503       284.7836    
 1878   284.6258       284.8882       285.4911       286.2982       287.2737       288.0319       288.4324       288.2969       287.4760       286.3951       285.3792       284.7341    
 1879   284.6574       284.8732       285.6128       286.4065       287.2962       288.0413       288.5164       288.2981       287.5773       286.5004       285.4918       284.7979    
 1880   284.7763       285.0901       285.6404       286.5007       287.4335       288.1468       288.5935       288.3972       287.5883       286.5202       285.4719       284.8082    
 1881   284.8301       285.0361       285.7055       286.5780       287.4580       288.1855       288.5984       288.4087       287.6249       286.5745       285.4805       284.9361    
 1882   284.7990       285.0907       285.6874       286.5049       287.4241       288.1096       288.5909       288.3587       287.6173       286.5457       285.5709       284.9616    
 1883   284.7677       285.1133       285.6417       286.5260       287.3947       288.1016       288.4990       288.2616       287.4662       286.3102       285.1904       284.5559    
 1884   284.2906       284.4705       285.1043       285.9199       286.7182       287.4074       287.8828       287.7088       286.9115       285.9820       284.9563       284.3661    
 1885   284.4149       284.6901       285.2967       286.1544       286.9381       287.7503       288.1855       288.0292       287.2520       286.1606       285.2471       284.5244    
 1886   284.4950       284.8258       285.4084       286.1838       287.0395       287.8021       288.3053       288.0345       287.2996       286.2490       285.2385       284.6357    
 1887   284.3459       284.7818       285.3465       286.1912       287.1407       287.8146       288.2328       288.0766       287.3623       286.2843       285.2049       284.6374    
 1888   284.5117       284.7816       285.4447       286.3970       287.2973       287.9932       288.4967       288.2832       287.4762       286.3942       285.3260       284.6721    
 1889   284.5338       284.8258       285.4195       286.3459       287.2497       287.9992       288.4914       288.2803       287.4741       286.4448       285.4814       284.8068    
 1890   284.7260       284.9874       285.4798       286.3849       287.1642       287.8342       288.3009       288.0567       287.2421       286.1708       285.0517       284.4881    
 1891   284.4555       284.8316       285.3491       286.2273       287.0530       287.8706       288.2622       288.0844       287.2807       286.1743       285.2307       284.5596    
 1892   284.5307       284.8074       285.4335       286.2611       287.1382       287.9130       288.2910       288.1131       287.3629       286.2468       285.2546       284.6366    
 1893   284.4271       284.7587       285.4679       286.3046       287.2068       287.9895       288.4420       288.1754       287.4191       286.2727       285.3022       284.7457    
 1894   284.7025       284.9949       285.5737       286.3660       287.2692       287.9996       288.4746       288.2731       287.4268       286.4349       285.4665       284.7416    
 1895   284.7081       284.9983       285.6381       286.4988       287.3416       288.1015       288.5008       288.2922       287.4878       286.4303       285.4182       284.8333    
 1896   284.7334       284.9000       285.5854       286.5135       287.4091       288.1460       288.5934       288.3592       287.5294       286.4174       285.5132       284.9583    
 1897   284.7905       284.9267       285.6586       286.4745       287.3318       288.1387       288.5136       288.2184       287.4942       286.4320       285.4078       284.8144    
 1898   284.6726       284.9782       285.5854       286.4254       287.2884       288.0508       288.4869       288.3260       287.5077       286.5285       285.5378       284.8783    
 1899   284.7257       285.1247       285.6596       286.4569       287.3861       288.1187       288.5323       288.3752       287.5489       286.5160       285.5039       284.8868    
 1900   284.6379       284.9297       285.4983       286.4081       287.2954       288.0323       288.4670       288.3363       287.5255       286.4558       285.4127       284.8713    
 1901   284.6424       285.0361       285.5983       286.5063       287.3549       288.1000       288.5721       288.3714       287.5267       286.4919       285.5718       284.8884    
 1902   284.7594       285.1624       285.7408       286.4903       287.3942       288.1651       288.5369       288.2617       287.5357       286.4209       285.2945       284.6469    
 1903   284.4815       284.6623       285.2834       286.1242       286.9052       287.6204       288.0616       287.8751       287.0711       285.9852       284.9649       284.3088    
 1904   284.1817       284.5219       285.1987       286.0180       286.9950       287.7592       288.2162       288.0147       287.2369       286.1817       285.1598       284.4737    
 1905   284.5046       284.8237       285.4675       286.2112       287.1796       287.9075       288.3489       288.1585       287.3562       286.3690       285.3186       284.7808    
 1906   284.5505       284.8757       285.4092       286.3408       287.2604       287.9441       288.3903       288.2284       287.4776       286.3770       285.3534       284.7475    
 1907   284.6239       284.9549       285.4319       286.3479       287.2499       287.9394       288.3851       288.1394       287.4116       286.3617       285.3456       284.7063    
 1908   284.5454       284.9877       285.5030       286.3783       287.2265       288.0357       288.4353       288.2714       287.4656       286.4179       285.4547       284.8437    
 1909   284.7811       285.0360       285.6133       286.4935       287.3935       288.1961       288.6155       288.4126       287.5972       286.5305       285.5063       284.9988    
 1910   284.7424       285.1552       285.7926       286.6633       287.4909       288.1939       288.6284       288.3380       287.5742       286.5111       285.4589       284.8624    
 1911   284.7306       284.9487       285.6482       286.4226       287.3071       288.0350       288.4602       288.2641       287.4667       286.3921       285.4763       284.6981    
 1912   284.6101       284.8768       285.6730       286.4635       287.3275       288.0385       288.4482       288.1912       287.3729       286.2127       285.3361       284.7173    
 1913   284.7041       285.0116       285.6237       286.4233       287.3128       288.0895       288.4363       288.2447       287.4717       286.3886       285.4601       284.9180    
 1914   284.8505       285.0352       285.6234       286.5656       287.4285       288.1947       288.5838       288.2766       287.5252       286.4662       285.4755       284.9608    
 1915   284.6637       284.9927       285.6278       286.5367       287.4194       288.1359       288.5356       288.3553       287.5750       286.3988       285.5392       284.8458    
 1916   284.7129       284.9840       285.6423       286.4649       287.3968       288.1062       288.6063       288.3926       287.6401       286.4605       285.3728       284.8137    
 1917   284.6687       285.0409       285.6989       286.5175       287.4399       288.2419       288.6731       288.5048       287.6752       286.5626       285.6082       284.9687    
 1918   284.7339       285.1176       285.6938       286.5262       287.4327       288.2810       288.6888       288.4987       287.6550       286.6504       285.6483       284.8920    
 1919   284.8540       285.0599       285.8049       286.5945       287.4561       288.2480       288.6509       288.4716       287.7007       286.5847       285.5274       284.9082    
 1920   284.8250       285.1628       285.6498       286.5786       287.4354       288.2343       288.6458       288.4680       287.5762       286.4625       285.5406       284.9310    
 1921   284.7421       285.0237       285.7542       286.4958       287.3885       288.1098       288.6241       288.4363       287.6667       286.5491       285.5621       284.9542    
 1922   284.8798       285.2124       285.8150       286.6997       287.5381       288.2588       288.6416       288.5146       287.6922       286.6783       285.5771       284.9958    
 1923   284.8197       285.0719       285.7261       286.5638       287.4535       288.2652       288.6053       288.4007       287.6410       286.6104       285.5056       284.9240    
 1924   284.8837       285.1733       285.7655       286.5972       287.4773       288.1786       288.5738       288.4441       287.6324       286.5113       285.6234       284.9823    
 1925   284.8338       285.2079       285.8114       286.6046       287.4550       288.2455       288.6694       288.4595       287.7025       286.6345       285.6237       284.9858    
 1926   284.8328       285.2646       285.7718       286.5204       287.5009       288.2260       288.7168       288.4501       287.7094       286.6841       285.6988       285.1147    
 1927   285.0131       285.4053       285.8930       286.7289       287.5757       288.3382       288.6933       288.4895       287.7195       286.6898       285.7095       285.1161    
 1928   285.0365       285.1740       285.8553       286.6425       287.5017       288.2777       288.7164       288.5244       287.7063       286.6819       285.5934       284.9769    
 1929   284.9208       285.1027       285.6825       286.5265       287.4016       288.1607       288.6885       288.3536       287.6082       286.5431       285.4751       284.8927    
 1930   284.8989       285.1262       285.8228       286.6018       287.4735       288.2713       288.6289       288.4191       287.6850       286.6860       285.6432       284.9932    
 1931   285.0307       285.2898       285.8178       286.6877       287.5388       288.3141       288.7247       288.4995       287.7449       286.7065       285.7050       285.0742    
 1932   284.8597       285.1738       285.7179       286.6198       287.4902       288.2275       288.6505       288.4457       287.6374       286.5340       285.5359       284.9966    
 1933   284.8431       285.0183       285.6585       286.4895       287.3943       288.1602       288.6042       288.3895       287.7040       286.6053       285.6092       285.0205    
 1934   285.0181       285.2521       285.7774       286.6146       287.5352       288.2691       288.6852       288.4785       287.7435       286.6566       285.6607       285.0779    
 1935   284.8726       285.1684       285.7885       286.6402       287.5072       288.2804       288.7041       288.4664       287.7308       286.6674       285.6932       285.0453    
 1936   284.8179       285.1754       285.8291       286.6865       287.5350       288.3416       288.7172       288.4684       287.6930       286.6295       285.6548       284.9840    
 1937   284.8286       285.2816       285.7609       286.6533       287.5597       288.3006       288.7349       288.4916       287.7034       286.6600       285.7109       285.0695    
 1938   284.9310       285.2285       285.9054       286.6753       287.4624       288.3432       288.7227       288.5048       287.7361       286.6534       285.6066       285.0191    
 1939   284.9321       285.1732       285.8225       286.6413       287.5205       288.2405       288.6706       288.4782       287.7184       286.6838       285.6889       285.0957    
 1940   284.9635       285.2152       285.8225       286.6055       287.5563       288.3023       288.7682       288.5882       287.7523       286.6660       285.6973       284.9898    
 1941   284.9797       285.1871       285.8615       286.6337       287.5577       288.3246       288.7591       288.5033       287.7760       286.7501       285.7274       285.2050    
 1942   285.0816       285.2894       285.9474       286.7389       287.6212       288.4267       288.8054       288.5763       287.8120       286.7651       285.8758       285.2119    
 1943   285.1137       285.3326       285.9162       286.8542       287.6187       288.3735       288.7514       288.4925       287.7648       286.7420       285.6283       285.0985    
 1944   284.8980       285.1612       285.8244       286.5939       287.5628       288.2709       288.7533       288.4991       287.7093       286.6416       285.6393       284.9733    
 1945   284.9284       285.2731       285.8140       286.6705       287.5641       288.2788       288.6938       288.5329       287.8440       286.7186       285.8207       285.2328    
 1946   285.0574       285.3501       285.9468       286.8208       287.6851       288.3994       288.8140       288.6442       287.8948       286.7612       285.7361       285.0860    
 1947   284.8750       285.2915       285.8410       286.7632       287.6462       288.3919       288.7891       288.5522       287.7214       286.7263       285.6768       285.1706    
 1948   285.0428       285.2935       285.9151       286.6855       287.5990       288.3013       288.7409       288.5286       287.8106       286.7052       285.7156       285.1248    
 1949   284.8881       285.2726       285.7996       286.6493       287.5166       288.2775       288.7243       288.5753       287.7493       286.6867       285.7570       285.0804    
 1950   285.0504       285.3025       285.8816       286.6913       287.5641       288.3314       288.7489       288.5147       287.8329       286.7810       285.7976       285.2193    
 1951   285.1163       285.3155       285.8943       286.6941       287.6267       288.3683       288.7810       288.5636       287.8307       286.8012       285.7556       285.1554    
 1952   285.0721       285.4400       286.0055       286.7462       287.6514       288.3445       288.7377       288.5125       287.8447       286.7160       285.7326       285.2007    
 1953   285.0594       285.3586       285.8499       286.7107       287.5760       288.2683       288.6873       288.4909       287.7613       286.7123       285.7509       285.0509    
 1954   285.0020       285.3318       285.9255       286.5943       287.5482       288.2735       288.6846       288.5337       287.6700       286.7298       285.7180       285.1745    
 1955   285.0502       285.3318       285.9996       286.7302       287.6495       288.3697       288.7675       288.5451       287.8223       286.7411       285.7687       285.2224    
 1956   285.0391       285.3009       285.9483       286.7738       287.7078       288.3826       288.7885       288.5694       287.8391       286.7762       285.8064       285.2456    
 1957   285.0506       285.3438       286.0799       286.8903       287.6847       288.4787       288.8661       288.6287       287.8953       286.8348       285.8878       285.1660    
 1958   285.1114       285.4341       286.0394       286.8571       287.6815       288.4342       288.7320       288.6010       287.7970       286.7780       285.7367       285.1144    
 1959   284.9261       285.2638       285.8731       286.6648       287.5442       288.3756       288.7701       288.5765       287.8615       286.7253       285.7395       285.1675    
 1960   285.0312       285.2393       285.9317       286.7535       287.6699       288.4358       288.7788       288.6391       287.8176       286.8100       285.8544       285.2699    
 1961   285.2082       285.4212       286.0046       286.8189       287.6575       288.4008       288.8324       288.6369       287.8311       286.8128       285.8877       285.1916    
 1962   285.0085       285.3130       286.0221       286.8440       287.6873       288.4209       288.8300       288.6147       287.8413       286.8134       285.8335       285.0971    
 1963   285.0082       285.3107       285.9162       286.6926       287.5276       288.2431       288.6646       288.3706       287.6499       286.6354       285.5667       284.9135    
 1964   284.8242       285.0609       285.7233       286.5149       287.4087       288.1206       288.5647       288.3209       287.5648       286.5684       285.6468       284.9797    
 1965   284.8675       285.0637       285.7127       286.5823       287.4458       288.2032       288.6519       288.4155       287.6979       286.6474       285.6328       284.9748    
 1966   284.8757       285.2360       285.8040       286.6975       287.5342       288.2993       288.7376       288.5160       287.7589       286.6952       285.7444       285.0734    
 1967   285.0190       285.1577       285.7852       286.6631       287.5844       288.3968       288.7419       288.5325       287.7548       286.7267       285.7694       285.1293    
 1968   285.0134       285.3714       285.9034       286.6902       287.6039       288.4167       288.7960       288.6059       287.8488       286.7858       285.8081       285.2339    
 1969   285.2067       285.4326       286.0496       286.8138       287.7032       288.4480       288.8036       288.6486       287.8167       286.7899       285.8482       285.3214    
 1970   285.1087       285.2908       285.9734       286.8492       287.6783       288.4026       288.8205       288.5737       287.8737       286.7449       285.7027       285.1834    
 1971   284.9620       285.2794       285.9841       286.7924       287.6562       288.3445       288.8276       288.6130       287.8719       286.7574       285.7743       285.1583    
 1972   285.1072       285.3766       286.0957       286.8723       287.6918       288.3781       288.8847       288.7180       287.8301       286.8746       285.8357       285.2527    
 1973   285.0938       285.3800       285.9099       286.7949       287.7264       288.5453       288.9603       288.8096       288.0165       286.9747       285.8814       285.4059    
 1974   285.3231       285.4949       286.1214       286.9144       287.8011       288.6114       288.9911       288.7740       287.9412       286.9587       286.0237       285.4399    
 1975   285.1818       285.5043       286.1474       287.0392       287.8038       288.4890       288.9615       288.7245       287.9835       286.9093       285.8559       285.3372    
 1976   285.1865       285.4857       286.0986       286.8517       287.7610       288.5204       288.9378       288.7594       288.0320       286.9513       286.0051       285.3798    
 1977   285.2177       285.5944       286.2392       286.9768       287.8946       288.6235       289.0362       288.8471       288.1309       287.0782       286.0847       285.4568    
 1978   285.3336       285.6550       286.3438       287.1455       288.0537       288.7271       289.1900       288.8604       288.1084       287.1013       286.1449       285.4642    
 1979   285.4055       285.6389       286.2771       287.0166       287.8960       288.6149       289.0563       288.8983       288.1589       287.0653       286.0972       285.4609    
 1980   285.4336       285.6485       286.3603       287.0302       287.9821       288.6884       289.1526       288.8765       288.1453       287.1819       286.1629       285.5459    
 1981   285.4620       285.7167       286.2821       287.1439       287.9336       288.7340       289.1580       288.9588       288.1814       287.1894       286.1895       285.5512    
 1982   285.4409       285.6806       286.4022       287.2104       287.9718       288.7390       289.1605       288.8100       288.0220       286.9453       285.9366       285.1742    
 1983   285.1914       285.4764       286.0766       286.9159       287.7884       288.5347       288.9645       288.7602       288.0102       287.0018       285.9631       285.4789    
 1984   285.2720       285.5088       286.1714       287.0818       287.9313       288.6139       289.0324       288.8355       288.1145       287.0816       286.0581       285.4811    
 1985   285.3393       285.5680       286.2412       287.0645       287.9012       288.6739       289.0928       288.8746       288.0832       287.1527       286.1455       285.6042    
 1986   285.4336       285.6773       286.3553       287.1875       287.9546       288.7154       289.1571       288.9398       288.2055       287.1334       286.1346       285.6944    
 1987   285.5547       285.7865       286.4565       287.2591       288.1295       288.8647       289.2167       288.9995       288.3138       287.2290       286.2412       285.7428    
 1988   285.6039       285.8729       286.4341       287.2798       288.1640       288.8536       289.3264       289.0863       288.3698       287.3119       286.3042       285.7719    
 1989   285.6256       285.8507       286.4348       287.3419       288.1202       288.8552       289.2899       289.0902       288.2871       287.2361       286.2456       285.7138    
 1990   285.6636       285.9118       286.4546       287.3231       288.1498       288.9121       289.3725       289.1528       288.4549       287.3856       286.3882       285.8191    
 1991   285.6527       285.9643       286.4722       287.2556       288.2284       288.9574       289.3347       289.0889       288.2533       287.1483       286.1262       285.4887    
 1992   285.3966       285.5863       286.2115       286.9785       287.7911       288.4734       288.9044       288.7038       287.9889       286.9494       286.0854       285.4173    
 1993   285.4159       285.7169       286.2742       287.1460       287.9683       288.7596       289.1401       288.8787       288.1270       287.1346       286.1579       285.5849    
 1994   285.4785       285.7399       286.3893       287.1906       288.0837       288.8489       289.1871       288.9674       288.1739       287.2535       286.1957       285.5799    
 1995   285.5259       285.7697       286.4111       287.2032       288.0890       288.8019       289.2870       289.0855       288.3120       287.2641       286.3548       285.7340    
 1996   285.6706       285.8289       286.6190       287.2997       288.1589       288.8672       289.3742       289.1349       288.3972       287.3583       286.3126       285.7852    
 1997   285.6635       285.8859       286.5540       287.3293       288.2194       288.9638       289.4061       289.1517       288.4566       287.3756       286.4019       285.8741    
 1998   285.7118       285.9640       286.5741       287.4649       288.3095       289.1450       289.5112       289.3107       288.5681       287.5085       286.5606       285.9695    
 1999   285.7959       286.0140       286.7045       287.5523       288.3904       289.1518       289.5585       289.3612       288.6007       287.5395       286.5861       285.9939    
 2000   285.7531       285.9815       286.7314       287.5477       288.4638       289.2107       289.6124       289.3861       288.6257       287.6086       286.6432       285.9512    
 2001   285.8612       286.2115       286.8040       287.6553       288.4959       289.2467       289.6172       289.4567       288.6883       287.6700       286.7123       286.0078    
 2002   285.8664       286.2141       286.7387       287.6518       288.5637       289.3500       289.7303       289.4584       288.6400       287.6564       286.6444       286.1149    
 2003   285.8212       286.1626       286.8217       287.6395       288.4807       289.2104       289.6024       289.4590       288.6903       287.6194       286.7238       286.0896    
 2004   285.9720       286.1851       286.8913       287.6463       288.4848       289.2324       289.6316       289.4803       288.7326       287.6951       286.7163       286.1660    
 2005   286.0600       286.2228       286.8131       287.7472       288.5323       289.2321       289.6508       289.4194       288.6562       287.6973       286.8264       286.1711    
 2006   285.8506       286.2113       286.7751       287.6169       288.5282       289.3306       289.7175       289.4356       288.7184       287.7599       286.7861       286.3132    
 2007   286.1510       286.3975       287.0301       287.7953       288.6646       289.4433       289.8284       289.5902       288.8824       287.8912       286.8940       286.2771    
 2008   286.1561       286.5140       286.9716       287.8222       288.5912       289.3615       289.7882       289.5719       288.8507       287.8074       286.8343       286.1759    
 2009   285.9597       286.2475       286.8271       287.7116       288.5496       289.3184       289.6823       289.5085       288.7038       287.7321       286.8091       286.1439    
 2010   286.0157       286.2611       286.8874       287.7180       288.5202       289.3202       289.6797       289.4942       288.7514       287.7699       286.7876       286.1858    
 2011   285.9270       286.2177       286.9021       287.7216       288.6009       289.3916       289.7122       289.5224       288.7224       287.7211       286.7751       286.0904    
 2012   286.0418       286.2538       286.8778       287.7057       288.5857       289.3440       289.7853       289.5907       288.7789       287.7990       286.8214       286.0996    
 2013   286.1052       286.3125       286.9650       287.8292       288.7193       289.3969       289.8270       289.6120       288.8550       287.8537       286.9337       286.2208    
 2014   286.1925       286.6039       287.0526       287.9066       288.7375       289.5421       289.9005       289.6405       288.9614       287.9596       287.0303       286.3934    
 2015   286.1410       286.4273       287.0542       287.8622       288.6870       289.4586       289.8372       289.6364       288.8959       287.8480       286.8393       286.2624    
 2016   286.0687       286.3120       287.0202       287.8448       288.7110       289.4699       289.9282       289.6737       288.9702       287.8659       286.9518       286.3841    
 2017   286.2484       286.5321       287.0849       287.9300       288.8051       289.5717       289.9338       289.7134       289.0587       288.0422       287.0293       286.5445    
 2018   286.3528       286.6333       287.1460       287.9189       288.8496       289.5664       289.9299       289.6335       288.9900       287.9459       286.9424       286.4048    
 2019   286.2281       286.3682       287.0471       287.9288       288.7262       289.4646       289.9403       289.7212       289.0216       287.9296       286.9326       286.3454    
 2020   286.2110       286.5956       287.0956       287.9496       288.7915       289.5202       289.9301       289.7253       288.9135       287.9734       286.9548       286.2480    
 2021   286.1830       286.4466       287.0815       287.8729       288.7506       289.5490       289.9880       289.7153       289.0119       287.9679       287.0429       286.3708    
 2022   286.2913       286.4627       287.1542       287.9875       288.8763       289.6271       290.0634       289.8879       289.0208       288.0337       287.1026       286.4668    
 2023   286.3239       286.6395       287.2384       288.0262       288.9424       289.7130       290.0640       289.8107       289.0506       288.0444       287.1673       286.5229    
 2024   286.5100       286.6826       287.2779       288.0032       288.7881       289.6200       290.0515       289.8078       289.1109       288.0683       287.0822       286.5877    
 2025   286.3134       286.5516       287.2193       287.9769       288.9172       289.6184       289.9437       289.7674       289.0822       288.1012       287.0805       286.4870    
 2026   286.3268       286.5609       287.2010       287.9989       288.8786       289.6842       290.0356       289.8576       289.1140       288.1039       287.1968       286.6450    
 2027   286.4984       286.7123       287.3568       288.1752       288.9624       289.7717       290.1438       289.8978       289.1469       288.2393       287.2625       286.6644    
 2028   286.5551       286.6978       287.4180       288.0882       289.0091       289.7422       290.1239       289.9016       289.2070       288.2078       287.2069       286.5584    
 2029   286.5259       286.7878       287.2000       288.0886       288.9222       289.7258       290.0668       289.8848       289.1728       288.1725       287.2077       286.5578    
 2030   286.4654       286.7343       287.3367       288.0542       288.9667       289.6971       290.1229       289.8988       289.1533       288.2121       287.2328       286.5019    
 2031   286.4210       286.7937       287.3741       288.1731       289.0495       289.7818       290.2242       289.9704       289.2438       288.3132       287.3481       286.6841    
 2032   286.6089       286.7583       287.4113       288.2771       289.0701       289.8138       290.2453       290.0369       289.3111       288.2737       287.3282       286.7774    
 2033   286.5468       286.8938       287.4144       288.2360       289.0554       289.8457       290.2183       290.0177       289.2907       288.2998       287.2988       286.6985    
 2034   286.5616       286.8407       287.4632       288.1842       289.0116       289.8293       290.2129       290.0478       289.2761       288.2761       287.2433       286.6803    
 2035   286.5592       286.8227       287.5356       288.3790       289.1630       289.9213       290.2756       290.0732       289.3072       288.3637       287.3484       286.7478    
 2036   286.5929       286.8164       287.4358       288.2888       289.1033       289.8993       290.2478       290.0653       289.3381       288.3539       287.3020       286.6545    
 2037   286.5858       286.7690       287.4318       288.2230       289.0851       289.8897       290.2632       290.0229       289.3452       288.3754       287.3765       286.7702    
 2038   286.7235       286.8104       287.5891       288.3258       289.1742       289.9291       290.3805       290.1302       289.3984       288.5092       287.5217       286.9166    
 2039   286.8287       287.1800       287.7058       288.4231       289.2723       289.9676       290.3589       290.1346       289.3964       288.5095       287.5355       286.8618    
 2040   286.7695       286.9616       287.5163       288.3949       289.2010       290.0115       290.3944       290.1831       289.4441       288.4547       287.5467       286.9789    
 2041   286.8094       286.9820       287.6291       288.3493       289.2119       290.0051       290.4017       290.1778       289.4326       288.5307       287.5504       287.0041    
 2042   286.8170       287.0778       287.6434       288.4047       289.2730       290.0356       290.4279       290.1707       289.4670       288.5433       287.4806       286.9710    
 2043   286.7857       287.0790       287.6812       288.4694       289.2863       290.0641       290.4937       290.2754       289.5544       288.6499       287.7404       287.0341    
 2044   286.7693       287.0920       287.8229       288.6109       289.3992       290.1512       290.5268       290.2827       289.5730       288.5996       287.6060       287.0512    
 2045   286.8846       287.1294       287.7669       288.4691       289.2831       290.1338       290.4844       290.2699       289.5909       288.5695       287.6460       286.9651    
 2046   286.8484       287.0292       287.6908       288.5563       289.3359       290.1071       290.4643       290.2789       289.4955       288.5886       287.6388       287.0961    
 2047   286.8300       286.9491       287.5930       288.5201       289.3369       290.1328       290.5573       290.3159       289.6015       288.6633       287.6924       287.1092    
 2048   286.9396       287.1959       287.7107       288.5669       289.4553       290.1393       290.5663       290.3311       289.6561       288.6687       287.6904       287.1150    
 2049   286.9418       287.2178       287.7568       288.5937       289.4382       290.1908       290.5543       290.3392       289.6355       288.6384       287.6645       287.0519    
 2050   286.7557       287.0568       287.7509       288.5540       289.3846       290.1944       290.5251       290.3077       289.5763       288.6022       287.6331       286.9905    
 2051   286.9208       287.0628       287.7123       288.4895       289.3981       290.1427       290.5370       290.3221       289.6117       288.7043       287.6369       287.0172    
 2052   286.9554       287.2518       287.8530       288.6375       289.4624       290.1490       290.5949       290.3873       289.7359       288.6625       287.7204       287.1587    
 2053   286.9916       287.2073       287.7346       288.6877       289.4818       290.2088       290.6241       290.4487       289.6659       288.6810       287.6762       287.1178    
 2054   286.9196       287.1826       287.8253       288.6396       289.4798       290.1806       290.5971       290.4157       289.6971       288.6630       287.7206       287.0817    
 2055   287.0342       287.2327       287.8834       288.5979       289.4450       290.1925       290.6722       290.3966       289.7100       288.6817       287.6807       287.0528    
 2056   286.9311       287.3585       287.8788       288.6913       289.4911       290.2327       290.6590       290.4260       289.6849       288.7340       287.8173       287.2530    
 2057   287.1055       287.2633       287.8889       288.7213       289.5281       290.3142       290.7024       290.3930       289.6013       288.6483       287.6164       287.0331    
 2058   286.9555       287.1627       287.8092       288.6103       289.4610       290.2892       290.6432       290.5086       289.7282       288.6839       287.7348       287.1643    
 2059   287.1098       287.3603       287.9269       288.6849       289.5440       290.3411       290.7176       290.5076       289.8196       288.8242       287.8597       287.3116    
 2060   287.1366       287.3613       288.0798       288.7924       289.6164       290.3940       290.7681       290.5674       289.8240       288.8558       287.8823       287.2959    
 2061   287.1656       287.4351       288.0177       288.8089       289.6141       290.3437       290.7848       290.5485       289.8375       288.9000       287.8187       287.3504    
 2062   287.1566       287.3197       287.9746       288.7976       289.6358       290.3717       290.7682       290.5262       289.7714       288.7931       287.8783       287.2665    
 2063   287.1378       287.3605       288.0022       288.7761       289.5990       290.4231       290.7484       290.5170       289.8280       288.8853       287.8727       287.2263    
 2064   287.0796       287.3621       287.8750       288.7801       289.5888       290.3735       290.7428       290.4794       289.7909       288.8353       287.8480       287.2158    
 2065   287.1373       287.5280       287.9615       288.7635       289.5709       290.4035       290.8238       290.5735       289.8630       288.8863       287.8879       287.2785    
 2066   287.2529       287.5009       288.0567       288.7455       289.6415       290.4574       290.7902       290.5283       289.8782       288.9189       287.8859       287.3518    
 2067   287.2394       287.5161       288.0320       288.9093       289.6798       290.4147       290.8503       290.6104       289.8980       288.9532       288.0473       287.4754    
 2068   287.3244       287.4903       288.0669       288.8817       289.7328       290.4584       290.8889       290.6187       289.8720       288.9639       288.0245       287.3505    
 2069   287.2182       287.4121       287.9852       288.7951       289.6696       290.4352       290.8512       290.5774       289.8315       288.8687       287.9073       287.3131    
 2070   287.2060       287.3987       287.9474       288.7971       289.6998       290.4034       290.8278       290.6624       289.8805       288.9040       287.9382       287.2996    
 2071   287.1790       287.4196       288.0056       288.8473       289.6941       290.4224       290.8993       290.5789       289.9055       288.8963       287.9783       287.4478    
 2072   287.3270       287.4832       288.0861       288.9415       289.7481       290.4465       290.8629       290.6456       289.9271       288.8777       288.0342       287.5311    
 2073   287.3139       287.4825       288.0738       288.9331       289.6956       290.4964       290.8604       290.6598       289.9321       288.9015       287.9056       287.2993    
 2074   287.2175       287.4182       288.0447       288.9370       289.7051       290.4312       290.8184       290.5976       289.8591       288.9887       287.9712       287.3803    
 2075   287.2834       287.4657       288.0760       288.8399       289.7379       290.4944       290.9712       290.7102       290.0061       288.9789       288.0904       287.4084    
 2076   287.2453       287.4716       288.1715       288.9962       289.7757       290.5718       290.8925       290.6702       289.9450       289.0426       288.1168       287.4308    
 2077   287.2950       287.5602       288.1158       288.9856       289.7383       290.4646       290.8834       290.6530       289.9477       288.9665       288.0624       287.4136    
 2078   287.2716       287.5211       288.0504       288.9252       289.7891       290.5364       290.9447       290.6940       290.0154       289.0121       288.1749       287.5085    
 2079   287.3382       287.6882       288.0901       288.9947       289.7455       290.5249       290.9421       290.6604       289.9904       289.0217       288.0995       287.4780    
 2080   287.2618       287.4966       288.0930       288.8889       289.7759       290.5211       290.9159       290.6480       290.0014       288.9959       288.0321       287.3766    
 2081   287.3737       287.6012       288.0946       288.9404       289.7275       290.5860       290.9372       290.6738       289.9489       289.0034       288.0145       287.4802    
 2082   287.2546       287.5442       288.1930       289.0478       289.8417       290.5374       290.8784       290.6776       289.9998       288.9816       288.0507       287.4246    
 2083   287.2500       287.5375       288.0339       288.8980       289.6822       290.4431       290.8538       290.5840       289.9263       288.9347       287.9979       287.4113    
 2084   287.2389       287.5530       288.1469       288.9196       289.7397       290.5014       290.8488       290.6402       289.8753       288.9522       288.0266       287.4114    
 2085   287.2453       287.4946       288.0041       288.9156       289.7201       290.5439       290.9229       290.6753       290.0362       289.0321       288.0465       287.5436    
 2086   287.3518       287.6323       288.2439       288.9287       289.8359       290.5006       290.9247       290.7229       289.9369       288.9912       288.0666       287.4728    
 2087   287.3295       287.6496       288.2804       288.9710       289.7799       290.5356       290.9120       290.7404       289.9857       289.0594       288.0849       287.5060    
 2088   287.3511       287.6267       288.2872       289.0043       289.8705       290.5626       290.9639       290.6802       290.0170       288.9949       288.1127       287.4254    
 2089   287.2570       287.6070       288.2024       288.9443       289.8311       290.5746       290.9057       290.7002       289.9681       289.0779       288.1288       287.4858    
 2090   287.3144       287.6439       288.2184       289.0607       289.8869       290.5855       291.0121       290.7513       290.0402       289.0687       288.0419       287.4201    
 2091   287.2545       287.5470       288.1945       289.0457       289.8448       290.5968       290.9836       290.7517       290.0902       289.0692       288.1187       287.5130    
 2092   287.5136       287.6557       288.3434       289.1484       289.9131       290.6449       290.9986       290.7853       290.0779       289.0557       288.1157       287.5243    
 2093   287.5027       287.6599       288.3277       289.0457       289.7938       290.6113       291.0147       290.7791       290.0067       289.0433       288.0529       287.5592    
 2094   287.2977       287.6079       288.2216       288.9364       289.8083       290.6176       290.9884       290.7905       290.0311       289.1411       288.1818       287.5284    
 2095   287.3291       287.6781       288.3330       289.1186       289.9849       290.6808       290.9824       290.8214       290.0802       289.1340       288.1259       287.6236    
 2096   287.4826       287.7319       288.3499       289.0653       289.9261       290.6213       291.0294       290.8295       290.0420       289.1109       288.1450       287.4956    
 2097   287.4242       287.6822       288.2382       288.9843       289.8756       290.6162       290.9886       290.8228       290.0362       289.1658       288.1557       287.4675    
 2098   287.3409       287.5394       288.2372       288.9804       289.8395       290.6016       291.0629       290.7503       290.0926       289.1221       288.1499       287.5210    
 2099   287.4830       287.6638       288.3585       289.1473       289.9471       290.6957       291.0366       290.8105       290.1386       289.1376       288.2122       287.5043    
 2100   287.4625       287.7741       288.2876       289.1766       289.9691       290.6874       291.0608       290.8049       290.0857       289.1565       288.1474       287.6696    
