# <a href=http://cmip-pcmdi.llnl.gov/cmip5/>CMIP5</a> global mean temperature computed at <a href=http://www.knmi.nl/selectfield_cmip5.cgi?someone@somewhere>KNMI Climate Explorer</a> tas_Amon_GISS-E2-R_rcp45_r5i1p3
# tas [K] from GISS-E2-R model output prepared for CMIP5 RCP4.5 r5i1p3
# cutting out region lon=    0.000  360.000, lat=  -90.000   90.000
 1850   285.4990       285.7288       286.8246       287.8760       288.7366       289.1776       289.5023       289.4651       288.8734       287.6923       286.3988       285.8208    
 1851   285.6817       285.8618       286.8627       287.7607       288.5500       289.1725       289.5001       289.4078       288.7719       287.7744       286.6536       285.8278    
 1852   285.6068       285.8509       286.6458       287.6593       288.6688       289.2613       289.5894       289.4587       288.7490       287.7167       286.5252       285.8017    
 1853   285.5092       285.9956       286.5072       287.6916       288.5692       289.1784       289.4048       289.3935       288.8249       287.8123       286.5692       285.7576    
 1854   285.6984       286.1621       286.8628       287.8545       288.8188       289.1762       289.5087       289.4483       288.8737       287.8125       286.6414       285.9214    
 1855   285.6411       286.0146       286.7134       287.8769       288.5203       289.2070       289.4623       289.3967       288.7454       287.7915       286.4936       285.6140    
 1856   285.4201       285.6889       286.6763       287.6569       288.5662       289.0043       289.3155       289.2273       288.6145       287.5398       286.3202       285.6036    
 1857   285.3790       285.6908       286.5547       287.6039       288.4395       289.0042       289.1478       289.1472       288.5660       287.3020       286.0047       285.2934    
 1858   285.1902       285.7041       286.3995       287.4793       288.4500       288.9577       289.2990       289.2072       288.5945       287.4330       286.2467       285.4443    
 1859   285.2550       285.7111       286.4283       287.3598       288.2977       288.9069       289.2857       289.2078       288.5317       287.6018       286.4805       285.7450    
 1860   285.5753       285.9258       286.7765       287.9287       288.6544       289.1721       289.3954       289.4127       288.7022       287.6010       286.3561       285.5053    
 1861   285.5312       285.7791       286.6217       287.7480       288.6853       289.2253       289.4712       289.3427       288.5920       287.5076       286.2480       285.5052    
 1862   285.6729       285.8406       286.5657       287.5937       288.3412       288.8993       289.2383       289.1891       288.5161       287.4872       286.2913       285.3779    
 1863   285.2786       285.6744       286.6624       287.5385       288.4023       288.9677       289.2330       289.1149       288.5756       287.5799       286.3535       285.5849    
 1864   285.4559       285.7258       286.6059       287.5984       288.6277       289.0644       289.4305       289.3084       288.6705       287.6707       286.4250       285.6752    
 1865   285.4136       285.9319       286.8554       287.7020       288.5052       289.0645       289.3012       289.1863       288.5854       287.5996       286.4377       285.7045    
 1866   285.6251       285.9717       286.7275       287.7889       288.5551       288.9385       289.4571       289.3370       288.5843       287.6243       286.4138       285.6117    
 1867   285.7537       285.8936       286.6480       287.8668       288.5703       289.1101       289.4307       289.3134       288.5589       287.5533       286.2582       285.4286    
 1868   285.5237       285.9152       286.4307       287.4766       288.3555       288.8784       289.2770       289.0680       288.5196       287.5299       286.2704       285.5934    
 1869   285.2844       285.8260       286.5725       287.6042       288.3595       289.0000       289.4489       289.3795       288.8295       287.7918       286.6140       286.1030    
 1870   285.9414       286.4348       287.0339       288.0197       288.8507       289.3115       289.5498       289.3708       288.8043       287.7106       286.4588       285.7473    
 1871   285.4704       285.8261       286.7146       287.7126       288.5856       289.0199       289.3426       289.2021       288.7018       287.6365       286.4929       285.7477    
 1872   285.6841       286.0775       286.9284       287.9698       288.7496       289.1996       289.5000       289.3338       288.7492       287.7134       286.5985       285.8252    
 1873   285.5067       286.1763       287.0178       287.9735       288.7194       289.2556       289.5620       289.3822       288.7288       287.8143       286.6829       285.9955    
 1874   285.6948       286.1769       286.8416       287.8402       288.7599       289.1647       289.4403       289.2628       288.7764       287.6350       286.4845       285.7560    
 1875   285.5559       285.9303       286.6416       287.6674       288.4987       289.0404       289.5222       289.3976       288.7797       287.6721       286.6374       285.7911    
 1876   285.5593       285.8610       286.7246       287.7992       288.5898       289.0956       289.4481       289.3547       288.8610       287.8413       286.5562       285.6135    
 1877   285.6882       285.9591       286.7581       287.8315       288.6129       289.2500       289.5369       289.5373       288.8668       287.8256       286.6823       285.8797    
 1878   286.0140       286.2559       287.1637       288.0431       288.8752       289.3618       289.7473       289.6420       288.9792       287.9971       286.8297       285.9453    
 1879   285.8970       286.3567       287.1697       288.0117       288.7696       289.2367       289.4942       289.4184       288.8177       287.6663       286.5646       285.7759    
 1880   285.5349       285.8630       286.8849       287.9003       288.6030       289.1986       289.5301       289.3920       288.7563       287.7386       286.2375       285.5293    
 1881   285.5732       285.8616       286.5963       287.5929       288.6510       289.2831       289.5150       289.4636       288.8450       287.8564       286.6101       285.9171    
 1882   285.7840       286.3711       287.0769       288.0011       288.8495       289.3245       289.6233       289.4582       288.9773       287.9294       286.6906       285.8968    
 1883   285.7428       286.0279       286.7110       287.8046       288.6847       289.2073       289.5421       289.4535       288.8990       287.7219       286.4844       285.8190    
 1884   285.6374       285.8477       286.7896       287.7085       288.4277       288.9430       289.2835       289.0079       288.4206       287.5096       286.3834       285.5329    
 1885   285.6137       285.9229       286.7999       287.5839       288.5124       288.9887       289.1968       289.1635       288.5670       287.5022       286.3410       285.6059    
 1886   285.4734       285.7007       286.4773       287.7267       288.6959       289.1459       289.4410       289.3937       288.7596       287.5424       286.3166       285.5171    
 1887   285.1765       285.5274       286.4298       287.5629       288.4124       288.9421       289.2935       289.3053       288.6607       287.4659       286.2832       285.7775    
 1888   285.4613       285.7900       286.6756       287.7191       288.4981       288.9889       289.3551       289.2304       288.5513       287.5065       286.3132       285.5727    
 1889   285.3181       285.7636       286.7596       287.6012       288.4884       289.0222       289.3629       289.2637       288.5471       287.4329       286.2813       285.6108    
 1890   285.5053       285.8435       286.5488       287.6758       288.5996       289.1642       289.3422       289.2166       288.6952       287.6172       286.5264       285.7439    
 1891   285.4576       285.7682       286.7072       287.6883       288.6945       289.2119       289.4916       289.3619       288.5938       287.5741       286.6122       285.7431    
 1892   285.6592       285.9878       286.5585       287.6017       288.5772       289.1567       289.4641       289.2735       288.6267       287.5310       286.3992       285.5710    
 1893   285.5648       285.7187       286.7610       287.7612       288.5903       289.1646       289.5036       289.4059       288.7635       287.5889       286.4179       285.7112    
 1894   285.6388       286.2545       286.7867       287.8326       288.6698       289.1790       289.5290       289.4501       288.7047       287.7084       286.6189       285.7838    
 1895   285.7460       286.1955       286.9054       287.8768       288.6529       289.1772       289.4927       289.3608       288.6946       287.7522       286.4083       285.7656    
 1896   285.6588       286.0116       286.7159       287.7791       288.5794       289.1117       289.4458       289.2660       288.5676       287.6352       286.5766       285.8925    
 1897   285.7426       286.1366       286.6476       287.7723       288.6451       289.0511       289.4244       289.3439       288.8219       287.6825       286.6219       285.8659    
 1898   285.6562       286.0486       286.6610       287.7899       288.6952       289.1682       289.4390       289.3695       288.7427       287.6876       286.5215       285.7768    
 1899   285.5676       286.0379       286.8858       287.7467       288.7191       289.2087       289.4646       289.5137       288.8245       287.7791       286.7794       285.9612    
 1900   285.7311       286.3091       286.8820       287.8999       288.7048       289.3021       289.5982       289.5083       288.9479       287.9504       286.7715       286.0615    
 1901   285.8194       286.3090       286.8641       287.8671       288.7834       289.3455       289.6699       289.4937       288.8979       287.8249       286.6613       285.8682    
 1902   285.8646       286.0595       286.8020       287.8509       288.7371       289.3526       289.6803       289.6126       288.9197       287.7943       286.6205       285.8175    
 1903   285.3791       285.9104       286.7687       287.7945       288.6843       289.2187       289.4209       289.3499       288.7330       287.8024       286.4759       285.7900    
 1904   285.6618       286.0435       286.7662       287.7527       288.6089       289.1718       289.4355       289.2729       288.6946       287.6309       286.3777       285.5410    
 1905   285.5317       286.0470       286.7982       287.7694       288.5778       289.2590       289.5491       289.3990       288.8285       287.7253       286.6492       285.8264    
 1906   285.7396       286.2012       287.1264       287.8919       288.8434       289.3869       289.6486       289.4959       288.7827       287.7266       286.5988       286.0446    
 1907   285.8480       286.2484       286.9284       287.9272       288.7203       289.2679       289.5170       289.2970       288.8369       287.7253       286.5519       285.7077    
 1908   285.4751       285.9179       286.7222       287.7646       288.5985       289.1288       289.5522       289.3109       288.6260       287.6011       286.5763       285.9206    
 1909   285.4966       285.9350       286.7376       287.7400       288.6045       289.2350       289.5435       289.3885       288.7901       287.7445       286.6999       286.0678    
 1910   285.9432       286.1908       286.8968       287.9694       288.8399       289.3294       289.5450       289.5002       288.8387       287.7999       286.6526       285.7463    
 1911   285.6742       286.0468       287.0865       287.9512       288.7755       289.2914       289.5139       289.4855       288.8928       287.7924       286.6278       286.1014    
 1912   285.9736       286.2238       286.9919       288.0532       288.8481       289.2772       289.4726       289.3454       288.6927       287.6658       286.3791       285.6775    
 1913   285.4104       285.9238       286.7585       287.7951       288.5291       289.0469       289.3912       289.2958       288.6754       287.6926       286.6220       285.9070    
 1914   285.6722       286.1780       287.0403       287.8168       288.7177       289.3287       289.5475       289.5229       288.9050       287.8225       286.6774       286.0260    
 1915   285.8615       286.3120       286.9251       287.8867       288.7352       289.2838       289.6147       289.3672       288.8524       287.7044       286.7130       285.8274    
 1916   285.6778       285.8690       286.6734       287.7927       288.5655       289.1681       289.3740       289.2690       288.7354       287.6404       286.7132       285.8316    
 1917   285.7361       285.9665       286.9760       287.8458       288.8198       289.2744       289.6414       289.5318       288.8964       287.9713       286.7350       285.9130    
 1918   285.5965       286.0040       286.8441       287.7362       288.6922       289.2843       289.6451       289.6456       289.0810       288.0632       286.9491       286.1417    
 1919   286.0975       286.4159       287.0240       288.0081       288.9355       289.4653       289.8783       289.7798       289.1569       288.0625       286.9474       286.2293    
 1920   286.0522       286.3979       287.2397       288.2244       288.9154       289.5243       289.7488       289.7621       289.0809       288.1302       286.8258       286.0643    
 1921   285.8803       286.2188       286.9732       287.9560       288.9494       289.4250       289.7781       289.6965       289.0925       288.0725       286.9147       286.0797    
 1922   285.9546       286.2433       286.9869       288.1522       288.9830       289.5151       289.7997       289.7158       289.1323       287.9807       286.9263       286.3116    
 1923   286.0821       286.4745       287.2465       288.0733       288.9673       289.6039       289.9188       289.6063       289.0140       287.8771       286.7418       285.9739    
 1924   285.7849       286.1598       286.9839       287.8004       288.6679       289.2357       289.5774       289.5752       289.0164       287.9445       286.8460       286.1606    
 1925   285.8936       286.3148       287.1752       288.2359       289.0308       289.4607       289.7144       289.6616       289.0662       287.9834       286.7676       286.0140    
 1926   285.5891       286.0607       287.0158       287.9293       288.8243       289.3338       289.7304       289.6007       289.0208       287.9365       286.7949       286.0763    
 1927   285.9340       286.2500       287.1433       287.9879       288.7141       289.3968       289.6386       289.6314       288.8810       287.7917       286.6513       285.9619    
 1928   285.6974       286.1940       286.9872       287.8871       288.6606       289.3119       289.6078       289.4903       288.8976       287.8859       286.8481       285.8947    
 1929   285.6214       286.1045       286.8251       287.7624       288.7482       289.1890       289.5857       289.5285       288.8859       287.7493       286.7198       286.1501    
 1930   285.7109       286.2589       286.8630       287.9237       288.8260       289.4183       289.7681       289.5679       289.0168       287.9207       286.8454       286.0162    
 1931   285.9028       286.1331       286.8863       287.9998       288.7954       289.2744       289.5735       289.5358       289.0309       287.8731       286.6524       286.0969    
 1932   285.8378       286.2598       287.0981       288.0322       288.7742       289.3612       289.6826       289.6678       289.0238       287.9098       286.7237       286.0956    
 1933   285.7982       286.1759       286.9372       288.0721       288.7745       289.3886       289.7201       289.6630       289.0530       287.9677       286.8326       286.0550    
 1934   285.8657       286.1083       287.0323       287.9868       288.8750       289.3900       289.6586       289.6070       288.9364       287.9124       286.8668       285.9252    
 1935   285.6916       286.2854       286.9822       287.8152       288.8322       289.3632       289.7203       289.5500       288.9485       287.9365       286.8006       285.9493    
 1936   285.7847       286.1067       286.8537       287.9422       288.9263       289.3657       289.6750       289.6505       288.9998       287.9170       286.7893       285.9090    
 1937   285.8108       286.2462       286.9645       288.1329       289.0079       289.5418       289.7447       289.6241       288.9670       288.0101       286.8510       285.9644    
 1938   286.0174       286.3350       287.0307       288.1170       288.8569       289.2498       289.6876       289.6129       289.0311       287.8947       286.7575       286.0550    
 1939   285.6511       286.0661       286.8652       287.9541       288.8467       289.4275       289.6764       289.6317       289.0153       288.0331       286.9083       286.1721    
 1940   285.8376       286.2753       287.0169       288.0513       288.9224       289.4213       289.7165       289.5048       289.0527       288.0291       286.9059       286.1185    
 1941   285.8027       286.2242       287.2623       288.1062       288.8642       289.4634       289.5951       289.5416       288.8849       287.8526       286.7655       286.0113    
 1942   285.7412       286.0659       286.9243       288.0200       288.8880       289.4120       289.5921       289.5552       288.9393       287.9261       286.7466       285.8292    
 1943   285.6290       285.9590       286.7772       287.8818       288.7256       289.2181       289.6069       289.4251       288.9225       287.9589       286.6535       285.9717    
 1944   285.7700       286.1778       286.9662       288.0027       288.8237       289.4329       289.7296       289.6436       288.9516       288.0471       286.7059       286.1959    
 1945   285.8711       286.0653       287.0511       288.1604       289.0327       289.6060       289.9212       289.8250       289.0604       287.9320       286.8006       286.0180    
 1946   285.7321       286.0842       286.8222       287.8429       288.8177       289.4416       289.8209       289.6824       289.0663       287.9663       286.8414       286.1042    
 1947   285.9751       286.4480       287.2117       288.0650       289.0658       289.5605       289.8249       289.7597       289.1966       288.1160       286.9791       286.1840    
 1948   285.9888       286.5157       287.1389       288.0107       288.8255       289.4065       289.8453       289.6915       289.0699       288.1433       286.9179       286.1434    
 1949   285.9412       286.3036       287.0111       288.1007       288.9970       289.5037       289.9151       289.7513       289.1643       288.0723       286.8910       286.2448    
 1950   286.0459       286.5135       287.2454       288.1694       288.8241       289.4632       289.7216       289.6483       289.0687       288.1491       286.8292       286.0949    
 1951   285.9918       286.2188       286.9760       288.0680       288.8610       289.4119       289.7194       289.6155       289.1357       288.0617       286.9854       286.1357    
 1952   285.8380       286.3406       287.1659       288.2624       288.8796       289.3335       289.7675       289.7376       289.0141       288.0503       286.8206       286.1176    
 1953   285.8948       286.2461       286.9680       287.9647       288.9222       289.4662       289.8305       289.7302       289.2215       288.0831       286.9754       286.2431    
 1954   286.0306       286.4104       287.0679       287.9828       288.9079       289.5289       289.8354       289.7077       289.2274       288.0545       286.9471       286.3079    
 1955   286.0302       286.3053       287.0428       288.0197       288.8188       289.4633       289.7864       289.5757       289.1141       287.9892       286.8510       285.9777    
 1956   285.9867       286.2067       287.1422       288.0434       288.9015       289.3384       289.6995       289.5841       289.1129       287.9395       286.7384       286.0627    
 1957   285.8338       286.3933       287.1750       287.9658       288.8616       289.3870       289.7737       289.7305       289.1762       288.1663       286.9447       286.2412    
 1958   286.2815       286.5732       287.3992       288.2253       289.1019       289.7013       289.8710       289.8593       289.1988       288.0635       286.8892       286.2230    
 1959   286.1100       286.5226       287.1505       288.1297       289.0410       289.5554       289.8036       289.7628       289.1256       288.0921       287.0173       286.2941    
 1960   286.0983       286.4319       287.2892       288.1888       289.0518       289.4640       289.8148       289.8386       289.0834       288.2239       287.0974       286.3286    
 1961   286.1199       286.3610       287.2216       288.3006       289.1232       289.6277       289.9012       289.7529       289.1644       288.1822       287.0952       286.1854    
 1962   286.1701       286.6580       287.2391       288.1148       289.0578       289.5312       289.8586       289.8804       289.2228       288.0352       286.8282       286.0792    
 1963   286.1182       286.5262       287.2002       288.1241       288.9225       289.4535       289.8101       289.6912       288.9890       287.9590       286.9505       286.0999    
 1964   285.9046       286.3208       287.1780       288.0422       288.8482       289.3315       289.7377       289.4883       288.9519       288.0046       286.7123       285.9959    
 1965   285.8835       286.2662       287.2331       287.9469       288.8873       289.3454       289.6761       289.5536       288.9590       287.9985       286.8331       286.1568    
 1966   286.0669       286.4084       287.1232       288.0786       288.9324       289.5521       289.7818       289.6913       289.0590       288.0532       286.7863       286.0288    
 1967   286.0274       286.3900       287.2118       288.0678       288.9118       289.4164       289.6421       289.5612       288.9645       287.9065       286.8635       286.2855    
 1968   286.0184       286.6323       287.1979       288.1523       288.9009       289.4041       289.6407       289.5641       288.9995       287.8488       286.8766       286.0745    
 1969   285.9345       286.4105       287.0029       287.9177       288.7728       289.3050       289.6437       289.6564       289.0545       287.9302       286.7225       285.9926    
 1970   285.8506       286.3192       286.9765       288.0526       288.8989       289.3309       289.7853       289.5996       288.9733       288.1151       286.9776       286.1882    
 1971   285.9391       286.4739       287.3125       288.1211       289.0382       289.5481       289.8625       289.7806       289.1055       288.1194       286.9790       286.2534    
 1972   286.0775       286.4153       287.1259       288.1817       288.9771       289.5992       289.9601       289.7666       289.2100       288.1847       287.0317       286.4141    
 1973   286.3183       286.6235       287.3106       288.2552       289.1717       289.7993       290.0581       289.9749       289.2842       288.1982       286.9994       286.3246    
 1974   286.0881       286.3438       287.2617       288.2026       289.0557       289.5901       289.9010       289.7705       289.1497       288.0453       287.0352       286.3471    
 1975   286.0933       286.4784       287.2796       288.2630       289.1176       289.6089       289.8903       289.7227       289.0907       288.0045       286.9591       286.2698    
 1976   285.9856       286.2788       287.0686       288.0552       288.9195       289.4387       289.8099       289.7897       289.1667       288.1922       287.0448       286.4254    
 1977   286.1303       286.4477       287.2726       288.1227       289.0300       289.5615       289.8734       289.9099       289.2879       288.2339       286.9149       286.2726    
 1978   285.9868       286.5204       287.1318       288.2442       289.1262       289.5887       289.9946       289.8522       289.1438       288.0396       286.9305       286.0520    
 1979   285.9781       286.4722       287.1480       288.1314       289.0224       289.4272       289.7264       289.6874       289.0158       288.1598       287.1277       286.3487    
 1980   286.1305       286.5944       287.4478       288.0667       289.0031       289.4626       289.8271       289.7689       289.1093       288.2336       286.9302       286.2957    
 1981   286.0642       286.4253       287.1159       288.1084       288.8857       289.4416       289.8345       289.7898       289.2626       288.1913       287.0874       286.2162    
 1982   286.0873       286.3316       287.2443       288.2312       289.0768       289.5288       289.8484       289.7583       289.1328       288.0126       286.7958       285.9073    
 1983   285.7639       286.1139       286.9994       287.8961       288.8891       289.2983       289.6230       289.5067       288.9686       287.8864       286.7030       285.9402    
 1984   285.9249       286.1826       286.9882       287.9539       288.8766       289.4458       289.7787       289.7876       289.1288       288.0563       286.7496       286.0854    
 1985   285.6881       286.4055       286.9252       288.0792       288.9468       289.4554       289.8986       289.7502       289.1074       288.1089       287.1100       286.2710    
 1986   286.1244       286.5891       287.3122       288.1975       289.0567       289.6405       290.0042       289.8346       289.0975       288.2157       287.0932       286.2010    
 1987   285.9879       286.6191       287.2325       288.2228       289.0506       289.6431       289.8481       289.7804       289.2504       288.3359       287.2164       286.4201    
 1988   286.2476       286.5806       287.2435       288.3347       289.1336       289.6152       290.0502       289.8755       289.2639       288.2121       287.2014       286.3249    
 1989   286.1468       286.5752       287.2863       288.3268       289.1841       289.6417       290.0347       289.9564       289.3241       288.2486       287.1430       286.3374    
 1990   286.1860       286.6135       287.3066       288.2692       289.0512       289.7368       289.9864       289.9099       289.3957       288.3492       287.2450       286.3382    
 1991   286.1259       286.5972       287.4916       288.3550       289.2340       289.6962       289.8706       289.8332       289.1603       288.0324       286.8372       285.9227    
 1992   285.8683       286.3802       287.0269       287.9330       288.7579       289.2345       289.4969       289.4701       288.8503       287.9262       286.8066       286.0166    
 1993   286.0169       286.1793       286.9596       288.0331       288.8486       289.4841       289.7795       289.6159       289.1618       288.0191       286.9519       286.2013    
 1994   286.0618       286.4114       287.1880       288.1235       289.0282       289.6579       289.9297       289.8275       289.3185       288.2438       287.0712       286.2603    
 1995   286.0245       286.2753       287.0976       288.1126       288.9654       289.5717       289.9240       289.9606       289.3568       288.2886       287.1508       286.5128    
 1996   286.3173       286.5437       287.4316       288.3547       289.1690       289.7910       290.0579       289.9966       289.4275       288.3972       287.2823       286.6423    
 1997   286.3188       286.5079       287.2421       288.2889       289.1811       289.7501       290.0698       290.1733       289.4613       288.5663       287.4100       286.5900    
 1998   286.3716       286.5575       287.4270       288.5438       289.3263       289.9466       290.1844       290.0565       289.5070       288.2638       287.3175       286.5749    
 1999   286.3249       286.5412       287.3583       288.3029       289.1994       289.8149       290.2102       290.1550       289.4720       288.5071       287.4111       286.6214    
 2000   286.4455       286.9198       287.6099       288.5160       289.4327       289.9805       290.3059       290.1900       289.5648       288.6009       287.5167       286.7469    
 2001   286.4421       287.0728       287.6678       288.6587       289.6344       289.9924       290.4278       290.3089       289.7094       288.8025       287.5920       286.8436    
 2002   286.8185       287.1056       287.7562       288.7286       289.4827       290.0303       290.3532       290.2327       289.6699       288.7528       287.5981       286.7633    
 2003   286.6689       286.9532       287.6707       288.7473       289.6361       290.1515       290.3907       290.3405       289.7347       288.7555       287.6656       286.9143    
 2004   286.6270       286.8856       287.7758       288.7217       289.5044       290.0934       290.3672       290.2558       289.7027       288.6893       287.5048       286.8100    
 2005   286.6555       287.1152       287.6769       288.6039       289.4272       289.8922       290.3142       290.2910       289.7397       288.6852       287.7855       286.7623    
 2006   286.6301       286.8219       287.6461       288.7487       289.5673       290.1213       290.3937       290.1849       289.5658       288.5225       287.3744       286.6823    
 2007   286.3836       286.6252       287.6204       288.5067       289.4545       289.9816       290.3339       290.2340       289.7163       288.7452       287.6335       287.0142    
 2008   286.8652       287.0934       287.7526       288.6395       289.5111       290.1333       290.4034       290.2447       289.7174       288.7270       287.5910       286.9149    
 2009   286.7639       286.8543       287.8091       288.7057       289.5057       290.0501       290.2562       290.3721       289.8031       288.7935       287.6758       286.8420    
 2010   286.5728       286.9283       287.7754       288.8826       289.5785       290.1664       290.4866       290.4937       289.8155       288.9238       287.6864       286.7969    
 2011   286.6927       287.3011       287.9416       288.7596       289.6457       290.1685       290.4979       290.4125       289.8873       288.9132       287.8323       286.9225    
 2012   286.6461       286.9881       287.9107       288.8642       289.6310       290.1005       290.5616       290.4059       289.8739       288.8230       287.7646       286.9669    
 2013   286.7657       287.1640       287.7366       288.7900       289.6485       290.1549       290.5710       290.3742       289.7424       288.7878       287.6525       286.8016    
 2014   286.8091       287.0157       287.8012       288.7158       289.6205       290.0626       290.3842       290.3901       289.8686       288.8186       287.8295       287.1256    
 2015   286.8083       287.0843       287.8533       288.7498       289.6721       290.0750       290.4847       290.3533       289.8759       288.9078       287.6487       287.0330    
 2016   286.8070       287.0290       287.7471       288.7485       289.7221       290.3529       290.6396       290.5833       289.9484       288.9774       287.7919       287.0743    
 2017   286.7789       287.2021       287.9474       288.8925       289.7381       290.2609       290.4794       290.4374       289.8745       288.8432       287.6876       287.1767    
 2018   286.9142       287.3725       288.0276       288.9379       289.6959       290.2556       290.5571       290.5324       289.9830       289.0386       287.8817       287.0962    
 2019   286.8889       287.1893       288.0007       288.9369       289.7627       290.3360       290.6209       290.6267       290.0288       289.1084       287.9619       287.3088    
 2020   287.1600       287.4099       288.1041       289.0666       289.8869       290.4230       290.7409       290.6395       290.0443       288.9883       287.7387       287.0973    
 2021   286.8629       287.2607       288.1054       288.8585       289.7771       290.4224       290.8445       290.7494       290.1688       289.1219       288.1165       287.4308    
 2022   287.3029       287.5439       288.1882       289.0195       289.9974       290.5259       290.8893       290.7493       290.2940       289.2668       288.0984       287.3159    
 2023   287.2022       287.5875       288.3141       289.1590       289.9647       290.4891       290.8959       290.7126       290.1461       289.1630       288.1864       287.5076    
 2024   287.3544       287.4630       288.2008       289.2419       289.9610       290.5647       290.8873       290.9337       290.3313       289.3956       288.2359       287.4022    
 2025   287.2276       287.6015       288.1957       289.1433       290.1678       290.5680       290.9398       290.8408       290.2606       289.3415       288.1972       287.3641    
 2026   287.0858       287.4113       288.2215       289.2553       290.0443       290.5506       290.8845       290.7455       290.1985       289.3303       288.2144       287.4525    
 2027   287.1503       287.4226       288.3407       289.1870       289.9949       290.6960       291.0291       290.7800       290.1323       289.2672       288.0703       287.3675    
 2028   287.0485       287.4124       288.1730       289.0606       289.8486       290.5913       290.9299       290.8379       290.1980       289.3206       288.1389       287.4064    
 2029   287.1559       287.6306       288.3224       289.2989       290.0865       290.5653       290.9655       290.8948       290.3402       289.4042       288.1943       287.4684    
 2030   287.2331       287.4080       288.2014       289.2953       290.0963       290.6892       291.0159       290.7755       290.2720       289.4068       288.0435       287.1361    
 2031   287.1320       287.5786       288.2731       289.1934       289.9416       290.5457       290.9208       290.8673       290.3621       289.3372       288.1671       287.4897    
 2032   287.2127       287.6256       288.2851       289.1689       290.0218       290.6207       290.9359       290.7985       290.0925       289.2904       288.1270       287.3197    
 2033   287.1910       287.4600       288.2151       289.2047       290.1336       290.6546       291.0009       290.9415       290.2683       289.2567       288.2358       287.4841    
 2034   287.3872       287.5443       288.2197       289.2248       290.0930       290.5969       290.9251       290.7874       290.2077       289.2762       288.1614       287.3914    
 2035   287.2454       287.5929       288.2226       289.2106       290.0269       290.6652       291.0273       290.8671       290.3876       289.4645       288.1836       287.4917    
 2036   287.3525       287.6628       288.5751       289.4663       290.2317       290.9408       291.0702       290.9659       290.4493       289.4375       288.4567       287.5805    
 2037   287.4084       287.7470       288.3833       289.3864       290.1498       290.6876       291.0625       290.9315       290.3864       289.4777       288.3542       287.4923    
 2038   287.3555       287.7270       288.2430       289.3238       290.0446       290.7390       291.0681       290.9211       290.3428       289.3801       288.2675       287.5057    
 2039   287.3257       287.5744       288.3786       289.3900       290.2174       290.8310       291.0605       291.0361       290.4801       289.5842       288.3571       287.7121    
 2040   287.6521       287.7202       288.4776       289.4395       290.1605       290.7680       291.0273       291.0121       290.4906       289.4981       288.4265       287.6205    
 2041   287.5045       287.8852       288.6147       289.4106       290.1754       290.7849       291.0669       290.9796       290.3564       289.3309       288.2630       287.4245    
 2042   287.2956       287.7539       288.4537       289.3165       290.1656       290.8527       291.0705       290.9912       290.3194       289.5592       288.3772       287.7561    
 2043   287.5270       287.6871       288.5912       289.4291       290.1906       290.7831       291.0707       291.0067       290.3755       289.4488       288.3943       287.5906    
 2044   287.1761       287.5917       288.2673       289.2323       290.0758       290.7012       291.0919       291.0433       290.5594       289.5696       288.4740       287.7415    
 2045   287.5499       287.8151       288.5350       289.4754       290.3380       290.8312       291.2099       291.1334       290.5607       289.5474       288.5509       287.6362    
 2046   287.5163       287.8028       288.5772       289.2883       290.1616       290.7296       291.1089       291.0547       290.4493       289.5193       288.4455       287.6728    
 2047   287.5186       287.8633       288.6348       289.5259       290.3475       290.9240       291.1722       291.1939       290.6289       289.6327       288.5365       287.7986    
 2048   287.4628       287.8224       288.4771       289.4218       290.3992       290.9913       291.2682       291.2292       290.6221       289.6155       288.6500       287.7257    
 2049   287.6703       287.9959       288.7593       289.7023       290.5072       291.1030       291.4059       291.3308       290.6686       289.8502       288.6266       287.7620    
 2050   287.5757       288.0310       288.7740       289.4600       290.4185       291.0143       291.3346       291.2515       290.7590       289.8511       288.7190       287.8292    
 2051   287.6428       288.0145       288.6508       289.6555       290.5763       291.0064       291.4396       291.3510       290.7338       289.8138       288.6388       287.9954    
 2052   287.6218       287.9668       288.5587       289.5808       290.3785       291.0047       291.3387       291.1996       290.6868       289.6831       288.6325       287.7621    
 2053   287.7675       288.0752       288.8426       289.6534       290.5241       291.0411       291.3699       291.3830       290.8135       289.8360       288.7762       288.0746    
 2054   287.8148       288.1728       288.7267       289.9463       290.6345       291.1818       291.4044       291.3261       290.7325       289.8234       288.8139       288.1452    
 2055   287.8330       288.3216       289.0382       289.8714       290.5484       291.0507       291.3469       291.2844       290.7101       289.9050       288.6316       287.8703    
 2056   287.7934       287.9695       288.6449       289.6390       290.4794       291.0904       291.2592       291.2379       290.6821       289.7990       288.5663       287.8204    
 2057   287.6231       288.0226       288.7910       289.5977       290.3151       290.9383       291.3491       291.2661       290.8310       289.8608       288.8362       288.0957    
 2058   287.9394       288.2499       288.9321       289.8158       290.6081       291.2088       291.4535       291.3805       290.8413       289.9465       288.6765       287.9118    
 2059   287.8874       288.1638       288.9662       289.9014       290.5817       291.1891       291.5045       291.4854       290.9157       289.8862       288.9081       288.0518    
 2060   288.0089       288.3652       288.9701       289.9533       290.6600       291.3053       291.5153       291.4896       291.1123       289.9626       288.9438       288.1913    
 2061   288.0021       288.2827       288.7900       289.9043       290.6737       291.2550       291.5868       291.4609       290.8681       289.9973       288.8867       288.0867    
 2062   287.9699       288.3159       288.9933       289.9135       290.6672       291.1838       291.3929       291.3462       290.7292       290.0068       288.8292       288.0823    
 2063   287.9926       288.3445       288.7421       289.8447       290.6163       291.2443       291.3848       291.2876       290.7743       289.7968       288.7187       288.0796    
 2064   287.8654       288.2003       288.7990       289.8084       290.5231       291.1113       291.5370       291.4923       290.7900       289.9617       288.8304       288.0945    
 2065   287.9143       288.2838       288.9001       289.8311       290.6597       291.0925       291.4586       291.4396       290.9284       289.8707       288.7470       288.1586    
 2066   287.9902       288.3291       288.9013       289.7955       290.6391       291.2100       291.4968       291.5349       290.8257       290.0047       288.9301       288.3219    
 2067   288.0229       288.1622       288.9450       289.8728       290.6689       291.2786       291.5318       291.6377       290.9700       290.0670       288.9732       288.3962    
 2068   288.0852       288.1144       289.1334       289.8901       290.6012       291.3339       291.5843       291.5239       290.9459       290.0268       289.0719       288.3270    
 2069   288.0656       288.3360       289.0889       289.9656       290.8104       291.4200       291.6291       291.5240       290.9566       290.0690       289.0226       288.1736    
 2070   288.1260       288.4827       288.9230       289.9231       290.8457       291.3836       291.5222       291.3808       290.9824       290.0372       289.0111       288.2524    
 2071   287.8923       288.2083       288.9642       289.9003       290.7068       291.1935       291.4441       291.3067       290.6530       289.7964       288.8236       288.1975    
 2072   287.9848       288.2819       289.0374       289.8203       290.5981       291.1859       291.5763       291.5055       291.0349       289.9859       288.9122       288.2024    
 2073   287.9802       288.3549       289.0616       289.9462       290.7457       291.3064       291.5574       291.5124       290.8810       289.9577       289.0799       288.1359    
 2074   288.0069       288.1422       289.0009       289.7704       290.6352       291.2265       291.6293       291.4897       290.9198       290.0408       288.9630       288.2352    
 2075   288.0856       288.4062       289.0723       289.7979       290.7008       291.3007       291.6223       291.4116       290.9652       290.0689       288.9567       288.1697    
 2076   287.9593       288.1746       288.9089       289.8240       290.5761       291.2690       291.6140       291.6107       291.0861       290.1893       289.0911       288.3258    
 2077   288.0623       288.2156       289.1005       289.9928       290.7917       291.5054       291.7673       291.6059       291.1769       290.1953       289.1446       288.5912    
 2078   288.3076       288.4981       289.2305       290.0598       290.8596       291.4467       291.7682       291.6362       290.9872       289.9829       288.9561       288.1646    
 2079   287.9077       288.2451       288.9558       289.8532       290.6781       291.3654       291.7112       291.6361       291.0240       290.0977       289.0969       288.3532    
 2080   288.1353       288.2530       289.0736       289.9429       290.7883       291.3330       291.7151       291.7287       291.1104       290.2120       289.1402       288.2535    
 2081   287.9911       288.4694       289.2075       290.2105       291.0602       291.4962       291.7520       291.6344       291.1004       290.1853       288.9724       288.2107    
 2082   287.8676       288.1977       289.0868       290.1183       290.8771       291.4991       291.7941       291.6450       291.0692       290.0762       288.9841       288.3909    
 2083   288.1304       288.2151       289.0859       290.0102       290.8814       291.3846       291.7051       291.6708       291.0736       290.1300       289.1341       288.4536    
 2084   288.2902       288.4687       289.2775       290.1404       290.8045       291.3799       291.7839       291.7200       291.0754       290.3238       289.2388       288.2896    
 2085   288.2126       288.4741       289.1933       290.2070       290.8043       291.4444       291.8560       291.7124       291.1441       290.0831       288.9864       288.2252    
 2086   288.0524       288.4188       289.1069       290.0379       290.8514       291.4399       291.6131       291.7069       291.0155       290.1585       289.0029       288.3846    
 2087   288.0692       288.5563       289.3321       290.0726       290.8044       291.4478       291.7073       291.7232       291.1526       290.2063       289.2350       288.3767    
 2088   288.1918       288.2791       289.2177       290.0996       290.8990       291.4816       291.7587       291.6070       291.0064       290.0665       289.0685       288.1453    
 2089   287.8457       288.2439       289.0289       290.0455       290.7882       291.3631       291.6879       291.5483       291.0405       290.1089       289.0998       288.2256    
 2090   288.0306       288.2910       289.1843       290.0710       290.9217       291.6177       291.7643       291.6512       291.1016       290.0896       289.0031       288.3313    
 2091   287.9656       288.3019       289.1933       290.0192       290.8673       291.3948       291.7075       291.6207       291.0704       290.1036       289.0608       288.2603    
 2092   288.1354       288.3669       288.9523       290.0003       290.7831       291.4421       291.6331       291.5992       290.9863       290.1108       289.0127       288.3424    
 2093   288.1455       288.5452       289.0230       290.0120       290.8143       291.4109       291.7126       291.6018       291.0341       290.0609       289.0489       288.3156    
 2094   287.9842       288.1487       288.9326       289.9936       290.7086       291.4708       291.6866       291.6385       291.0838       290.0781       289.1010       288.1661    
 2095   287.9509       288.5013       289.0762       289.9178       290.7108       291.3234       291.7691       291.5689       291.1028       290.2509       289.0387       288.3541    
 2096   288.3062       288.3609       289.0584       290.1029       290.8312       291.5056       291.8124       291.7498       291.2006       290.2438       289.1434       288.5517    
 2097   288.2915       288.5486       289.4589       290.2162       290.9964       291.5454       291.9441       291.7566       291.2704       290.2666       289.0826       288.4529    
 2098   288.2350       288.6154       289.1898       290.0762       290.9013       291.5835       291.9249       291.7103       291.2458       290.1867       289.0782       288.5529    
 2099   288.2508       288.5333       289.2557       289.9818       290.8284       291.4991       291.7376       291.6611       291.2018       290.3000       289.2025       288.6326    
 2100   288.3206       288.5081       289.3962       290.4145       291.0919       291.6469       291.8390       291.7418       291.1296       290.2554       289.2799       288.4675    
 2101   288.3522       288.5664       289.3700       290.1399       290.8904       291.4369       291.7357       291.6099       291.0441       290.1437       289.2574       288.3882    
 2102   288.2581       288.6371       289.2666       290.1611       290.9418       291.5229       291.7852       291.6635       290.9701       290.2237       289.2106       288.5420    
 2103   288.1635       288.4547       289.2031       290.0846       290.9207       291.4221       291.7115       291.7566       291.1413       290.1657       289.2078       288.4791    
 2104   288.0605       288.3633       289.2801       290.0591       290.9412       291.4829       291.7802       291.7290       291.1537       290.2794       288.9610       288.3083    
 2105   288.0974       288.5214       289.1828       290.0574       290.8781       291.4310       291.7431       291.6829       291.0960       290.1790       289.0766       288.4460    
 2106   287.9610       288.3764       289.0948       290.0558       290.8234       291.4624       291.6934       291.8462       291.3002       290.3704       289.0808       288.4353    
 2107   288.3174       288.4532       289.2021       290.1073       290.9777       291.4454       291.7951       291.6965       291.2045       290.1604       289.2013       288.2972    
 2108   288.1863       288.4641       289.2163       290.0491       290.8819       291.3806       291.8120       291.7512       291.3783       290.2447       289.1875       288.4997    
 2109   288.2952       288.5328       289.2435       290.1763       290.9861       291.4389       291.8475       291.7005       291.1626       289.9677       289.0966       288.1593    
 2110   288.1058       288.4666       289.3417       290.1447       290.8638       291.4185       291.8609       291.6731       291.1843       290.1495       289.1833       288.5780    
 2111   288.1723       288.5988       289.1435       289.9934       290.8065       291.4232       291.7415       291.7098       291.1138       290.2476       289.0662       288.4202    
 2112   288.1217       288.4238       289.2392       290.0799       290.9834       291.5678       291.8102       291.8224       291.2836       290.3603       289.3433       288.5033    
 2113   288.2597       288.4516       289.3237       290.1921       290.9836       291.4354       291.7920       291.6453       291.1636       290.2386       289.2496       288.5163    
 2114   288.0940       288.5711       289.2700       290.2263       290.9161       291.6150       291.8758       291.8091       291.2715       290.2983       289.3532       288.6786    
 2115   288.4247       288.6815       289.4314       290.3189       291.0789       291.6855       291.9347       291.8334       291.1619       290.3321       289.2700       288.3664    
 2116   288.2722       288.5822       289.2260       290.1164       290.9587       291.5149       291.8621       291.8666       291.3097       290.4184       289.3260       288.5771    
 2117   288.3568       288.6208       289.2700       290.2431       291.0108       291.5295       291.9781       291.8421       291.2801       290.2635       289.2770       288.6735    
 2118   288.1562       288.6392       289.2256       290.1203       290.8720       291.3962       291.7693       291.8147       291.2293       290.3064       289.2834       288.6648    
 2119   288.4709       288.5984       289.2916       290.1274       290.9932       291.5352       291.8771       291.7462       291.1603       290.2896       289.3239       288.5477    
 2120   288.1923       288.5038       289.2173       290.1777       290.9903       291.5394       291.8575       291.7954       291.1929       290.2343       289.1652       288.5652    
 2121   288.2555       288.6181       289.2578       290.1085       290.8548       291.5923       291.9250       291.6814       291.1991       290.1948       289.1853       288.4710    
 2122   288.2893       288.5530       289.2049       290.1629       291.0076       291.5562       291.8506       291.7510       291.1554       290.2220       289.2501       288.3842    
 2123   288.3179       288.5750       289.3640       290.2437       290.9693       291.5706       291.8438       291.6945       291.1508       290.2117       289.2657       288.5406    
 2124   288.2892       288.5902       289.3090       290.1776       291.0207       291.6986       291.8102       291.8435       291.1969       290.4724       289.3578       288.7858    
 2125   288.4778       288.8653       289.5072       290.4411       291.3004       291.7114       291.9769       291.8582       291.3129       290.4199       289.3657       288.7187    
 2126   288.5091       288.8268       289.4486       290.3833       291.0533       291.6550       291.8451       291.8476       291.1693       290.2805       289.2495       288.5765    
 2127   288.3311       288.5906       289.4019       290.1901       291.0574       291.6257       291.9124       291.7738       291.2906       290.3213       289.2555       288.6611    
 2128   288.2223       288.5563       289.4232       290.3557       291.1212       291.6364       291.9430       291.8743       291.2413       290.2070       289.1554       288.4884    
 2129   288.1947       288.4290       289.0002       289.9626       290.8228       291.3601       291.7550       291.6342       291.1647       290.2227       289.1057       288.5905    
 2130   288.1885       288.4789       289.2809       290.0858       291.0229       291.6151       291.9572       291.8246       291.2227       290.2774       289.1613       288.4906    
 2131   288.2217       288.4022       289.2372       290.3447       291.0847       291.6352       291.9286       291.9249       291.2541       290.2024       289.2212       288.4247    
 2132   288.2476       288.5050       289.1953       290.1246       290.9166       291.4772       291.8687       291.7375       291.3529       290.4188       289.4512       288.5046    
 2133   288.3651       288.7377       289.3723       290.4067       291.1189       291.6433       291.9218       291.8580       291.2603       290.3271       289.0994       288.3789    
 2134   288.0983       288.7055       289.3729       290.0770       290.8386       291.5185       291.8673       291.9129       291.2724       290.4641       289.3795       288.6288    
 2135   288.3305       288.7146       289.4606       290.3127       291.0693       291.6924       292.0694       292.0847       291.3479       290.3927       289.3247       288.6502    
 2136   288.3960       288.6154       289.3555       290.2801       291.0735       291.5948       292.0110       291.9433       291.4127       290.4305       289.4101       288.5914    
 2137   288.4262       288.5370       289.3170       290.2255       291.0468       291.5361       291.9227       291.8264       291.2899       290.3380       289.1544       288.4005    
 2138   288.2904       288.4996       289.5586       290.1779       291.0677       291.5757       292.0621       291.8311       291.1811       290.3646       289.2810       288.4530    
 2139   288.3157       288.4817       289.3962       290.3678       291.1596       291.7574       292.0043       291.8325       291.3113       290.4935       289.4314       288.4674    
 2140   288.4180       288.6329       289.4282       290.2132       291.0262       291.6421       291.9477       291.9012       291.3486       290.4440       289.4418       288.6485    
 2141   288.3631       288.7310       289.4505       290.4182       291.1267       291.6138       291.9618       291.8676       291.2768       290.2763       289.2703       288.6708    
 2142   288.4996       288.7867       289.2942       290.2246       291.0150       291.5893       291.8801       291.7600       291.2511       290.3306       289.1606       288.7397    
 2143   288.4958       288.5160       289.4464       290.2840       290.9747       291.6589       291.9424       291.9131       291.2717       290.2168       289.2019       288.5963    
 2144   288.4981       288.6389       289.3627       290.2942       291.0597       291.6255       291.8447       291.7687       291.1355       290.3305       289.3098       288.4807    
 2145   288.2400       288.6629       289.2014       290.2673       290.9636       291.3857       291.8869       291.7761       291.2839       290.3374       289.3801       288.5410    
 2146   288.3688       288.6488       289.4013       290.2747       291.0630       291.7166       291.9887       291.8493       291.3446       290.3271       289.3017       288.4676    
 2147   288.4018       288.6385       289.2325       290.2140       290.9974       291.6281       291.9384       291.8497       291.4006       290.3990       289.2842       288.5222    
 2148   288.3102       288.5349       289.3245       290.3759       291.0339       291.6400       291.8669       291.7821       291.2478       290.3320       289.2090       288.4774    
 2149   288.3315       288.6754       289.3848       290.1712       290.9483       291.4652       291.9478       291.9210       291.4626       290.3942       289.4721       288.5863    
 2150   288.5972       288.7885       289.5230       290.2882       291.1470       291.8380       292.0335       291.9892       291.4146       290.3718       289.3545       288.7285    
 2151   288.4401       288.6485       289.4254       290.3695       291.0163       291.5868       291.9904       291.9351       291.2969       290.4527       289.3888       288.7947    
 2152   288.5826       288.8360       289.4353       290.3968       291.1185       291.6227       291.9977       291.8852       291.3222       290.3377       289.2970       288.5268    
 2153   288.4268       288.8621       289.4766       290.2360       291.0915       291.6886       292.0240       291.9854       291.2522       290.4814       289.4042       288.7516    
 2154   288.3780       288.6971       289.3428       290.4798       291.1983       291.6557       292.0521       291.9308       291.2979       290.3833       289.4058       288.5210    
 2155   288.3736       288.7620       289.6323       290.3440       291.2730       291.7497       291.9497       291.9565       291.4249       290.4490       289.3868       288.5540    
 2156   288.4341       288.6550       289.4709       290.3967       291.1757       291.8000       292.2236       292.0364       291.5540       290.5655       289.5876       288.8575    
 2157   288.6674       288.8810       289.7163       290.5793       291.3268       291.9085       292.2082       292.2071       291.5889       290.6580       289.5144       288.9305    
 2158   288.6356       288.8000       289.6842       290.4717       291.2567       291.8204       292.1535       292.0515       291.4170       290.4930       289.4838       288.8383    
 2159   288.7570       288.6353       289.3971       290.2990       291.1176       291.6957       292.0435       291.8399       291.2279       290.3575       289.3350       288.4765    
 2160   288.4478       288.8768       289.2858       290.2599       291.0402       291.5907       291.9247       291.9972       291.4008       290.4355       289.3352       288.6248    
 2161   288.4523       288.8537       289.5142       290.3762       291.1602       291.7361       291.9391       291.9419       291.4362       290.5161       289.4658       288.9330    
 2162   288.4450       288.8131       289.4565       290.3857       291.2339       291.7149       292.0044       291.8781       291.2558       290.5170       289.5398       288.5984    
 2163   288.4379       288.7105       289.4525       290.4101       291.1242       291.7481       292.0557       292.0782       291.5693       290.4422       289.3780       288.8763    
 2164   288.6044       288.8388       289.6038       290.5344       291.2393       291.8615       292.1570       292.2010       291.4853       290.5070       289.5530       288.6966    
 2165   288.5501       288.7687       289.6341       290.4750       291.1992       291.7596       292.0244       291.8992       291.3195       290.4983       289.3524       288.4062    
 2166   288.4443       288.7516       289.3588       290.1905       291.0484       291.6578       291.9544       291.9777       291.3507       290.5213       289.3216       288.7435    
 2167   288.4800       288.8290       289.4685       290.3219       291.0902       291.6104       291.9032       291.9172       291.4397       290.5012       289.3926       288.8145    
 2168   288.5093       288.8774       289.3737       290.2303       291.1409       291.8185       292.0879       292.0598       291.5920       290.5994       289.4009       288.8900    
 2169   288.4215       289.1094       289.5734       290.4459       291.2282       291.8729       292.0618       291.9173       291.3136       290.4023       289.3208       288.6579    
 2170   288.4269       288.9169       289.5704       290.3614       291.1905       291.7288       292.0513       292.0540       291.4058       290.4726       289.3829       288.7986    
 2171   288.3302       288.7673       289.2661       290.2978       291.1544       291.6305       291.9346       291.8675       291.3616       290.4747       289.3454       288.5089    
 2172   288.3309       288.5840       289.3210       290.2733       290.9722       291.5819       291.9379       291.8964       291.3600       290.4408       289.3929       288.7227    
 2173   288.4938       288.7308       289.5706       290.4691       291.0818       291.7815       292.0537       291.8944       291.3033       290.2912       289.2644       288.4736    
 2174   288.3083       288.4055       289.3557       290.1829       290.9092       291.5562       291.8421       291.8175       291.3143       290.3801       289.3583       288.5851    
 2175   288.4005       288.6086       289.4180       290.2098       291.0404       291.6046       291.9621       291.7286       291.3744       290.3510       289.1654       288.5025    
 2176   288.4753       288.3956       289.1997       290.2224       291.0235       291.5271       291.8746       291.7795       291.3037       290.2454       289.3386       288.7721    
 2177   288.4861       288.6747       289.3688       290.2222       291.0331       291.6683       291.8381       291.8311       291.1780       290.2135       289.3260       288.5921    
 2178   288.4339       288.7150       289.2486       290.2327       290.9377       291.5733       291.9702       291.8123       291.1907       290.1764       289.2902       288.4170    
 2179   288.3339       288.4051       289.3596       290.1808       291.0328       291.5450       291.9591       291.9764       291.4199       290.2860       289.2639       288.5314    
 2180   288.4785       288.6952       289.3340       290.3032       291.0271       291.7624       292.0440       292.0592       291.4432       290.4187       289.4905       288.6254    
 2181   288.3597       288.8419       289.5730       290.4508       291.2801       291.8841       292.2341       292.0236       291.4432       290.5087       289.5479       288.9030    
 2182   288.4668       288.8930       289.5935       290.4836       291.2767       291.8570       292.0149       291.9278       291.3547       290.3830       289.4460       288.5536    
 2183   288.5781       288.8180       289.4689       290.6009       291.3709       291.9005       292.0419       292.0596       291.4506       290.5214       289.5343       288.8759    
 2184   288.6565       288.8259       289.6141       290.5304       291.3625       291.8157       292.1557       292.0658       291.4507       290.5041       289.4418       288.6855    
 2185   288.5250       288.6692       289.6016       290.4462       291.2817       291.8272       292.1131       291.8841       291.4852       290.5572       289.5881       288.9412    
 2186   288.7805       288.9131       289.5990       290.5062       291.2279       291.8615       292.1392       292.0269       291.4527       290.6901       289.4969       288.7488    
 2187   288.6946       288.9904       289.6078       290.4961       291.3348       291.8828       292.2728       292.2698       291.6850       290.7972       289.6446       288.9603    
 2188   288.5398       288.9640       289.6941       290.6519       291.3789       291.9813       292.1925       292.1550       291.4958       290.5707       289.5106       288.8102    
 2189   288.6494       288.9626       289.5658       290.4411       291.2233       291.8012       292.0899       291.9642       291.4448       290.4995       289.4328       288.8410    
 2190   288.5017       288.7533       289.5029       290.3525       291.1663       291.7597       292.2106       292.1717       291.4980       290.6760       289.5874       288.7468    
 2191   288.5130       288.8969       289.4577       290.5214       291.2238       291.8434       292.1410       292.0950       291.5440       290.6244       289.6416       288.9304    
 2192   288.7136       289.0069       289.6915       290.3274       291.2763       291.8771       292.1538       292.1144       291.5730       290.6642       289.5458       288.7376    
 2193   288.7153       288.8133       289.5167       290.5038       291.2328       291.7776       292.2707       292.1834       291.4936       290.6545       289.5233       288.8480    
 2194   288.5137       288.8818       289.5174       290.4268       291.2719       291.7681       292.1790       292.1548       291.4698       290.5873       289.6098       288.7961    
 2195   288.7649       288.9885       289.7340       290.5337       291.2791       291.9449       292.1695       292.0952       291.4044       290.5404       289.6890       288.9630    
 2196   288.7147       289.0871       289.8447       290.5666       291.1898       291.9117       292.1891       292.0728       291.6143       290.4613       289.5874       288.8544    
 2197   288.3389       288.8104       289.4984       290.2469       291.1508       291.6982       292.0867       291.9541       291.4194       290.4844       289.4146       288.7711    
 2198   288.7239       289.0286       289.5476       290.4007       291.2001       291.7537       292.1151       292.0760       291.5555       290.5796       289.5455       288.5817    
 2199   288.5049       288.9028       289.6230       290.5035       291.3441       291.8803       292.2013       292.1365       291.6161       290.6751       289.5348       288.8336    
 2200   288.6982       288.9287       289.6953       290.4534       291.3091       291.9640       292.2683       292.0818       291.5813       290.6832       289.5243       288.8745    
 2201   288.7586       289.0574       289.6504       290.4552       291.2798       291.8678       292.2011       292.0487       291.5352       290.5592       289.6689       288.9450    
 2202   288.7108       289.0391       289.7266       290.5187       291.3271       291.9307       292.2444       292.1698       291.4419       290.5153       289.6952       288.8620    
 2203   288.5376       288.9774       289.6181       290.4729       291.2497       291.6901       292.0861       292.0452       291.4819       290.5350       289.5768       288.7529    
 2204   288.4814       288.8986       289.5552       290.4780       291.3026       291.9609       292.3159       292.1778       291.5799       290.5536       289.6278       288.9933    
 2205   288.4993       289.0734       289.9097       290.6138       291.4062       291.9109       292.2244       292.2128       291.5486       290.6992       289.7710       289.1041    
 2206   288.8739       288.9702       289.7918       290.5893       291.3432       291.9398       292.2885       292.2133       291.5036       290.6521       289.5912       288.9474    
 2207   288.7260       289.1068       289.5861       290.5917       291.2834       291.9363       292.2684       292.1342       291.6450       290.7024       289.5688       288.8904    
 2208   288.6851       289.1244       289.7015       290.6393       291.3116       291.9885       292.2703       292.1277       291.4847       290.5232       289.5560       288.8306    
 2209   288.5709       288.8588       289.5943       290.3857       291.2429       291.7884       292.2144       292.1320       291.6362       290.6861       289.6035       288.9855    
 2210   288.6385       288.8267       289.6125       290.5657       291.5005       291.9976       292.3072       292.1588       291.6264       290.4784       289.4651       288.7188    
 2211   288.5036       288.7404       289.3147       290.2328       291.1531       291.8311       292.0854       292.0026       291.4362       290.4445       289.3955       288.6822    
 2212   288.5935       288.8600       289.7539       290.5670       291.2967       291.9270       292.2197       292.0215       291.5517       290.6756       289.4567       288.7256    
 2213   288.6585       288.8151       289.6272       290.5347       291.4024       291.9339       292.2641       292.1539       291.6309       290.6415       289.4479       288.8936    
 2214   288.7603       289.0849       289.6530       290.7018       291.3872       291.8952       292.1944       292.1021       291.5394       290.7073       289.6081       288.9204    
 2215   288.7055       288.9407       289.7419       290.3182       291.2112       291.7876       292.1329       291.9333       291.4129       290.5518       289.4872       288.7885    
 2216   288.6280       288.9582       289.6854       290.6698       291.4100       291.9659       292.2269       292.2354       291.5575       290.6463       289.5540       288.9355    
 2217   288.7361       289.1710       289.8365       290.6073       291.4697       291.9244       292.3711       292.1547       291.6409       290.5910       289.7026       288.8529    
 2218   288.7457       289.0551       289.6317       290.5379       291.3431       291.7797       292.1579       292.1614       291.5810       290.7155       289.7057       289.0062    
 2219   288.8482       289.0504       289.7820       290.5928       291.2705       291.9713       292.2779       292.1672       291.6136       290.6686       289.6509       288.7745    
 2220   288.8613       289.0875       289.5371       290.5320       291.3315       291.9968       292.2842       292.1415       291.6695       290.7107       289.7104       288.9662    
 2221   288.6933       289.0809       289.6759       290.5235       291.4846       291.9406       292.1848       292.0603       291.5449       290.6045       289.6269       288.8700    
 2222   288.6063       288.9789       289.8014       290.5498       291.2431       291.7885       292.0674       292.1444       291.5216       290.6539       289.6156       288.8933    
 2223   288.7499       288.9713       289.5403       290.4726       291.2702       291.8282       292.1146       292.1368       291.5901       290.6082       289.6328       288.9524    
 2224   288.7365       288.9766       289.7006       290.6014       291.3333       291.9502       292.1582       292.0529       291.6073       290.6136       289.7028       288.9379    
 2225   288.8660       289.0408       289.5934       290.6035       291.3095       291.8593       292.2832       292.1659       291.5681       290.5177       289.6692       288.9448    
 2226   288.5959       288.9189       289.5892       290.4237       291.3232       291.9152       292.1317       292.0791       291.4365       290.5020       289.4421       288.5394    
 2227   288.2734       288.8469       289.5906       290.5033       291.1823       291.7484       291.9941       292.0002       291.5365       290.4862       289.5356       288.8408    
 2228   288.4829       288.8072       289.6272       290.4685       291.3172       291.8177       292.1650       292.0519       291.5775       290.5682       289.5200       288.6404    
 2229   288.4928       289.0958       289.6416       290.5490       291.3490       291.8667       292.2861       292.2133       291.6658       290.6145       289.4782       288.8563    
 2230   288.4805       288.9761       289.6043       290.4454       291.3692       291.9415       292.2702       292.1889       291.6500       290.8049       289.7625       289.0924    
 2231   288.8669       289.0710       289.8073       290.5610       291.4176       291.9875       292.2773       292.1284       291.5833       290.6753       289.4824       288.9247    
 2232   288.6421       288.9787       289.6115       290.3992       291.1753       291.9134       292.2456       292.4118       291.6475       290.7434       289.7222       289.1003    
 2233   288.9176       289.2234       289.8083       290.7424       291.4344       292.1133       292.3166       292.2217       291.6866       290.7310       289.5749       288.8543    
 2234   288.6811       288.9312       289.6816       290.6070       291.5017       292.1835       292.3410       292.1604       291.6668       290.6270       289.5232       288.7701    
 2235   288.6596       289.0808       289.7368       290.5193       291.2844       291.7829       292.1192       292.0376       291.5214       290.4901       289.3532       288.8093    
 2236   288.5267       288.8092       289.7632       290.4473       291.1591       291.7978       292.1750       292.1298       291.5725       290.5099       289.5482       288.9669    
 2237   288.5553       289.0345       289.6648       290.5432       291.3851       291.9294       292.1520       292.1035       291.5761       290.6853       289.5995       288.9279    
 2238   288.6537       289.0975       289.5361       290.4652       291.3193       291.8857       292.2597       292.1226       291.4697       290.6124       289.5599       289.0117    
 2239   288.5949       289.1042       289.7267       290.5414       291.3645       291.8517       292.2885       292.1367       291.6664       290.7636       289.7890       289.0190    
 2240   288.6467       289.1637       289.8056       290.6845       291.3694       291.9341       292.2224       292.1675       291.6335       290.6842       289.6086       288.9754    
 2241   288.7208       288.7524       289.5766       290.4612       291.2323       291.8392       292.1922       292.0833       291.5703       290.6586       289.4791       288.8233    
 2242   288.4677       288.9495       289.7211       290.5525       291.1905       291.8511       292.1184       292.0768       291.5469       290.6690       289.5522       288.9583    
 2243   288.7267       288.9040       289.5830       290.5316       291.3811       291.9110       292.1894       292.0530       291.3265       290.5200       289.4998       288.7863    
 2244   288.5509       288.7346       289.6606       290.4960       291.1604       291.7231       292.1219       291.9620       291.3547       290.4649       289.4799       288.7869    
 2245   288.3580       288.9141       289.5627       290.5428       291.3422       291.9587       292.1755       292.0842       291.3991       290.4439       289.6632       288.8955    
 2246   288.6746       288.9457       289.7069       290.5683       291.3016       291.9218       292.1301       292.0367       291.4265       290.4766       289.4960       288.7038    
 2247   288.4905       288.7880       289.4412       290.4129       291.1345       291.7087       292.0383       291.9072       291.4516       290.4658       289.5462       288.8234    
 2248   288.6224       288.8526       289.5516       290.4104       291.1347       291.7881       292.0216       291.9072       291.3828       290.3937       289.4092       288.6911    
 2249   288.4673       288.5915       289.4654       290.3540       291.1491       291.7436       292.0350       292.0097       291.4803       290.5541       289.5002       288.7089    
 2250   288.5977       288.9374       289.4717       290.4239       291.1561       291.8531       292.1880       292.1100       291.6614       290.6389       289.7202       288.9053    
 2251   288.8156       288.9943       289.7354       290.5246       291.2938       291.8991       292.2666       292.1737       291.5187       290.5407       289.4679       288.7140    
 2252   288.7209       288.9793       289.6121       290.4207       291.2595       291.9165       292.1451       292.1151       291.4318       290.5284       289.5998       288.8519    
 2253   288.6112       288.9262       289.7452       290.5386       291.2671       291.8284       292.2404       292.0619       291.5169       290.5136       289.6733       288.9885    
 2254   288.5974       289.0190       289.6496       290.6510       291.3918       292.0096       292.3131       292.2402       291.7052       290.6603       289.7297       289.0238    
 2255   288.6069       289.1187       289.7231       290.7768       291.4592       292.0329       292.3073       292.2626       291.6686       290.6417       289.6135       288.8108    
 2256   288.6705       289.0049       289.7101       290.7107       291.4546       292.0291       292.3095       292.2256       291.6592       290.6413       289.5331       289.0042    
 2257   288.6522       289.0059       289.6687       290.5501       291.4193       292.0546       292.3277       292.2695       291.5815       290.6837       289.3898       288.7969    
 2258   288.6089       288.8545       289.7582       290.5165       291.3091       291.9040       292.3333       292.2817       291.7146       290.8058       289.7699       288.9804    
 2259   288.6825       288.9194       289.6400       290.6752       291.3896       292.0393       292.3912       292.1570       291.6522       290.6725       289.5352       288.8880    
 2260   288.6291       289.0967       289.6118       290.4709       291.3783       291.9463       292.3383       292.2478       291.6916       290.7630       289.6678       288.8970    
 2261   288.7696       289.1451       289.7731       290.7762       291.4170       292.0145       292.2889       292.1933       291.6813       290.6407       289.6337       288.9957    
 2262   288.7908       288.8054       289.8462       290.5979       291.3898       292.0031       292.3080       292.2440       291.6741       290.5654       289.6864       289.0533    
 2263   288.7783       288.8967       289.8257       290.5860       291.3861       292.0403       292.3216       292.1886       291.5531       290.5522       289.5060       288.9063    
 2264   288.6985       288.8866       289.5295       290.5195       291.3923       291.9520       292.2537       292.2298       291.6705       290.6909       289.7816       289.2291    
 2265   288.7621       289.1076       289.7213       290.6761       291.4735       291.9639       292.3412       292.2464       291.6101       290.7238       289.5924       289.0239    
 2266   288.7032       289.0126       289.7271       290.7190       291.4631       292.0081       292.2245       292.1746       291.6182       290.6596       289.6043       288.9113    
 2267   288.7016       289.0749       289.8409       290.5717       291.2988       291.9345       292.3269       292.2320       291.6098       290.5250       289.4213       288.9141    
 2268   288.6998       288.9842       289.7433       290.4646       291.4069       291.9331       292.2692       292.2130       291.5663       290.7968       289.5941       289.0311    
 2269   288.7970       289.1221       289.8508       290.6892       291.4106       292.0494       292.3170       292.2921       291.6215       290.7029       289.9368       289.0750    
 2270   288.9464       289.1959       289.8967       290.7367       291.4513       292.1189       292.3964       292.2484       291.6401       290.6208       289.6084       288.9939    
 2271   288.9017       289.0280       289.7135       290.5613       291.4195       291.9740       292.3375       292.2358       291.6889       290.7565       289.7765       289.0471    
 2272   288.8510       289.2455       289.8331       290.6010       291.3906       291.9495       292.3492       292.1713       291.6017       290.5400       289.5999       288.9171    
 2273   288.5367       289.0525       289.7472       290.4444       291.2753       291.9457       292.1436       292.1235       291.4981       290.5911       289.6449       289.0282    
 2274   288.8371       289.0758       289.7202       290.5866       291.3725       291.9187       292.0967       292.1376       291.5488       290.6910       289.5589       289.0179    
 2275   288.6068       288.8952       289.5891       290.3506       291.2692       291.9032       292.2432       292.1414       291.5720       290.7462       289.6914       288.9311    
 2276   288.6734       289.1183       289.7005       290.6567       291.5091       292.0216       292.3171       292.2444       291.7643       290.7578       289.7517       289.1846    
 2277   288.8613       289.0600       289.6417       290.5406       291.3773       291.9620       292.2653       292.2036       291.7108       290.6992       289.5980       288.9652    
 2278   288.6233       288.9795       289.7666       290.6329       291.4302       292.1539       292.3783       292.2681       291.7420       290.6975       289.7374       289.1021    
 2279   288.8476       289.1223       289.8378       290.7546       291.4177       292.1268       292.3867       292.2723       291.6074       290.6696       289.7627       289.1349    
 2280   288.8145       289.2162       289.7927       290.7601       291.4831       292.0099       292.3486       292.2636       291.7557       290.7198       289.5201       288.7897    
 2281   288.7204       288.9285       289.6935       290.6280       291.4801       291.9982       292.4193       292.2407       291.6408       290.6248       289.6530       288.9620    
 2282   288.9524       289.1817       289.7509       290.5513       291.3248       291.8894       292.2999       292.2446       291.5400       290.6417       289.6556       288.9385    
 2283   288.7401       289.1006       289.6764       290.6709       291.4354       291.9706       292.2403       292.1825       291.6143       290.6426       289.4335       288.8157    
 2284   288.5926       288.8944       289.6381       290.5825       291.3754       291.9685       292.3066       292.3278       291.6269       290.6784       289.5842       288.9185    
 2285   288.5771       288.8676       289.7261       290.5616       291.4253       292.0422       292.2945       292.3100       291.6750       290.7283       289.6817       288.8413    
 2286   288.8168       289.2105       290.0016       290.7783       291.4653       292.1309       292.3091       292.2935       291.8045       290.8614       289.7692       288.9376    
 2287   288.7603       289.0359       289.8507       290.6500       291.4114       292.0493       292.3108       292.2885       291.6608       290.6277       289.5865       288.9513    
 2288   288.8091       289.1120       289.8715       290.7811       291.5287       292.0432       292.4113       292.2557       291.6795       290.6182       289.6891       288.8227    
 2289   288.5999       289.1680       289.8698       290.7254       291.5146       292.0657       292.2339       292.2625       291.5946       290.6389       289.6085       288.9720    
 2290   288.5551       289.0018       289.7706       290.5327       291.3951       291.8874       292.2146       292.1996       291.5523       290.6905       289.6489       288.8852    
 2291   288.7285       288.8420       289.6567       290.5786       291.4506       291.8857       292.2784       292.0966       291.5026       290.5617       289.5580       289.0377    
 2292   288.7078       289.0901       289.7806       290.5341       291.1754       291.8607       292.2376       292.1286       291.4599       290.6312       289.3784       288.8324    
 2293   288.5949       289.0469       289.7959       290.4814       291.4211       291.9793       292.2324       292.0696       291.5982       290.7507       289.5655       288.9489    
 2294   288.5624       289.0947       289.8093       290.5687       291.3339       291.9186       292.1422       292.0028       291.4821       290.5609       289.4556       288.8637    
 2295   288.5977       288.6935       289.8179       290.5223       291.3021       291.7779       292.0931       292.0074       291.4507       290.6681       289.5458       288.9713    
 2296   288.7211       288.8342       289.7514       290.5446       291.2379       291.9166       291.9841       291.9713       291.4694       290.5900       289.6259       288.9046    
 2297   288.5909       288.7893       289.6287       290.5399       291.2740       291.9133       292.2380       292.0753       291.3819       290.6913       289.5001       288.8654    
 2298   288.4960       288.9053       289.4963       290.4890       291.2767       291.7720       292.1438       292.0757       291.5270       290.5684       289.5250       289.0542    
 2299   288.8322       289.1215       289.5482       290.4075       291.3192       291.8424       292.1794       292.1484       291.5512       290.5860       289.5786       289.0161    
 2300   288.7114       289.0850       289.5741       290.5635       291.2999       291.9270       292.1898       292.0811       291.5808       290.6020       289.5533       288.9501    
