# <a href=http://cmip-pcmdi.llnl.gov/cmip5/>CMIP5</a> global mean temperature computed at <a href=http://www.knmi.nl/selectfield_cmip5.cgi?someone@somewhere>KNMI Climate Explorer</a> tas_Amon_MIROC-ESM_rcp26_r1i1p1
# tas [K] from MIROC-ESM model output prepared for CMIP5 RCP2.6 r1i1p1
# cutting out region lon=   -1.406  358.594, lat=  -89.247   89.247
 1850   284.9181       285.0002       285.5486       286.2093       287.1972       287.9702       288.3409       288.0128       287.1004       286.4422       285.6187       285.0703    
 1851   285.0103       285.1524       285.3874       286.3382       287.2907       288.0623       288.4443       288.1813       287.4670       286.4798       285.7435       285.2040    
 1852   285.0042       285.0840       285.5585       286.1356       287.1284       287.9414       288.2269       287.9227       287.1839       286.3799       285.6503       285.2088    
 1853   285.0334       284.8854       285.5181       286.2864       287.3355       287.9508       288.3758       288.0223       287.2884       286.4731       285.8492       285.3568    
 1854   285.1701       285.3108       285.6849       286.3496       287.3172       288.0403       288.4520       288.1699       287.2631       286.2883       285.6112       285.1440    
 1855   284.9751       285.0921       285.5917       286.3041       287.4820       288.1339       288.4007       288.2579       287.3897       286.4520       285.7334       285.2853    
 1856   284.9705       284.7832       285.3660       286.0853       287.0373       287.7834       288.3003       287.9734       287.2284       286.3091       285.6676       285.1164    
 1857   284.8776       284.9702       285.5583       286.3053       287.1569       287.9033       288.3370       288.1045       287.1943       286.3199       285.3991       285.0526    
 1858   284.8764       285.0419       285.4713       286.0484       287.1293       287.9065       288.2882       287.9644       287.0711       286.2523       285.5312       284.9815    
 1859   285.0027       284.8672       285.3451       286.1139       287.2292       287.8926       288.2807       288.1248       287.4203       286.3243       285.5799       285.0825    
 1860   284.9509       284.9528       285.7638       286.3740       287.2971       287.9834       288.2935       287.9729       287.2538       286.2768       285.6323       285.0310    
 1861   284.9050       285.0153       285.4243       286.0976       287.2534       287.9230       288.2437       288.0193       287.2575       286.1712       285.3998       285.0978    
 1862   285.0236       285.1099       285.6307       286.3291       287.3174       288.0795       288.4674       288.2140       287.2342       286.4530       285.4331       285.0420    
 1863   284.9820       285.1725       285.5083       286.3807       287.1514       287.7910       288.2522       287.9311       287.0766       286.2656       285.3445       285.1046    
 1864   284.7911       284.8417       285.4899       286.0922       286.9221       287.8320       288.0732       287.8720       287.0247       286.2326       285.4287       285.1067    
 1865   284.9898       285.1208       285.4231       286.2181       287.3214       287.8663       288.3825       288.0599       287.3356       286.4734       285.6873       285.2010    
 1866   284.7884       284.9200       285.5444       286.1654       287.1296       287.9794       288.2753       287.9397       287.1956       286.4253       285.7085       285.2340    
 1867   285.0180       285.1547       285.6681       286.3005       287.2247       287.9961       288.3871       288.0562       287.2987       286.3949       285.7244       285.1217    
 1868   284.8907       284.9789       285.4845       286.2091       287.3159       288.1227       288.5573       288.2849       287.3202       286.4742       285.7382       285.3526    
 1869   285.2811       285.5360       286.0042       286.6371       287.5689       288.2893       288.5632       288.3414       287.4898       286.6267       285.8566       285.2446    
 1870   285.0704       285.2518       285.7001       286.4893       287.4925       288.3018       288.4355       288.1884       287.3645       286.3869       285.7260       285.1884    
 1871   285.1341       285.0702       285.7815       286.2849       287.3723       288.0588       288.2688       288.0726       287.1802       286.4662       285.7545       285.2248    
 1872   285.1664       285.1883       285.6877       286.2609       287.3040       288.1028       288.4348       288.1476       287.2703       286.4594       285.6359       285.2639    
 1873   285.1638       285.1623       285.6315       286.3844       287.3625       288.1166       288.5588       288.1503       287.4168       286.4916       285.8111       285.3339    
 1874   285.1669       285.2146       285.7516       286.3551       287.3245       288.1380       288.4336       288.1630       287.5023       286.6338       285.7619       285.4062    
 1875   285.0914       285.3125       285.8905       286.3677       287.5425       288.1078       288.3348       288.0396       287.2489       286.4071       285.6584       285.1316    
 1876   285.0658       285.1895       285.7642       286.2569       287.1926       287.9924       288.4239       288.1093       287.3277       286.3038       285.6048       285.2452    
 1877   285.0363       284.9841       285.6063       286.3902       287.2065       288.0175       288.3188       288.1507       287.2626       286.2755       285.5352       284.9930    
 1878   284.7120       284.7937       285.5285       286.2153       287.0944       288.0517       288.4021       288.1642       287.3852       286.4003       285.5954       285.2477    
 1879   285.2148       285.4236       285.8502       286.6104       287.3106       288.1803       288.5948       288.2494       287.4082       286.5462       285.8666       285.4887    
 1880   285.1255       285.3828       285.6027       286.3096       287.2423       287.9477       288.2905       287.9883       287.1476       286.1728       285.5968       285.0656    
 1881   284.8510       284.8919       285.4250       286.1482       287.1412       287.9533       288.3343       288.0356       287.2051       286.4127       285.6382       285.2757    
 1882   285.1451       285.0257       285.5171       286.2420       287.1842       287.9823       288.1806       288.0419       287.3298       286.3408       285.5440       285.2356    
 1883   284.8546       284.7984       285.5231       286.2921       287.3192       288.0305       288.3783       288.0585       287.2432       286.3487       285.5108       285.1776    
 1884   284.8528       284.8044       285.1818       285.7756       286.9102       287.7090       288.0036       287.6904       287.0154       286.0556       285.3153       284.8353    
 1885   284.7304       284.6107       285.2476       286.0560       287.0097       287.6357       288.1159       287.7268       287.0792       286.1321       285.5111       284.8952    
 1886   284.7333       284.7349       285.3220       285.7897       286.9468       287.9107       288.1295       287.7485       286.9531       286.1853       285.4998       285.2452    
 1887   284.8183       285.1042       285.6391       286.3220       287.2538       288.0346       288.3564       288.0127       287.2018       286.4483       285.6651       285.1478    
 1888   285.0135       285.0464       285.5655       286.2407       287.2461       287.9202       288.2759       287.9417       287.1277       286.4291       285.6466       285.2370    
 1889   284.9756       284.8642       285.4436       286.2610       287.1499       287.9717       288.3777       288.0391       287.3720       286.4641       285.7057       285.3564    
 1890   285.0034       285.2690       285.6133       286.2716       287.2657       287.9521       288.3364       288.0480       287.3467       286.5207       285.6239       285.2876    
 1891   284.8257       285.0561       285.5613       286.1513       287.1072       287.9284       288.2529       288.0828       287.3008       286.2557       285.4379       285.0590    
 1892   284.6235       284.9582       285.4164       286.1691       287.1113       287.8228       288.2101       287.9279       287.1047       286.1339       285.5023       284.8616    
 1893   284.8364       284.8974       285.5115       286.1164       287.1972       287.9810       288.1755       288.0322       287.1524       286.3682       285.5399       285.2571    
 1894   284.9956       284.8661       285.5263       286.0799       287.0309       287.9734       288.4104       288.1972       287.3668       286.4336       285.6674       285.2909    
 1895   284.9638       285.0772       285.5996       286.4740       287.4477       288.0688       288.3427       288.0565       287.1708       286.2738       285.5902       285.2157    
 1896   285.1264       285.1482       285.7703       286.3455       287.2419       288.0147       288.3353       288.1660       287.2461       286.3807       285.7346       285.1260    
 1897   284.9623       285.1035       285.4606       286.1931       287.1729       287.9887       288.3110       288.0175       287.2566       286.4135       285.5603       285.2083    
 1898   284.9773       285.0884       285.5024       286.3030       287.1549       287.8145       288.3676       288.0922       287.2501       286.3721       285.7310       285.2933    
 1899   285.3546       285.3913       285.6475       286.4753       287.3831       288.1310       288.3970       288.2745       287.3972       286.4435       285.8542       285.3498    
 1900   285.1196       285.2464       285.7116       286.3430       287.3109       288.1674       288.4810       288.1359       287.2975       286.3152       285.5797       285.3722    
 1901   285.4101       285.2809       285.8081       286.4003       287.2968       288.0475       288.5834       288.1964       287.2858       286.4096       285.6782       285.3127    
 1902   285.0615       285.2132       285.5688       286.2769       287.1399       288.1561       288.4558       288.1416       287.3523       286.4058       285.7027       285.3300    
 1903   285.1398       285.2860       285.4781       286.3691       287.2792       287.8547       288.1353       287.7829       287.1852       286.3276       285.4582       284.9119    
 1904   284.8349       284.9315       285.3583       286.0755       286.9011       287.8985       288.2536       287.9768       287.2289       286.2448       285.4433       285.1686    
 1905   284.8223       284.9612       285.5019       286.3164       287.2658       287.9916       288.3121       287.8722       287.1320       286.2077       285.6151       285.1558    
 1906   284.9556       285.1350       285.4640       286.1974       287.1700       287.9452       288.3040       288.0367       287.1176       286.3314       285.7958       285.1111    
 1907   284.8228       285.0973       285.5742       286.2779       287.3612       288.0081       288.3274       288.0645       287.0928       286.2925       285.5131       285.0869    
 1908   284.9302       285.1837       285.6309       286.3152       287.1312       287.8453       288.1653       287.8912       286.9919       286.1916       285.4703       285.0415    
 1909   284.8806       285.1297       285.5763       286.3567       287.2197       288.0211       288.3503       288.2076       287.3429       286.3127       285.6684       285.2661    
 1910   285.1627       285.1100       285.6378       286.3023       287.2713       288.0019       288.3534       288.0135       287.2328       286.3911       285.5629       285.1708    
 1911   285.0038       285.2492       285.6479       286.3547       287.3275       288.0880       288.3375       288.0225       287.2465       286.3085       285.6880       285.2499    
 1912   284.9806       285.1710       285.7521       286.4932       287.4775       288.2594       288.4738       288.1130       287.2039       286.3945       285.5805       285.1036    
 1913   284.8337       284.9522       285.2612       286.1429       287.0388       287.9109       288.3428       288.0297       287.1078       286.0932       285.4434       285.1289    
 1914   284.6618       284.8875       285.5208       286.1941       287.2319       288.0044       288.2801       288.0683       287.1902       286.4295       285.6549       285.0929    
 1915   284.9928       284.9721       285.6465       286.1542       287.1783       287.9281       288.3348       288.0498       287.2137       286.2066       285.7921       285.2619    
 1916   284.7651       285.1522       285.7519       286.2999       287.2679       288.0867       288.4259       288.2207       287.3386       286.3658       285.7417       285.2674    
 1917   284.9377       284.9672       285.8089       286.4946       287.4472       288.0674       288.1522       288.0074       287.2155       286.1688       285.5408       285.0648    
 1918   285.0046       284.8601       285.5250       286.1298       287.1816       287.9605       288.3642       288.1783       287.3351       286.2640       285.6095       285.2648    
 1919   285.0830       285.3493       285.5970       286.3672       287.4215       288.0707       288.4994       288.1238       287.4224       286.5160       285.7823       285.2915    
 1920   285.1496       285.1216       285.5265       286.3016       287.2827       288.1787       288.4568       288.0836       287.2814       286.4256       285.6456       285.1714    
 1921   285.0946       285.2645       285.6932       286.4977       287.4146       288.0680       288.4590       287.9944       287.2651       286.4379       285.8107       285.3905    
 1922   285.1977       285.2587       285.8706       286.6116       287.4881       288.1294       288.5165       288.3182       287.4552       286.5517       285.8951       285.5406    
 1923   285.1987       285.5136       285.8538       286.7607       287.7224       288.4700       288.7909       288.4661       287.7289       286.8111       286.1759       285.6442    
 1924   285.5613       285.6105       286.1348       286.6239       287.6525       288.3633       288.7202       288.3652       287.4810       286.7189       285.9806       285.4499    
 1925   285.3254       285.3472       285.7321       286.4833       287.5217       288.1074       288.6546       288.3243       287.5649       286.7015       285.9215       285.4300    
 1926   285.2259       285.5237       286.0278       286.4875       287.5477       288.4557       288.7064       288.3914       287.5210       286.8137       286.0165       285.4509    
 1927   285.4357       285.5376       285.9573       286.7216       287.6062       288.3289       288.6537       288.2730       287.5707       286.6580       286.1083       285.6139    
 1928   285.3655       285.4157       285.8831       286.6164       287.5982       288.2504       288.7019       288.3716       287.4854       286.6411       285.9521       285.5284    
 1929   285.2497       285.5896       286.0467       286.6075       287.5241       288.1439       288.4759       288.0854       287.3601       286.5795       285.6677       285.4200    
 1930   285.1780       285.1815       285.8256       286.5949       287.2863       288.2518       288.4890       288.3594       287.5938       286.7422       286.0242       285.6229    
 1931   285.5112       285.5606       286.0398       286.6006       287.6558       288.2764       288.5758       288.2278       287.5065       286.5173       285.7094       285.3646    
 1932   285.0162       284.9700       285.4461       286.2184       287.3355       288.1153       288.5634       288.3701       287.5088       286.6704       285.8954       285.5927    
 1933   285.1661       285.2673       285.7838       286.6288       287.5779       288.2664       288.4675       288.2522       287.3583       286.4547       285.6954       285.2381    
 1934   285.0496       285.2941       285.6940       286.4099       287.3416       288.0984       288.4898       288.0930       287.2535       286.5148       285.6512       285.2048    
 1935   285.0857       285.0944       285.7563       286.4527       287.5562       288.2295       288.5696       288.3082       287.4076       286.5898       285.7910       285.2824    
 1936   285.2546       285.1669       285.7434       286.4326       287.4747       288.3506       288.7509       288.4009       287.5337       286.7514       286.0664       285.6324    
 1937   285.5933       285.5636       285.9260       286.8234       287.6903       288.5435       288.7597       288.4417       287.6852       286.7339       286.0064       285.6305    
 1938   285.3612       285.5258       285.9452       286.5014       287.5894       288.4476       288.6256       288.3709       287.5998       286.5520       285.7759       285.4762    
 1939   285.1662       285.2449       285.7866       286.5925       287.5064       288.1769       288.6204       288.3280       287.3328       286.5565       286.1004       285.4123    
 1940   285.2819       285.6203       286.0435       286.5855       287.6032       288.2628       288.7278       288.4000       287.6476       286.6063       285.8480       285.4826    
 1941   285.1632       285.2399       285.7564       286.6008       287.4533       288.2604       288.6216       288.3936       287.6597       286.6273       286.0591       285.5731    
 1942   285.2913       285.3405       285.7011       286.4043       287.3766       288.1925       288.5757       288.2680       287.4797       286.5893       285.8967       285.5313    
 1943   285.3981       285.6315       286.0500       286.7462       287.6717       288.3618       288.8370       288.4319       287.7005       286.6798       285.8972       285.4843    
 1944   285.4190       285.7038       286.0027       286.6002       287.7026       288.5548       288.8219       288.6049       287.6666       286.7682       285.9212       285.5674    
 1945   285.3108       285.4734       285.8490       286.6883       287.6308       288.3968       288.8185       288.4229       287.6561       286.8213       286.0726       285.4613    
 1946   285.5135       285.6435       286.0552       286.6466       287.5386       288.3379       288.6930       288.5534       287.6620       286.7215       286.0909       285.7789    
 1947   285.4895       285.6732       286.0393       286.5868       287.5773       288.3649       288.7462       288.3593       287.5255       286.6358       286.0902       285.7345    
 1948   285.3540       285.5827       286.2680       286.9272       287.7679       288.5780       288.9206       288.5514       287.6041       286.7737       286.0981       285.5625    
 1949   285.4215       285.4135       286.0198       286.7668       287.7706       288.4144       288.6625       288.5463       287.6159       286.9308       286.2533       285.8489    
 1950   285.7423       285.7522       286.3234       287.0653       287.9703       288.6747       289.0520       288.6257       287.6310       286.9398       286.2189       285.8204    
 1951   285.6605       285.5949       286.1368       286.9965       287.8355       288.5354       288.8986       288.5618       287.6717       286.7935       286.1659       285.6822    
 1952   285.4013       285.5133       286.0683       286.7517       287.5662       288.4151       288.8409       288.4958       287.7577       286.8410       286.0150       285.5794    
 1953   285.2993       285.4245       286.0074       286.6926       287.6185       288.2414       288.5797       288.3406       287.6979       286.8177       286.0385       285.5772    
 1954   285.4520       285.4832       285.9752       286.5374       287.6778       288.4086       288.8260       288.4640       287.5908       286.7083       285.9847       285.4066    
 1955   285.2336       285.5037       285.8972       286.7152       287.6850       288.3933       288.6711       288.4062       287.6472       286.6802       286.0841       285.6688    
 1956   285.4085       285.4856       285.9269       286.5322       287.5533       288.1414       288.5723       288.3073       287.4910       286.7267       286.0758       285.5348    
 1957   285.3322       285.4531       285.9687       286.5629       287.5389       288.1814       288.6138       288.3955       287.5199       286.6520       285.9925       285.6549    
 1958   285.3513       285.5681       286.0426       286.7517       287.6707       288.4435       288.7487       288.7183       287.7453       286.9377       286.1967       285.6719    
 1959   285.5914       285.5412       286.0169       286.5647       287.5951       288.3238       288.6391       288.4427       287.6276       286.7519       286.0764       285.6333    
 1960   285.3025       285.2339       285.8319       286.7455       287.6480       288.4229       288.7567       288.4429       287.6993       286.7842       286.0239       285.7299    
 1961   285.5796       285.5374       286.1600       286.8318       287.8106       288.4905       288.9075       288.5055       287.5432       286.7994       286.1707       285.6896    
 1962   285.4672       285.4779       286.1434       286.8670       287.7900       288.5669       288.8834       288.5376       287.5824       286.7520       286.2443       285.7691    
 1963   285.5237       285.5349       286.1599       286.8195       287.7867       288.6133       288.7268       288.3470       287.6438       286.7052       285.9421       285.5073    
 1964   285.2990       285.2156       285.7526       286.4377       287.3439       288.1427       288.6008       288.1430       287.3895       286.5114       285.6715       285.0448    
 1965   284.9630       285.0893       285.7737       286.3566       287.3099       287.9977       288.3736       287.9478       287.2521       286.3223       285.5458       285.3102    
 1966   285.0020       285.1780       285.6804       286.3443       287.2881       288.2213       288.4650       288.2204       287.4934       286.5517       285.9509       285.5215    
 1967   285.4600       285.5699       286.0433       286.7694       287.6134       288.1847       288.5891       288.3360       287.4709       286.6516       285.8171       285.4622    
 1968   285.2202       285.2582       285.7416       286.4450       287.3492       288.1895       288.5269       288.1659       287.3655       286.4500       285.7919       285.4857    
 1969   285.3371       285.0500       285.8083       286.5235       287.4641       288.2495       288.4379       288.1258       287.2581       286.4787       285.7722       285.3804    
 1970   285.1402       285.2496       285.8027       286.3437       287.4599       288.2396       288.5274       288.2798       287.3634       286.4031       285.8919       285.3936    
 1971   285.2746       285.2860       285.7983       286.4997       287.3564       288.1333       288.5705       288.2078       287.5096       286.5816       285.7433       285.4154    
 1972   285.1530       285.2090       285.7898       286.4780       287.4601       288.3015       288.5663       288.2823       287.4261       286.5258       285.7662       285.5258    
 1973   285.2060       285.1104       285.5869       286.4592       287.4044       288.2182       288.4741       288.2442       287.5741       286.6876       285.7749       285.5040    
 1974   285.2953       285.4319       285.9015       286.6292       287.4565       288.2335       288.7101       288.4214       287.6033       286.7281       286.1681       285.5425    
 1975   285.3273       285.4358       286.0006       286.7070       287.5237       288.3131       288.5518       288.1711       287.3379       286.6454       285.8565       285.4541    
 1976   285.1515       285.3993       286.0421       286.6229       287.6255       288.4077       288.7670       288.4787       287.7598       286.6910       286.1423       285.6741    
 1977   285.4800       285.7845       286.0914       287.0703       288.0154       288.6127       288.8978       288.6129       287.7050       286.7930       286.1048       285.6990    
 1978   285.5677       285.7219       286.3850       286.9422       287.9356       288.5673       288.8237       288.6405       287.8132       286.8787       286.2322       285.8244    
 1979   285.6251       285.5640       286.1842       287.0142       287.8023       288.4146       288.8943       288.5466       287.6511       286.9194       286.0877       285.5971    
 1980   285.4247       285.6041       285.9535       286.6490       287.7040       288.4726       288.8300       288.5688       287.6657       286.7511       286.2260       285.7098    
 1981   285.2623       285.6437       285.9740       286.4687       287.7330       288.6133       288.9059       288.5631       287.9304       286.9474       286.2766       285.8316    
 1982   285.8135       285.7379       286.0594       286.6151       287.5695       288.3042       288.6668       288.3622       287.4657       286.6042       286.0720       285.6242    
 1983   285.4456       285.2581       286.0132       286.7560       287.6203       288.3351       288.6391       288.3058       287.5948       286.5930       285.9572       285.5268    
 1984   285.3872       285.4227       285.8884       286.6903       287.6185       288.4631       288.9228       288.5410       287.5117       286.6398       285.9250       285.7308    
 1985   285.6169       285.5818       285.9667       286.7785       287.5476       288.3748       288.7413       288.4707       287.7334       286.8477       286.1721       285.7284    
 1986   285.6046       285.7269       286.2610       286.8280       287.8536       288.5167       289.0047       288.5154       287.7191       286.9011       286.0735       285.8281    
 1987   285.7054       285.5298       286.0158       286.8892       287.7910       288.5572       288.8422       288.7628       287.8509       286.9831       286.3606       285.8941    
 1988   285.8786       285.7289       286.2372       286.7742       287.7842       288.6020       288.9160       288.6085       287.8947       287.0364       286.3627       285.8943    
 1989   285.7052       285.6171       286.2610       286.9189       287.9679       288.6908       289.1358       288.5536       287.7690       286.8515       286.3724       285.8396    
 1990   285.6350       285.8528       286.4025       287.1540       288.0263       288.9519       289.2619       288.8687       288.1585       287.0031       286.4861       286.1511    
 1991   285.8528       285.8391       286.3535       287.0792       288.0011       288.6915       289.1050       288.6887       287.8763       286.8605       286.1835       285.7267    
 1992   285.5349       285.5441       286.0424       286.5683       287.5282       288.2900       288.6744       288.4541       287.6663       286.7697       285.9508       285.5685    
 1993   285.3150       285.5831       285.9536       286.5886       287.6280       288.3516       288.8440       288.4656       287.7661       286.9269       286.2390       285.6624    
 1994   285.4884       285.6157       286.1904       286.8756       287.8336       288.6099       288.9749       288.6599       287.6750       286.8568       286.1985       285.7984    
 1995   285.4217       285.6859       286.0273       286.7312       287.8162       288.5369       288.9274       288.7642       287.9316       287.1298       286.3728       285.9406    
 1996   285.6916       285.8510       286.2446       286.9323       287.9279       288.7820       289.1273       288.7374       288.0654       287.2442       286.3813       286.0569    
 1997   285.7997       286.0353       286.5130       287.1739       288.2923       289.0791       289.2876       288.9473       288.1265       287.0911       286.3874       285.9499    
 1998   285.5034       285.8068       286.3192       286.9911       288.1118       288.9753       289.1516       288.7633       288.0834       287.2059       286.5654       286.1125    
 1999   285.8380       286.0468       286.5030       287.1257       288.1116       288.8199       289.1284       288.8904       288.1205       287.1500       286.5251       285.9240    
 2000   285.7489       285.9976       286.4633       287.2482       288.1617       289.0137       289.2362       288.9829       288.1045       287.3669       286.7218       286.2508    
 2001   286.0844       286.1670       286.6537       287.5164       288.3454       289.0312       289.4332       289.1413       288.3103       287.2523       286.5772       286.2794    
 2002   286.0220       285.9327       286.4631       287.2199       288.0929       288.8478       289.2509       289.0542       288.1585       287.3388       286.6114       286.2345    
 2003   285.8631       286.2192       286.5258       287.1220       288.1073       288.8739       289.1694       288.7471       287.9835       287.1259       286.4348       286.0415    
 2004   285.7416       285.7271       286.3554       287.0003       287.8828       288.6844       288.9689       288.7545       287.8737       287.1289       286.3781       285.9911    
 2005   285.8759       286.0299       286.4055       287.0183       288.0401       288.8197       289.1429       288.8858       288.1016       287.1593       286.3228       285.9569    
 2006   285.6673       285.9119       286.3456       287.0915       288.1472       288.7761       289.1448       288.8361       288.0999       287.2198       286.6766       286.1138    
 2007   286.0144       286.2215       286.7547       287.2391       288.2105       289.0318       289.4186       289.1205       288.2184       287.3906       286.7229       286.2816    
 2008   286.1010       286.1331       286.8455       287.4903       288.4542       289.1300       289.4787       289.1538       288.4002       287.4263       286.7435       286.1837    
 2009   286.0238       286.0659       286.7018       287.2969       288.0207       288.8733       289.4172       289.1276       288.2846       287.3715       286.5572       286.1963    
 2010   286.0975       286.2400       286.5094       287.3052       288.2731       289.0933       289.3987       288.9326       288.3225       287.4182       286.8228       286.3187    
 2011   286.0323       286.0268       286.5942       287.1969       288.2992       289.1065       289.4135       288.9865       288.3345       287.3967       286.6603       286.2313    
 2012   286.2457       286.3510       286.6475       287.4322       288.4479       289.2499       289.5197       289.2656       288.5222       287.6492       286.8922       286.5026    
 2013   286.1577       286.1263       286.5154       287.2385       288.3211       289.0782       289.5258       289.2432       288.3748       287.6082       286.8068       286.3174    
 2014   286.1704       286.3024       286.6028       287.4452       288.4218       289.1005       289.4943       289.2125       288.3986       287.5121       286.7996       286.3944    
 2015   286.1810       286.1863       286.8795       287.5959       288.4696       289.0621       289.6043       289.2198       288.6095       287.6902       287.0985       286.5406    
 2016   286.3286       286.3500       286.9159       287.6950       288.5306       289.2625       289.6338       289.3340       288.6973       287.6353       286.9138       286.6207    
 2017   286.2785       286.2396       286.8653       287.5314       288.6500       289.3594       289.7412       289.4013       288.7581       287.8954       287.0561       286.5424    
 2018   286.4621       286.5283       287.1284       287.7608       288.7039       289.3242       289.7433       289.4719       288.6958       287.8778       287.0445       286.6585    
 2019   286.3085       286.4200       286.9435       287.7784       288.7514       289.4141       289.8093       289.4304       288.6481       287.8170       287.0944       286.5447    
 2020   286.3456       286.5894       286.9606       287.6693       288.5405       289.3425       289.6411       289.5078       288.7108       287.7337       287.1714       286.7385    
 2021   286.4452       286.6053       287.0273       287.8685       288.8512       289.6204       289.8658       289.6160       288.8026       287.8948       287.2313       286.6588    
 2022   286.3436       286.6348       287.1171       287.8948       288.8001       289.5157       289.8310       289.6099       288.8734       288.0886       287.2256       286.8958    
 2023   286.7008       286.6265       287.0633       287.7764       288.8158       289.4512       289.9315       289.8224       289.0501       288.0591       287.3317       286.9228    
 2024   286.6685       286.6799       287.1616       287.7646       288.9043       289.6098       289.9642       289.6039       288.8194       288.0466       287.3439       286.8738    
 2025   286.6046       286.9068       287.2705       288.0387       288.9886       289.7360       290.0662       289.7379       288.9251       288.1845       287.3412       286.9235    
 2026   286.7271       286.7878       287.3749       288.1682       289.0160       289.6199       289.9939       289.8000       289.0469       288.2469       287.3992       286.7899    
 2027   286.5732       286.6674       287.0898       287.9422       288.8102       289.6371       289.9307       289.5739       288.8346       288.1258       287.3223       286.8492    
 2028   286.4619       286.6646       287.2357       287.9649       288.7545       289.4843       289.8233       289.6496       288.9127       287.9519       287.3607       286.8740    
 2029   286.7569       286.8557       287.3808       288.0223       288.9329       289.6624       289.9556       289.9604       289.1882       288.2191       287.4787       287.1161    
 2030   286.7382       286.9797       287.2409       288.0758       288.9718       289.6452       289.9565       289.7002       289.0591       288.1382       287.4969       286.9378    
 2031   286.7544       286.9010       287.3590       288.0091       288.9462       289.7812       289.9790       289.7831       289.0811       288.2861       287.3242       286.9030    
 2032   286.7593       286.9316       287.3601       288.0918       289.0938       289.7564       290.0770       289.8344       289.0485       288.1642       287.4477       286.9844    
 2033   286.5869       286.9019       287.4057       288.1407       288.9835       289.7707       290.1120       289.7345       289.0005       288.1762       287.4232       287.0059    
 2034   286.8601       286.8950       287.3797       288.1036       289.1103       289.7907       290.1273       289.9791       289.3521       288.3506       287.5367       287.1219    
 2035   286.7849       286.9179       287.4819       288.3643       289.1540       289.8199       290.1481       289.8853       289.0882       288.2952       287.5975       287.0339    
 2036   287.0042       286.9026       287.5558       288.1931       289.0244       289.8529       290.3200       289.8685       289.1992       288.4080       287.6044       287.1076    
 2037   286.6856       286.8364       287.4048       288.0982       289.1031       289.8452       290.2702       289.9586       289.2072       288.1990       287.3952       286.9996    
 2038   286.6507       286.8994       287.6852       288.3141       289.1184       289.8140       290.0660       289.8062       289.1687       288.3334       287.6995       287.0397    
 2039   286.8607       287.0523       287.5829       288.3102       289.2133       289.8018       290.1973       289.9514       289.1834       288.4653       287.5799       287.3262    
 2040   286.9954       287.1261       287.5280       288.3456       289.2982       289.9274       290.2250       290.0428       289.1909       288.4815       287.6394       287.2752    
 2041   286.9609       286.9575       287.3554       288.1996       289.2424       289.9326       290.2386       289.8913       289.2712       288.3674       287.6670       286.9727    
 2042   287.1033       287.0245       287.4005       288.1633       289.1703       289.9131       290.2234       289.9927       289.2190       288.3145       287.6351       287.0859    
 2043   287.0257       287.3013       287.6136       288.4641       289.5268       290.2323       290.4843       290.2397       289.4004       288.5427       287.9182       287.4306    
 2044   287.1752       287.1380       287.6562       288.4122       289.3216       290.0608       290.5016       290.2127       289.4900       288.6240       287.8100       287.2924    
 2045   287.2161       287.1807       287.9198       288.5567       289.4865       290.1492       290.5822       290.2502       289.5784       288.6142       287.7957       287.2910    
 2046   287.1441       287.2410       287.8971       288.4527       289.3457       290.1084       290.5148       290.2543       289.4815       288.4728       287.8074       287.3571    
 2047   287.2685       287.3480       287.7868       288.4521       289.3644       290.1771       290.5576       290.2349       289.5169       288.5319       287.8586       287.4176    
 2048   287.1308       287.2929       287.8500       288.4285       289.4272       290.0764       290.4290       290.2429       289.4096       288.6953       287.8744       287.2966    
 2049   287.0203       287.1067       287.7215       288.5996       289.4355       289.9991       290.2701       290.1218       289.3526       288.4585       287.8355       287.2722    
 2050   287.0194       286.8698       287.5742       288.2015       289.3114       289.9987       290.4600       290.2661       289.4634       288.5036       287.8208       287.3800    
 2051   287.1375       287.3815       287.7500       288.4414       289.3055       290.2145       290.4947       290.2877       289.5776       288.6331       287.7609       287.4596    
 2052   287.2498       287.1596       287.7368       288.5642       289.5655       290.2693       290.5540       290.4197       289.6016       288.8210       288.0134       287.5682    
 2053   287.1931       287.2845       287.7733       288.7238       289.5573       290.3593       290.5656       290.3081       289.5199       288.7793       287.8747       287.3344    
 2054   287.1926       287.2393       287.6996       288.5288       289.4633       290.2063       290.4893       290.3206       289.3824       288.6235       287.8828       287.4023    
 2055   287.0622       287.3603       287.7772       288.4397       289.3598       290.1747       290.5509       290.2212       289.5892       288.6438       287.8495       287.4123    
 2056   287.2227       287.3359       287.8536       288.6379       289.4669       290.0959       290.3739       290.2695       289.4059       288.6324       287.9369       287.4789    
 2057   287.1458       287.2260       287.7892       288.6306       289.4844       290.2109       290.5512       290.2544       289.5011       288.7520       287.8970       287.4527    
 2058   287.2753       287.6127       287.9380       288.6107       289.6004       290.2957       290.5436       290.2714       289.5117       288.6234       287.8741       287.3232    
 2059   287.2874       287.4184       288.0019       288.6286       289.5518       290.2922       290.6852       290.4742       289.6141       288.7143       288.0097       287.4458    
 2060   287.2209       287.2617       287.7431       288.5357       289.5267       290.1522       290.5381       290.2623       289.5818       288.7027       287.9276       287.4703    
 2061   287.2612       287.1880       287.6804       288.4014       289.2665       290.1557       290.3325       290.1296       289.4121       288.5865       287.6996       287.2947    
 2062   287.1855       287.3680       287.7043       288.5026       289.4247       290.1086       290.6049       290.3039       289.6817       288.6562       287.9543       287.5283    
 2063   287.4559       287.4044       287.9954       288.6184       289.6634       290.2539       290.7506       290.3682       289.7405       288.7173       287.9718       287.5006    
 2064   287.3318       287.2479       287.6010       288.5253       289.5669       290.3180       290.6253       290.2748       289.6957       288.7796       287.9887       287.3368    
 2065   287.1313       287.2133       287.8020       288.5217       289.3787       290.1413       290.5445       290.2454       289.3609       288.4745       287.7234       287.2875    
 2066   286.9587       287.0460       287.5406       288.4158       289.4077       290.1609       290.3804       290.1002       289.4096       288.6562       287.9034       287.2300    
 2067   287.1197       287.1985       287.7252       288.4532       289.4289       290.1089       290.4222       290.1476       289.4271       288.6076       287.9018       287.2583    
 2068   287.1695       287.3335       287.8662       288.6484       289.5953       290.1619       290.5734       290.3951       289.6943       288.6537       287.9259       287.5379    
 2069   287.3817       287.5879       288.0144       288.7793       289.5277       290.3988       290.7130       290.6183       289.7679       288.8764       288.1656       287.6652    
 2070   287.2943       287.4280       287.8284       288.6253       289.5608       290.2327       290.6813       290.3702       289.5251       288.7240       287.9275       287.5049    
 2071   287.3511       287.2615       287.8116       288.5671       289.5092       290.2651       290.6884       290.3784       289.6847       288.8100       288.1165       287.5091    
 2072   287.0594       287.0782       287.6296       288.6068       289.6373       290.1337       290.4921       290.2591       289.4956       288.6319       287.7029       287.2865    
 2073   287.0478       287.1687       287.6628       288.3612       289.2910       290.0967       290.4710       290.1218       289.4216       288.5390       287.9503       287.3226    
 2074   287.2619       287.4633       287.8112       288.5804       289.6592       290.2162       290.6012       290.4288       289.5783       288.7871       287.9759       287.4808    
 2075   287.3513       287.3948       287.8841       288.6626       289.6094       290.3332       290.4653       290.2420       289.6780       288.8267       288.0127       287.4723    
 2076   287.3490       287.3266       287.7900       288.5891       289.6271       290.2762       290.6111       290.4575       289.5956       288.7729       288.0650       287.5895    
 2077   287.5478       287.5279       288.0749       288.6200       289.5827       290.3228       290.6344       290.4443       289.7107       288.8619       288.0088       287.4968    
 2078   287.4322       287.4047       287.8492       288.7092       289.6411       290.3056       290.5401       290.2620       289.4379       288.6109       287.9413       287.4254    
 2079   287.3042       287.3260       287.7870       288.5779       289.5987       290.3398       290.5847       290.1850       289.4719       288.5853       287.8624       287.3341    
 2080   287.3240       287.6062       287.8987       288.5676       289.6161       290.3649       290.6242       290.4821       289.6917       288.8062       288.0929       287.4184    
 2081   287.2460       287.4425       287.9265       288.6242       289.6074       290.3780       290.5782       290.4418       289.6127       288.6488       287.9666       287.4095    
 2082   287.2003       287.2950       287.8424       288.6027       289.6837       290.3547       290.6039       290.2907       289.5777       288.6216       287.8925       287.3061    
 2083   287.2056       287.2253       287.7360       288.6232       289.5567       290.2776       290.5993       290.3791       289.3947       288.6695       287.8980       287.4179    
 2084   287.3329       287.3353       287.8789       288.5663       289.5918       290.3457       290.5370       290.4358       289.5974       288.6337       287.9747       287.5046    
 2085   287.1663       287.3676       287.8073       288.6014       289.5358       290.2900       290.6249       290.3300       289.5328       288.6060       287.7878       287.2775    
 2086   287.1739       287.2088       287.7592       288.4128       289.3641       290.1718       290.4502       290.2087       289.5054       288.6430       287.7050       287.4564    
 2087   287.2966       287.3416       287.8629       288.5409       289.3991       290.1713       290.5268       290.3635       289.5818       288.6675       288.0965       287.5771    
 2088   287.3903       287.5792       287.8793       288.6994       289.6189       290.3984       290.8390       290.4571       289.7086       288.8812       288.1634       287.6255    
 2089   287.3901       287.5453       287.8948       288.6350       289.6389       290.4019       290.6854       290.4854       289.6177       288.6965       287.9476       287.3523    
 2090   287.2986       287.3316       287.7986       288.6259       289.6026       290.3046       290.6516       290.4425       289.7894       288.7937       288.0457       287.4594    
 2091   287.1831       287.5555       287.8842       288.6350       289.6207       290.4636       290.8349       290.6469       289.8091       288.9708       288.2019       287.8337    
 2092   287.3273       287.7271       288.0371       288.7939       289.7422       290.4481       290.6965       290.3245       289.7616       288.9271       288.1975       287.6976    
 2093   287.6090       287.5547       287.9477       288.7213       289.7537       290.4525       290.6261       290.3292       289.6407       288.8448       288.1099       287.6629    
 2094   287.4505       287.4461       287.9157       288.6115       289.7054       290.4171       290.7436       290.5107       289.7877       288.7023       287.9226       287.4585    
 2095   287.2835       287.4355       287.8798       288.6830       289.7817       290.4622       290.7152       290.4327       289.7742       288.9001       288.1195       287.6172    
 2096   287.4464       287.6018       287.8557       288.7867       289.8386       290.5927       290.8227       290.5308       289.8914       288.9491       288.2535       287.6337    
 2097   287.3761       287.3685       288.0282       288.9022       289.8537       290.5225       290.6207       290.5182       289.8709       288.7859       288.0877       287.5953    
 2098   287.3952       287.5314       287.9517       288.6319       289.7164       290.4713       290.7970       290.4195       289.6902       288.7737       287.9002       287.6234    
 2099   287.5376       287.6664       288.0323       288.7642       289.8117       290.5130       290.8871       290.6061       289.9131       288.9619       288.2589       287.6865    
 2100   287.4766       287.5262       287.7513       288.6098       289.5783       290.3697       290.5979       290.3069       289.5490       288.7780       287.9672       287.4243    
