# <a href=http://cmip-pcmdi.llnl.gov/cmip5/>CMIP5</a> global mean temperature computed at <a href=http://www.knmi.nl/selectfield_cmip5.cgi?someone@somewhere>KNMI Climate Explorer</a> tas_Amon_CCSM4_rcp26_r1i1p1
# tas [K] from CCSM4 model output prepared for CMIP5 RCP2.6 r1i1p1
# cutting out region lon=   -0.625  359.375, lat=  -90.000   90.000
 1850   284.4669       284.7976       285.4510       286.2740       287.1633       287.9899       288.3831       288.1630       287.3869       286.3688       285.3442       284.6371    
 1851   284.8516       285.1074       285.6027       286.5799       287.2798       288.1206       288.5955       288.3298       287.4901       286.4930       285.5081       284.8682    
 1852   285.0114       285.0238       285.6985       286.5392       287.4909       288.1074       288.5378       288.3289       287.5898       286.4769       285.6443       284.8525    
 1853   284.6527       285.3112       285.7028       286.4916       287.4552       288.0384       288.3641       288.1570       287.4109       286.4178       285.1596       284.7729    
 1854   284.6179       284.6627       285.3310       286.2784       287.1174       287.7814       288.1880       288.0156       287.2842       286.1852       285.2816       284.7115    
 1855   284.5769       284.8636       285.5357       286.2122       287.2569       287.9001       288.5306       288.3754       287.5617       286.3612       285.3307       285.0665    
 1856   284.9280       285.1342       285.7710       286.4663       287.4336       288.0684       288.5041       288.2453       287.3725       286.5328       285.3692       284.4467    
 1857   284.4264       284.8119       285.4556       286.1630       287.1074       287.8761       288.3083       288.1146       287.3234       286.3539       285.3464       284.9855    
 1858   284.4821       284.9509       285.6277       286.3578       287.1078       287.9415       288.3941       288.1220       287.2911       286.4450       285.3503       284.6895    
 1859   284.8058       285.1479       285.4696       286.2976       287.4056       288.1553       288.3669       288.2807       287.4526       286.3214       285.4262       284.8556    
 1860   284.6561       285.0721       285.4986       286.2465       287.1520       287.8533       288.4785       288.2679       287.3993       286.4348       285.2945       284.6444    
 1861   284.5268       284.7497       285.6350       286.4254       287.3612       288.1917       288.5822       288.3434       287.5070       286.3730       285.2545       284.4516    
 1862   284.4737       284.7581       285.4021       286.5562       287.4092       288.1653       288.5061       288.2668       287.6150       286.4353       285.4006       284.7899    
 1863   284.5978       285.0868       285.5553       286.3712       287.2908       288.0507       288.4584       288.2511       287.5498       286.4737       285.7034       285.0852    
 1864   284.8797       285.0708       285.6209       286.5490       287.4385       288.2519       288.4445       288.1557       287.4887       286.5334       285.6332       284.9497    
 1865   284.8732       284.9500       285.6874       286.5740       287.2723       288.0262       288.3936       288.3564       287.4753       286.3789       285.2033       284.7323    
 1866   284.4744       284.5872       285.2725       286.1010       287.0293       287.7172       288.3234       288.1636       287.3398       286.1884       285.1686       284.6647    
 1867   284.4410       284.8103       285.3766       286.1466       287.1253       287.9017       288.2552       288.3320       287.4652       286.3389       285.6338       284.7567    
 1868   284.6934       284.7921       285.4860       286.3296       287.2234       287.8865       288.4740       288.2493       287.5334       286.6394       285.4992       285.0181    
 1869   284.7879       285.1764       285.6394       286.5460       287.4590       288.1413       288.6385       288.4257       287.6173       286.6697       285.5244       284.9580    
 1870   284.8510       285.2247       285.6333       286.2702       287.4154       288.0632       288.5456       288.2453       287.3511       286.3748       285.4981       284.7078    
 1871   284.5685       285.0934       285.7815       286.6030       287.3632       287.9981       288.4538       288.2106       287.5659       286.4509       285.6097       285.0049    
 1872   284.5619       284.7039       285.4474       286.4001       287.3146       288.1993       288.6206       288.3247       287.5751       286.4898       285.4287       284.7401    
 1873   284.7147       285.1125       285.6976       286.5734       287.3174       288.1706       288.6224       288.3692       287.4583       286.2268       285.3239       284.8502    
 1874   284.6629       284.6556       285.5239       286.4566       287.1809       287.9787       288.6134       288.3738       287.6731       286.4410       285.2896       284.6227    
 1875   284.6201       284.7326       285.5247       286.7214       287.5189       288.3080       288.6101       288.2885       287.5852       286.6429       285.5572       285.0905    
 1876   284.6714       285.3036       285.8631       286.5047       287.4464       288.3634       288.5418       288.2849       287.5529       286.4757       285.2905       284.6932    
 1877   284.4812       284.9543       285.4897       286.3451       287.3600       288.1527       288.5151       288.2975       287.4692       286.3432       285.3317       284.7851    
 1878   284.5213       284.6838       285.4383       286.2639       287.3296       287.9799       288.3395       288.3123       287.3904       286.2758       285.4755       284.7072    
 1879   284.6264       284.9507       285.5342       286.4400       287.2973       287.9573       288.4570       288.1758       287.5018       286.5321       285.4994       284.7792    
 1880   284.9695       284.9753       285.8255       286.6675       287.5585       288.1039       288.6924       288.4661       287.6518       286.6519       285.5886       285.1362    
 1881   284.9252       285.2142       285.7996       286.6032       287.4974       288.1257       288.5692       288.2639       287.6242       286.5271       285.4012       284.9260    
 1882   284.5195       285.0255       285.4756       286.3838       287.4098       287.9429       288.5471       288.2922       287.4632       286.5359       285.5619       284.7896    
 1883   284.6583       285.0585       285.4659       286.3764       287.2370       288.1258       288.5505       288.2161       287.3991       286.1309       285.3187       284.6215    
 1884   284.4062       284.7051       285.1681       285.8269       286.6756       287.4554       288.0056       287.7261       286.9719       286.0807       284.9080       284.5031    
 1885   284.3979       284.8975       285.4631       286.2847       287.0146       287.8783       288.2649       288.0098       287.2470       286.2235       285.2201       284.5239    
 1886   284.5423       284.8724       285.1987       286.0880       286.9250       287.7881       288.1726       287.9514       287.0766       285.9986       285.0296       284.5242    
 1887   283.9943       284.4228       285.2821       286.1740       286.9236       287.5474       288.0604       287.9291       287.2910       286.0547       285.0038       284.4597    
 1888   284.4126       284.8385       285.2202       286.2842       287.0239       287.8711       288.4360       288.3091       287.5577       286.3972       285.3136       284.5158    
 1889   284.3159       284.8234       285.4170       286.3302       287.0737       287.9854       288.2851       288.2591       287.4525       286.3527       285.5234       284.6260    
 1890   284.4334       285.2731       285.6938       286.4530       287.1055       287.9187       288.4528       288.2681       287.3491       286.3149       285.2496       284.6158    
 1891   284.6108       285.1867       285.5681       286.4458       287.2877       288.0446       288.3426       288.2708       287.3946       286.4012       285.3034       284.7186    
 1892   284.4857       284.6800       285.3558       286.1712       287.1962       287.9148       288.2760       287.9983       287.2485       286.1397       285.1150       284.5280    
 1893   284.3939       284.3976       285.3396       286.2617       287.1949       287.9744       288.4155       288.0669       287.4821       286.2784       285.1222       284.6321    
 1894   284.5586       285.1491       285.4027       286.2895       287.3025       288.1460       288.4852       288.3793       287.5297       286.5092       285.5438       284.8321    
 1895   284.8499       285.2769       285.8295       286.6843       287.3906       288.0298       288.4721       288.2564       287.3087       286.3210       285.5072       284.7025    
 1896   284.4630       284.4889       285.2603       286.4325       287.2603       287.9808       288.6280       288.2080       287.3830       286.2904       285.4508       284.8817    
 1897   284.8513       284.7399       285.3633       286.3960       287.2253       288.1711       288.5167       288.1606       287.5447       286.4261       285.4997       284.7435    
 1898   284.6732       285.0431       285.8591       286.4220       287.4057       288.1418       288.4963       288.3643       287.4965       286.5941       285.6356       284.8409    
 1899   284.4795       285.1117       285.7831       286.3609       287.3938       288.0525       288.4835       288.3632       287.4827       286.4227       285.4521       284.7874    
 1900   284.7970       284.9123       285.6875       286.3082       287.2155       288.0109       288.3914       288.3434       287.5260       286.3834       285.4376       284.8962    
 1901   284.7592       285.0485       285.9366       286.5021       287.3692       288.1333       288.5827       288.5525       287.7088       286.5790       285.6891       285.2490    
 1902   285.1686       285.5435       285.6720       286.4825       287.5414       288.2131       288.5524       288.1792       287.5281       286.5942       285.1523       284.6026    
 1903   284.4724       284.4877       285.0584       286.0335       286.7549       287.4159       287.8154       287.7066       286.9196       285.6949       284.6107       283.9937    
 1904   283.7659       284.2589       285.0437       285.7808       286.6235       287.4688       287.9858       287.8499       287.1112       286.0050       284.9289       284.4434    
 1905   284.3857       284.5575       285.3048       286.1345       287.1954       287.9361       288.3086       288.0429       287.1723       286.1873       285.1177       284.5693    
 1906   284.4031       284.6709       285.2560       286.0779       286.9969       287.7867       288.1958       288.0528       287.3155       286.1689       285.0172       284.4215    
 1907   284.5345       284.9469       285.2705       286.1649       287.1710       287.7721       288.2529       287.9999       287.1610       285.9626       285.1408       284.4432    
 1908   284.2734       284.8829       285.5728       286.3797       287.1463       288.0374       288.3103       288.2513       287.4517       286.4080       285.6896       284.9428    
 1909   284.7445       284.9152       285.7206       286.6826       287.4882       288.3968       288.7247       288.4638       287.7375       286.4668       285.6589       285.0225    
 1910   284.7557       284.9745       285.8593       286.7188       287.4238       288.1495       288.5664       288.2652       287.4883       286.4179       285.2730       284.5139    
 1911   284.5468       284.7937       285.4492       286.2661       287.1203       287.8294       288.4277       288.2269       287.3148       286.1416       285.5204       284.7874    
 1912   284.5897       284.8412       285.6175       286.4634       287.2702       287.9723       288.4719       288.1330       287.3416       286.1748       285.3683       284.4866    
 1913   284.4443       285.0106       285.4651       286.3543       287.2845       287.8506       288.3610       288.0824       287.3422       286.1755       285.4190       284.6958    
 1914   284.9052       284.9988       285.3347       286.3308       287.2292       288.1030       288.4799       288.1948       287.5074       286.3588       285.3999       285.0322    
 1915   284.5183       284.8529       285.5031       286.4687       287.2321       288.0851       288.6145       288.4137       287.5735       286.1818       285.4991       284.9461    
 1916   284.8025       285.1103       285.7053       286.6344       287.4717       288.0953       288.5839       288.4656       287.7105       286.4836       285.4767       285.0339    
 1917   284.8422       285.1124       285.6075       286.4475       287.5735       288.3955       288.7537       288.4060       287.5632       286.5504       285.5898       284.9117    
 1918   284.6233       285.2485       285.4487       286.4040       287.2489       288.0959       288.5995       288.3941       287.4927       286.5583       285.4110       284.5730    
 1919   284.6536       284.8142       285.4861       286.4977       287.4035       288.2029       288.6691       288.4776       287.7124       286.6436       285.5613       285.1356    
 1920   284.9095       285.2669       285.7816       286.6249       287.3876       288.4314       288.8974       288.6329       287.6717       286.4186       285.4617       284.9912    
 1921   284.6982       284.9179       285.9574       286.6477       287.6300       288.0797       288.5931       288.3725       287.5593       286.5281       285.3384       284.7589    
 1922   284.7321       285.1452       285.6249       286.6122       287.5489       288.2679       288.6135       288.5898       287.5922       286.6395       285.4773       285.0056    
 1923   284.7772       285.2133       285.8794       286.5891       287.4462       288.3548       288.8248       288.5207       287.7949       286.8227       285.8051       285.0561    
 1924   285.1236       285.2561       286.0743       286.8754       287.7191       288.4066       288.7833       288.6034       287.7710       286.8250       285.7948       285.2101    
 1925   284.8374       285.2393       285.9658       286.5710       287.3698       288.2527       288.7071       288.3487       287.6958       286.5688       285.5176       285.0417    
 1926   284.7208       285.2836       285.6908       286.4235       287.3290       288.1974       288.7008       288.5553       287.6652       286.7097       285.8897       285.3364    
 1927   285.1098       285.5627       285.9827       286.8680       287.6197       288.5559       288.7876       288.6702       287.8736       286.9632       285.9294       285.4395    
 1928   285.1686       285.0652       286.0190       286.7098       287.6231       288.3589       288.7845       288.5874       287.7256       286.6781       285.6372       285.0516    
 1929   284.7350       285.0512       285.5755       286.3541       287.3667       288.1109       288.7289       288.3394       287.6108       286.6286       285.4505       284.8115    
 1930   285.1127       285.2424       285.7035       286.5533       287.3926       288.4114       288.7655       288.5304       287.7813       286.9221       285.9590       285.3263    
 1931   285.4204       285.4944       286.1577       286.8378       287.5024       288.3663       288.8140       288.6802       287.9026       286.8641       285.7127       285.1471    
 1932   284.8604       285.1550       285.5783       286.7598       287.4883       288.2226       288.6909       288.4842       287.5404       286.6639       285.4954       284.8965    
 1933   284.9309       284.8351       285.5014       286.3961       287.2366       288.1056       288.5525       288.2674       287.5439       286.7439       285.6868       284.8206    
 1934   285.0644       285.3517       285.8927       286.6146       287.6342       288.3178       288.5916       288.3007       287.5250       286.3299       285.6291       284.9262    
 1935   284.4650       284.7390       285.5578       286.3783       287.2317       288.1153       288.5477       288.3122       287.5998       286.4733       285.4461       285.1710    
 1936   284.6486       285.0338       285.9466       286.7915       287.5275       288.2901       288.7900       288.4961       287.7406       286.7678       285.6525       285.0244    
 1937   285.0794       285.3494       285.9137       286.7686       287.6397       288.2856       288.8181       288.4867       287.7893       286.6166       285.7061       285.0149    
 1938   285.1182       285.3606       285.9287       286.8296       287.3830       288.4792       288.6326       288.4833       287.6424       286.6879       285.4708       285.0193    
 1939   285.1143       285.0554       285.8924       286.7664       287.6946       288.3294       288.8087       288.7429       287.8167       286.7390       285.6677       285.0743    
 1940   285.0266       285.3875       286.0760       286.6950       287.6461       288.4588       288.8929       288.6377       287.9061       286.7121       285.9756       285.2936    
 1941   285.2792       285.4227       286.0958       286.7995       287.6543       288.3607       288.7775       288.4539       287.7555       286.7721       285.5365       285.1474    
 1942   284.8017       285.2222       285.8044       286.5907       287.5416       288.3349       288.6719       288.4187       287.7878       286.7159       285.7761       285.2947    
 1943   285.1223       285.5247       285.8789       286.7960       287.5042       288.3989       288.7619       288.5146       287.6695       286.6789       285.4608       285.0962    
 1944   285.0480       285.1023       285.9220       286.6151       287.6131       288.3955       288.8321       288.5464       287.6995       286.5180       285.7156       284.6968    
 1945   284.7659       285.1096       285.6954       286.6541       287.4189       288.2005       288.6278       288.4980       287.7071       286.7535       285.6645       285.2672    
 1946   284.8765       285.1371       285.9599       286.7423       287.6827       288.2972       288.7325       288.6680       287.7621       286.6355       285.7216       285.0367    
 1947   285.0810       285.5706       285.6708       286.6789       287.5605       288.4544       288.8613       288.6247       287.8043       286.8313       286.0019       285.4251    
 1948   285.2181       285.5262       286.2167       286.8072       287.6631       288.3633       288.6772       288.6187       287.7775       286.7560       285.7347       285.0923    
 1949   284.8662       285.1742       285.6642       286.4723       287.4263       288.1339       288.7649       288.4013       287.7155       286.6593       285.6737       285.0595    
 1950   284.8738       285.0623       285.7543       286.5441       287.3596       288.2073       288.7729       288.3175       287.7267       286.6535       285.6577       285.3093    
 1951   285.1636       285.3459       286.1358       286.8237       287.5726       288.3584       288.7309       288.4432       287.7097       286.8805       285.9045       285.2397    
 1952   285.1684       285.5468       286.2338       286.7578       287.6584       288.4429       288.8530       288.5305       287.7850       286.7969       285.8743       285.2716    
 1953   285.1858       285.4704       285.6923       286.8209       287.6606       288.3987       288.8196       288.5246       287.8425       286.9197       285.8064       285.3561    
 1954   285.0856       285.3767       286.1278       286.6454       287.6462       288.2853       288.6275       288.5770       287.7715       286.6435       285.5269       285.1990    
 1955   284.9375       285.1974       285.9103       286.6326       287.6130       288.4647       288.6405       288.6248       287.8136       286.8056       285.7297       285.3422    
 1956   285.2318       285.2620       285.8859       286.7747       287.7601       288.3703       288.8616       288.5872       287.8787       286.9015       285.8688       285.1741    
 1957   285.0450       285.1443       286.0773       286.9131       287.7846       288.5370       288.9120       288.7196       287.8874       286.8506       286.0341       285.1479    
 1958   284.8737       285.3765       286.0160       286.7787       287.5887       288.4808       288.7308       288.5723       287.8383       286.7911       285.6235       285.2497    
 1959   285.3105       285.5486       286.0123       286.7333       287.5222       288.3935       288.9634       288.6095       287.8091       286.7122       285.8886       285.3429    
 1960   285.1248       285.5858       286.0631       286.8461       287.6047       288.3930       288.7253       288.6472       287.7969       286.7254       285.8431       285.1187    
 1961   284.9773       285.2666       285.6794       286.6511       287.7470       288.3306       288.8103       288.5544       287.7668       286.6344       285.6824       284.9736    
 1962   284.8724       285.1081       285.8918       286.7178       287.4509       288.2610       288.7285       288.5625       287.7455       286.6240       285.7455       285.0723    
 1963   284.8119       285.1865       285.8205       286.6204       287.4915       287.9977       288.4466       288.4057       287.5779       286.4528       285.5139       284.7247    
 1964   284.7220       284.8340       285.8468       286.4467       287.2473       287.8846       288.5587       288.4102       287.6267       286.5941       285.9546       285.0919    
 1965   285.0085       285.0580       285.7005       286.7340       287.5044       288.2336       288.6713       288.3353       287.6392       286.6978       285.6937       284.9786    
 1966   284.9014       285.2380       285.6908       286.5532       287.5411       288.2105       288.7174       288.4937       287.6353       286.6626       285.5870       285.0247    
 1967   284.9628       285.1206       285.6830       286.3954       287.3822       288.3245       288.6685       288.3765       287.7264       286.7858       285.5476       284.9210    
 1968   284.9504       285.3571       285.8638       286.5098       287.4353       288.3963       288.6981       288.5452       287.9226       286.8730       286.0721       285.3448    
 1969   285.4083       285.5968       286.4084       287.1101       287.7849       288.4279       288.9487       288.6237       287.8518       286.9433       286.0438       285.6238    
 1970   285.0274       285.4022       285.9147       287.2044       287.9837       288.5932       288.9149       288.7620       287.9953       287.0045       285.7073       285.0771    
 1971   284.8890       285.2794       286.0800       286.8315       287.6673       288.1680       288.6341       288.4271       287.7585       286.5885       285.6592       284.9197    
 1972   284.9959       285.2571       285.8919       286.7629       287.5711       288.3206       288.8627       288.6703       287.9043       287.0538       285.9276       285.3772    
 1973   284.9607       285.0526       285.7040       286.9298       287.7303       288.4267       288.9193       288.7316       288.0264       286.9416       285.7697       285.1118    
 1974   284.9744       285.3571       285.9875       286.8521       287.5925       288.5549       289.0529       288.8041       287.9267       286.8776       285.8641       285.3828    
 1975   285.0648       285.2754       285.9731       287.0966       287.8518       288.5427       289.1262       288.7781       288.1839       286.9836       285.9227       285.4475    
 1976   285.4481       285.6114       286.5323       287.1836       288.1332       288.7181       289.1802       288.7610       288.0237       287.0801       286.0242       285.5669    
 1977   285.2601       285.6432       286.3097       286.9510       287.8355       288.6299       288.9773       288.8110       288.1197       286.9838       286.0321       285.4279    
 1978   285.1298       285.4069       286.1288       286.9183       287.8243       288.5122       289.0614       288.7471       288.0169       287.1875       285.9862       285.4942    
 1979   285.1946       285.4474       286.3012       286.9616       287.9145       288.6333       289.0065       288.8211       288.2482       287.1346       286.0510       285.3768    
 1980   285.3700       285.5685       286.4371       286.9023       288.0022       288.6883       289.2204       288.9101       288.1620       287.1526       286.2498       285.7160    
 1981   285.6289       285.8977       286.4364       287.2404       287.8894       288.6863       289.1870       288.9397       288.2594       287.2278       286.2408       285.5841    
 1982   285.5665       285.7505       286.3714       287.0609       287.8597       288.7473       289.1444       288.8277       288.0972       286.9765       285.9401       285.3814    
 1983   285.2924       285.4019       286.0848       287.0221       287.8810       288.5641       288.9482       288.7338       287.9712       286.9342       285.7906       285.3818    
 1984   285.3027       285.4282       286.2108       286.9933       287.7363       288.3904       288.9589       288.7473       287.9906       286.9588       285.9578       285.5335    
 1985   285.2856       285.4841       285.9721       286.9046       287.7996       288.5399       288.9152       288.7096       288.0051       287.2285       286.1882       285.7440    
 1986   285.3900       285.7085       286.2422       287.1852       288.0174       288.7216       289.2206       289.0199       288.1236       287.2350       286.2435       285.8663    
 1987   285.6661       286.0576       286.4740       287.2984       288.0803       288.8645       289.2581       288.8527       288.2721       287.0717       286.1073       285.5317    
 1988   285.2534       285.8409       286.1398       287.0935       287.9521       288.6001       289.2236       289.0227       288.1637       287.0097       285.9067       285.4806    
 1989   285.1825       285.4968       286.2451       287.2228       287.9481       288.7360       289.1977       289.0356       288.0741       287.1943       286.0709       285.7073    
 1990   285.6126       285.8940       286.3411       287.1668       288.1295       288.9844       289.5288       289.0983       288.4220       287.3478       286.2275       285.6362    
 1991   285.6590       285.9455       286.6397       287.1085       288.1424       289.0764       289.3815       289.1628       288.3779       287.1866       286.2256       285.6358    
 1992   285.4457       285.5782       286.2790       286.9899       287.8511       288.5006       288.9408       288.9066       288.1252       287.0483       286.3437       285.9156    
 1993   285.6833       286.1031       286.4382       287.1088       288.0186       288.9738       289.3235       288.9806       288.1996       287.2881       286.3020       285.6898    
 1994   285.6241       285.7274       286.2090       287.1176       287.9762       288.6897       288.9973       288.7278       288.0179       287.0342       286.2020       285.4930    
 1995   285.2826       285.7195       286.3000       286.9809       288.0034       288.7800       289.0830       288.8172       288.1169       287.0666       285.9655       285.4254    
 1996   285.1834       285.4618       286.2862       287.0233       287.9495       288.7506       289.2612       289.0037       288.2355       287.2890       285.9311       285.6299    
 1997   285.4644       285.6783       286.4301       287.2241       288.2323       289.0462       289.3388       289.1228       288.4099       287.4640       286.3943       285.6623    
 1998   285.6359       285.9640       286.6795       287.4577       288.4451       289.4193       289.4953       289.3017       288.6758       287.4570       286.5587       285.8686    
 1999   285.7126       285.9197       286.4594       287.4416       288.2947       289.1634       289.5113       289.3133       288.4976       287.5470       286.4477       286.0509    
 2000   285.6913       285.7634       286.6589       287.4039       288.4261       289.1602       289.6751       289.3533       288.5899       287.6394       286.8253       286.2716    
 2001   286.2185       285.9760       286.7911       287.8126       288.6193       289.3190       289.7196       289.6165       288.7243       287.7155       286.8091       286.2188    
 2002   286.1535       286.4518       286.9297       287.7406       288.5556       289.3451       289.8252       289.5084       288.6894       287.7401       286.7831       285.9550    
 2003   285.7912       286.1937       286.7654       287.6427       288.3424       289.0710       289.5063       289.3508       288.5866       287.5130       286.6598       285.9264    
 2004   285.9893       286.0650       286.7337       287.5380       288.3391       289.1049       289.6166       289.4702       288.7626       287.6369       286.6354       286.2129    
 2005   286.0310       286.4311       286.9333       287.5656       288.6261       289.2419       289.5242       289.5009       288.6644       287.6552       286.8221       286.1510    
 2006   286.2422       286.4296       287.0956       287.9466       288.6517       289.4003       289.7956       289.5433       288.8746       287.7909       286.9414       286.1292    
 2007   285.9123       286.1030       286.8091       287.7677       288.5530       289.1959       289.6473       289.4054       288.6893       287.5505       286.5724       286.0263    
 2008   285.9155       286.2607       286.6612       287.6557       288.4780       289.1120       289.6161       289.3675       288.7688       287.7559       286.6924       286.1732    
 2009   285.9491       286.4198       286.8712       287.7260       288.4922       289.2305       289.8075       289.4101       288.7819       287.8392       286.9677       286.3179    
 2010   286.1071       286.4531       287.0764       287.7814       288.6812       289.5343       289.7616       289.5374       288.8886       287.8063       286.9870       286.3400    
 2011   286.2808       286.6045       287.0464       287.6978       288.5892       289.4868       289.8038       289.6782       288.8537       287.7651       286.7730       286.1610    
 2012   286.2470       286.3516       286.9399       287.7947       288.6409       289.4511       289.9527       289.7414       288.9951       287.8209       286.8821       285.9946    
 2013   286.0691       286.2881       286.8503       287.6614       288.5703       289.2688       289.8483       289.6603       288.8333       287.9174       286.7395       286.4089    
 2014   286.3042       286.3059       287.2839       287.9972       288.7780       289.5386       289.8394       289.7513       288.8427       287.9403       286.9140       286.2609    
 2015   286.1285       286.4286       286.9990       287.6472       288.6145       289.4844       289.6536       289.5399       288.8846       287.8800       286.7463       286.3035    
 2016   286.1521       286.4184       286.8514       287.8919       288.7074       289.4804       289.8536       289.5271       288.8920       287.8169       286.7199       286.4524    
 2017   286.1942       286.4442       286.8702       287.8800       288.8055       289.4960       289.9503       289.7856       288.9668       287.9717       286.8498       286.2970    
 2018   286.2262       286.6622       287.1183       287.8436       288.7482       289.5938       289.9002       289.6366       288.9507       288.0960       287.1032       286.4410    
 2019   286.2728       286.6016       287.0370       288.0027       288.6978       289.5252       289.8944       289.7863       288.9740       287.8351       286.9434       286.2667    
 2020   286.2563       286.3952       287.0709       287.8092       288.6306       289.5908       289.9706       289.7247       288.9667       288.0305       287.0397       286.4121    
 2021   286.5292       286.6529       287.3190       287.8928       288.9004       289.6260       289.9728       289.8074       289.0248       287.9399       286.8719       286.4053    
 2022   286.4521       286.6025       286.9999       287.8454       288.8304       289.5708       289.9495       289.6968       288.8693       288.1426       287.0441       286.3318    
 2023   286.2011       286.5969       287.3346       287.9410       288.7999       289.5206       289.8500       289.7222       289.1095       288.1521       287.2397       286.5283    
 2024   286.2843       286.6192       287.1203       287.8608       288.8447       289.8038       290.1610       289.9368       289.0842       288.2138       287.2191       286.3270    
 2025   286.6394       286.7524       287.1734       288.2047       289.0394       289.7490       290.0791       289.8368       289.0655       288.1309       287.0186       286.4092    
 2026   286.4080       286.6413       287.3899       288.0574       288.8012       289.4305       289.9202       289.6578       288.9942       288.1207       287.0935       286.4142    
 2027   286.2494       286.7521       287.0056       287.9905       288.8302       289.5122       290.0442       289.7992       289.0425       288.0655       287.0085       286.4632    
 2028   286.3162       286.6183       287.2388       288.0132       288.8644       289.6745       290.0419       289.7804       289.0425       288.2727       287.0221       286.4617    
 2029   286.2774       286.4329       287.3095       288.2747       289.2531       289.8939       290.2841       289.8191       289.1295       288.2947       287.4388       286.5346    
 2030   286.5904       286.9899       287.3586       288.3228       289.1795       289.8429       290.2275       289.8628       289.1382       288.1663       287.1428       286.3075    
 2031   286.2751       286.3656       287.2615       287.9650       288.7682       289.5252       290.0135       289.9069       289.0567       288.0159       287.0606       286.4830    
 2032   286.5369       286.6655       287.1038       288.0736       288.8723       289.5444       290.0191       289.8582       288.8966       288.0649       287.0829       286.3865    
 2033   286.4170       286.5816       287.2652       288.0777       288.9754       289.6597       290.1256       289.8310       289.0983       288.1084       287.3307       286.4930    
 2034   286.3603       286.5337       287.4925       288.1349       288.9040       289.6180       290.0070       290.0243       289.3533       288.2804       287.3174       286.7351    
 2035   286.6891       286.7946       287.4147       288.3470       289.1080       289.8682       290.3790       290.2221       289.3283       288.3944       287.4660       286.7250    
 2036   286.7863       286.8684       287.6529       288.5615       289.3610       290.1396       290.4270       290.1067       289.4286       288.3799       287.5174       286.9626    
 2037   286.8715       287.0896       287.7790       288.4640       289.2253       289.8007       290.2227       289.8271       289.2813       288.3549       287.4058       286.6943    
 2038   286.5099       286.7178       287.2068       288.1833       288.8483       289.6336       290.1060       289.9709       289.3213       288.2650       287.4046       286.8934    
 2039   286.3533       286.4187       287.2252       288.2574       289.2438       289.9545       290.3538       290.1529       289.3846       288.2679       287.2917       286.9704    
 2040   286.7744       287.1971       287.3505       288.2741       289.1868       289.9240       290.2007       289.9725       289.2311       288.2812       287.5115       286.7666    
 2041   286.4718       286.6339       287.1451       288.0929       288.9418       289.6741       290.2496       289.9399       289.2324       288.2866       287.0494       286.6195    
 2042   286.6535       286.7539       287.3369       288.2879       288.9921       289.8393       290.2708       290.0690       289.1187       288.1131       287.3531       286.6316    
 2043   286.5492       286.8227       287.3716       287.9908       288.8191       289.5314       290.0290       290.0323       289.2626       288.0618       287.2411       286.5429    
 2044   286.3088       286.5446       287.4012       288.3666       289.2155       289.8891       290.3625       290.0094       289.3006       288.1888       287.2527       286.7010    
 2045   286.6971       287.1936       287.5331       288.2385       289.0781       289.9500       290.2145       290.0140       289.2776       288.4388       287.3320       286.6881    
 2046   286.3365       286.8834       287.6204       288.2588       289.2651       289.9701       290.2999       290.0323       289.4590       288.4863       287.6337       287.0085    
 2047   286.6342       286.9586       287.4968       288.3174       289.1257       290.0214       290.2478       290.1469       289.3591       288.2538       287.2425       286.7497    
 2048   286.4105       286.7337       287.6132       288.3564       289.0851       289.9292       290.2362       289.9431       289.2940       288.2715       287.2642       286.8106    
 2049   286.7548       286.6341       287.4233       288.2043       289.0955       289.7477       290.1400       290.1155       289.2576       288.3514       287.5371       286.9003    
 2050   286.9645       287.0052       287.5473       288.1960       289.1061       289.9226       290.3607       290.1778       289.5464       288.4469       287.5311       286.8443    
 2051   286.5229       286.6750       287.2973       288.2290       289.1790       289.8692       290.2983       290.0687       289.2247       288.2612       287.2196       286.4403    
 2052   286.5169       286.6920       287.3932       288.1753       288.9696       289.7610       290.3143       289.9679       289.2279       288.2744       287.1856       286.6385    
 2053   286.6179       286.7566       287.4370       288.4213       289.1317       289.8685       290.3168       289.9233       289.2304       288.2568       287.5862       286.7296    
 2054   286.5711       286.9772       287.5042       288.1332       289.2251       289.8796       290.2419       290.0261       289.4319       288.3802       287.4720       286.9404    
 2055   286.4427       287.0399       287.5589       288.3192       289.0285       289.8750       290.2605       289.9687       289.1734       288.4007       287.4188       287.0403    
 2056   286.6947       287.1662       287.6206       288.4734       289.1990       289.7606       290.1560       289.9282       289.2925       288.3786       287.4192       286.9366    
 2057   286.6864       286.7864       287.2882       288.0950       288.9789       289.7490       290.3006       289.9828       289.1812       288.3264       287.2920       286.4791    
 2058   286.5558       286.6589       287.2454       288.0071       288.9612       289.7039       290.1639       290.0156       289.3871       288.2116       287.1618       286.6604    
 2059   286.2584       286.9046       287.5751       288.1283       288.9721       289.8109       290.1368       290.0486       289.1000       288.3816       287.4532       286.8535    
 2060   286.9003       287.1498       287.5668       288.2336       289.1850       289.9474       290.2299       290.0392       289.3787       288.4917       287.3106       286.9885    
 2061   286.8735       287.0556       287.3268       288.1816       289.1680       289.9050       290.2156       290.0648       289.3130       288.3830       287.3509       286.6260    
 2062   286.3762       286.6764       287.1160       288.0023       289.0357       289.8176       290.2562       290.0472       289.4076       288.3081       287.3009       286.5805    
 2063   286.6877       286.8686       287.5304       288.2887       289.0649       289.6784       290.1337       289.9222       289.0873       288.0926       287.0709       286.6678    
 2064   286.5135       286.8761       287.2162       288.2089       288.9758       289.7590       290.1857       290.0434       289.3238       288.2055       287.2273       286.6193    
 2065   286.6867       287.0247       287.5602       288.4277       289.1413       289.8837       290.3224       290.1100       289.3904       288.2711       287.4061       286.5683    
 2066   286.2452       286.6992       287.2911       288.1140       289.0134       289.6350       290.1155       289.7818       289.2077       288.0496       287.0164       286.5489    
 2067   286.3308       286.6301       287.2969       288.1067       288.8944       289.6605       289.9926       289.8935       289.1447       287.9799       287.0041       286.6471    
 2068   286.6696       286.7828       287.2008       288.2731       289.0536       289.7759       290.1335       290.0057       289.3515       288.2492       287.5332       286.8521    
 2069   286.6096       287.0315       287.4629       288.2256       288.9373       289.5533       290.1114       289.9759       289.2083       288.2488       287.2878       286.6645    
 2070   286.5357       286.7214       287.4427       288.0371       288.7280       289.6709       290.1578       289.9074       289.1885       288.2112       287.1863       286.7328    
 2071   286.5319       286.8422       287.3256       288.0970       289.0459       289.6191       290.1799       289.9294       289.2659       288.3430       287.6092       286.7323    
 2072   286.7761       286.8336       287.4875       288.2019       288.9791       289.8190       290.1912       289.9623       289.1344       288.2998       287.4586       286.5994    
 2073   286.4405       286.8042       287.2974       288.0938       289.0422       289.7698       290.0413       289.9917       289.1847       288.1541       287.2670       286.6459    
 2074   286.7181       286.9691       287.6556       288.2600       289.1974       289.7983       290.3822       290.1898       289.3914       288.4153       287.5752       286.8498    
 2075   286.8888       287.0949       287.6241       288.5887       289.3035       289.8188       290.1606       289.9954       289.3141       288.4727       287.2785       286.7949    
 2076   286.3391       286.6019       287.5492       288.2114       289.0728       289.6957       290.1052       289.8509       289.1290       288.1790       287.3347       286.7167    
 2077   286.5770       286.6525       287.3241       288.1638       288.9997       289.8172       290.2583       290.0260       289.3895       288.5876       287.5284       287.1206    
 2078   286.6626       287.0136       287.8051       288.4381       289.1725       289.8819       290.4282       290.1699       289.3188       288.4413       287.2350       286.8481    
 2079   286.5460       286.8477       287.3871       288.1500       288.9679       289.7380       290.0328       289.9583       289.1789       288.1181       287.2239       286.5276    
 2080   286.2360       286.4796       287.3442       288.3049       289.1913       289.8366       290.2358       289.9631       289.1353       288.4468       287.4568       286.7700    
 2081   286.3524       286.8300       287.4781       288.2603       289.1851       289.8169       290.3297       290.0801       289.3438       288.3300       287.6322       286.9577    
 2082   286.7339       287.0518       287.6894       288.3527       289.2332       289.9809       290.3109       290.0663       289.4421       288.3881       287.3688       287.0157    
 2083   286.8501       286.7961       287.4152       288.3880       289.0903       289.9561       290.3648       290.1317       289.4483       288.3868       287.3395       286.9960    
 2084   286.8694       286.8717       287.2646       288.1007       288.9755       289.6351       290.2582       289.9266       289.1300       288.3338       287.2156       286.7057    
 2085   286.5990       286.9183       287.3257       288.1434       289.0055       289.5838       290.1716       289.8813       289.1129       288.2493       287.2967       286.4447    
 2086   286.5728       286.6813       287.3264       288.1110       289.0462       289.7906       290.2181       289.9446       289.1598       288.2936       287.3813       286.6487    
 2087   286.5700       286.6341       287.2928       287.9780       288.9418       289.6930       290.1042       289.9674       289.2390       288.2830       287.5468       286.8206    
 2088   286.6910       286.9343       287.7239       288.3582       289.1440       289.9180       290.2729       290.1224       289.2308       288.3466       287.3254       286.5101    
 2089   286.4355       286.7367       287.2702       288.1978       288.9155       289.6948       290.1114       289.8667       289.1757       287.9966       287.2402       286.5334    
 2090   286.2183       286.5027       287.1192       287.9529       288.8537       289.5854       290.0382       289.8429       289.1232       287.9662       286.9341       286.2499    
 2091   286.0704       286.6237       287.2086       288.1122       289.1050       289.9688       290.2337       290.0895       289.3460       288.2228       287.5898       286.7685    
 2092   286.5661       286.8509       287.4704       288.3433       289.1961       289.8770       290.2660       290.1213       289.3844       288.1622       287.4403       286.7853    
 2093   286.4098       286.9154       287.3613       288.2952       289.0698       289.8002       290.2461       289.9910       289.3665       288.3123       287.1728       286.9385    
 2094   286.7570       287.2015       287.7650       288.4422       289.1284       289.9718       290.3971       290.2119       289.4722       288.6201       287.5539       286.9418    
 2095   286.8533       287.1127       287.3536       288.2932       289.1243       289.9395       290.2074       289.9096       289.1871       288.1905       287.3576       286.7383    
 2096   286.6931       286.7798       287.2490       288.0265       288.9045       289.6600       290.1254       289.8291       289.0770       288.0876       286.9042       286.5485    
 2097   286.5351       286.8348       287.3276       288.2631       288.8868       289.7707       290.0718       289.9034       289.2427       288.0117       287.0857       286.5374    
 2098   286.4541       286.7542       287.2835       287.9438       289.0549       289.8449       290.1238       289.8579       289.0719       288.2979       287.1610       286.5419    
 2099   286.3303       286.4305       287.3481       288.1137       289.0323       289.7555       290.1303       289.9487       289.1415       288.1920       287.1719       286.6971    
 2100   286.4808       286.8294       287.5788       288.4057       289.0664       289.8730       289.9709       289.9664       289.3641       288.3687       287.5038       286.6948    
 2101   286.5933       286.6192       287.4129       288.2276       289.1090       289.8564       290.2927       290.0400       289.2757       288.4948       287.4541       286.8932    
 2102   286.7681       287.0412       287.5609       288.1790       288.9452       289.8219       290.1784       290.0213       289.3186       288.2533       287.4085       286.6469    
 2103   286.3474       287.0299       287.4779       288.3223       289.0348       289.6345       290.0787       290.0231       289.2631       288.1422       287.1548       286.6469    
 2104   286.3605       286.8068       287.0721       288.0866       288.8512       289.6065       290.0188       289.6825       289.0711       288.0594       287.1035       286.5723    
 2105   286.2754       286.4770       287.0467       287.9158       288.8142       289.5365       290.1348       289.8700       288.9587       288.1104       287.0309       286.5607    
 2106   286.5458       286.6988       287.3920       288.1825       289.1037       289.6941       290.0789       289.9451       289.3473       288.2878       287.4160       286.6660    
 2107   286.6532       286.9759       287.2854       288.0307       289.1970       289.8320       290.2042       289.9113       289.1522       288.4397       287.3336       286.4296    
 2108   286.6861       286.9380       287.3526       288.1248       289.0884       289.7279       290.1608       289.9451       289.1015       288.2189       287.2341       286.5428    
 2109   286.5170       286.5728       287.3807       288.1303       288.9411       289.7062       290.1071       289.8614       289.1284       288.1507       287.1956       286.4740    
 2110   286.6148       286.5512       287.3705       288.1552       289.0516       289.9161       290.2858       290.1448       289.3844       288.4652       287.6515       287.0949    
 2111   286.9865       287.1117       287.8038       288.4582       289.2151       289.9423       290.3212       290.0955       289.3112       288.4383       287.4824       286.6658    
 2112   286.4659       286.8076       287.3960       288.1317       288.9939       289.6482       290.0615       289.8640       289.1969       288.1493       287.2286       286.3884    
 2113   286.5246       286.7440       287.0978       287.8694       288.9182       289.8134       290.1484       290.0634       289.2808       288.2199       287.3081       287.0213    
 2114   286.6779       286.8758       287.7554       288.4259       289.1476       289.8378       290.2702       289.9203       289.3754       288.3161       287.1167       286.7758    
 2115   286.7339       286.8523       287.3745       288.2363       289.1486       289.7750       290.0758       289.9984       289.1888       288.2233       287.2222       286.6222    
 2116   286.5160       286.8272       287.4626       288.1404       288.9510       289.6996       290.1824       289.8746       289.0294       288.1469       287.1325       286.6980    
 2117   286.6353       286.5294       287.4365       288.1109       288.9901       289.7480       290.1505       290.0195       289.2135       288.3439       287.2481       286.6485    
 2118   286.1910       286.8494       287.2971       288.0302       288.9967       289.6699       290.1807       289.7773       289.0247       288.1409       287.0413       286.3817    
 2119   286.4274       286.5414       287.2689       287.9816       288.8704       289.7277       290.0029       289.9182       289.1302       288.1721       287.0986       286.4611    
 2120   286.3090       286.7563       287.2858       288.0782       289.0420       289.6521       290.0644       289.7950       289.0564       288.0296       286.9581       286.4786    
 2121   286.0735       286.4583       287.0861       287.9482       288.8668       289.5957       289.9738       289.8347       289.0935       287.9850       287.1026       286.5574    
 2122   286.4341       286.6989       287.1223       288.0675       288.9722       289.7153       290.3085       290.0482       289.3576       288.4669       287.3341       286.6121    
 2123   286.5799       286.8827       287.3409       288.2798       289.0893       289.7002       290.2761       290.1076       289.1684       288.2296       287.1148       286.6848    
 2124   286.4583       286.4536       287.4954       288.2071       289.0587       289.9180       290.1936       290.0507       289.1874       288.1371       287.2856       286.5400    
 2125   286.2451       286.7586       287.3475       288.1332       288.8861       289.6818       290.2184       290.0232       289.1083       288.1837       287.4079       286.6610    
 2126   286.5849       286.5945       287.5186       288.2866       289.0937       289.8191       290.2215       289.8227       289.3152       288.2610       287.2642       286.6115    
 2127   286.5317       286.9333       287.4917       288.2923       289.0578       289.4757       290.0904       289.9209       289.2620       288.1441       287.2168       286.4752    
 2128   286.4995       286.7166       287.5493       288.2643       289.1541       289.7461       290.1310       289.8643       289.1956       288.3418       287.3348       286.7878    
 2129   286.5721       286.9663       287.6064       288.2835       289.0815       289.7529       290.1134       290.0859       289.2558       288.3463       287.2904       286.7145    
 2130   286.7616       286.5310       287.4307       288.2100       288.9447       289.6401       290.1454       289.8368       289.2256       288.1447       287.2471       286.7049    
 2131   286.3455       286.7683       287.0563       288.0421       288.8599       289.7571       289.9766       289.9380       288.9775       288.1113       287.2169       286.8734    
 2132   286.7840       287.0003       287.4048       288.2566       289.0229       289.6967       290.1749       289.9758       289.2302       288.2401       287.3112       286.7091    
 2133   286.4830       286.7349       287.2674       287.9371       288.8889       289.5883       290.1113       289.8792       289.1298       288.2838       287.2755       286.6294    
 2134   286.5475       286.5135       287.3475       288.0995       288.8319       289.6773       290.1094       290.0171       289.3849       288.4209       287.5010       286.5978    
 2135   286.6149       286.8463       287.6806       288.5081       289.1866       290.0352       290.3550       289.9743       289.2446       288.1426       287.2936       286.5591    
 2136   286.4828       286.5176       287.2638       288.2280       288.8597       289.5616       290.2136       290.0937       289.2319       288.0365       287.1138       286.4693    
 2137   286.2539       286.6126       287.4637       288.2023       288.8954       289.6695       290.1377       289.9767       289.1429       288.1434       287.1018       286.5381    
 2138   286.7734       287.0203       287.5237       288.3884       289.2000       289.9587       290.2373       290.0388       289.3271       288.2021       287.3355       286.6122    
 2139   286.3791       286.3616       287.4556       288.2626       288.9879       289.6964       289.9335       289.8575       289.1096       288.1072       287.4063       286.6481    
 2140   286.1817       286.6898       286.9698       287.8809       288.9388       289.7678       290.2910       289.9225       289.1832       288.3349       287.3836       287.0022    
 2141   286.6353       287.1069       287.5099       288.3952       289.0710       289.7761       290.1021       289.8901       289.0956       288.1468       287.0333       286.4580    
 2142   286.4923       286.7055       287.1815       287.9044       288.7798       289.5823       289.9597       289.7526       289.0324       288.0924       287.2021       286.5564    
 2143   286.1306       286.3069       286.8809       287.9120       288.8434       289.7389       290.0596       289.8118       289.2249       288.4095       287.5079       286.9358    
 2144   286.7357       287.2755       287.5141       288.4190       289.1142       289.8491       290.0997       289.9254       289.1602       288.3132       287.3537       286.5722    
 2145   286.7351       286.7914       287.2981       288.0014       288.8531       289.6993       290.0837       289.9012       289.1624       288.0706       287.1855       286.6063    
 2146   286.5518       286.7829       287.3886       288.0758       289.0140       289.8307       290.2354       290.0162       289.2336       288.2417       287.3978       286.7453    
 2147   286.6184       286.9144       287.4570       288.2163       289.0403       289.7136       290.2209       289.9198       289.1360       288.2859       287.4099       286.8733    
 2148   286.8712       286.9930       287.3040       288.1537       288.8888       289.6683       290.0691       289.7756       289.0231       288.0637       287.2061       286.6995    
 2149   286.1622       286.6208       287.1436       287.9165       288.7916       289.4466       289.8947       289.6674       289.0298       287.9854       287.0532       286.4510    
 2150   286.4945       286.8228       287.1616       288.0661       288.8413       289.5150       290.0549       289.7882       289.0418       288.1016       286.9563       286.5219    
 2151   286.3950       286.6329       287.3447       288.0903       288.8711       289.5840       290.0334       289.8094       289.1456       288.2855       287.2190       286.5928    
 2152   286.4570       286.6618       287.3704       288.2580       289.0994       289.7144       290.2839       289.8817       289.1349       288.2472       287.1357       286.8907    
 2153   286.5395       286.5364       287.1452       288.0958       289.1087       289.8515       290.1094       289.9249       288.9831       288.0094       286.9453       286.4367    
 2154   286.3867       286.6559       287.3666       288.0663       288.8881       289.4199       289.9261       289.7616       288.9456       288.0319       287.1111       286.4360    
 2155   286.3446       286.6794       287.3148       288.1880       289.0524       289.7411       290.0798       289.8482       289.2209       288.3269       287.1867       286.6643    
 2156   286.6616       286.8686       287.3575       288.2855       289.1327       289.7774       290.2216       290.0649       289.2146       288.2556       287.3875       286.7701    
 2157   286.8540       286.9296       287.3660       288.3140       289.0434       289.7898       290.2305       290.0337       289.1039       288.1458       286.9985       286.4063    
 2158   286.3317       286.5063       287.3702       287.9608       288.8535       289.6897       290.2155       289.8865       288.9693       288.0589       287.0811       286.5384    
 2159   285.9094       286.4299       287.2790       287.9629       288.7587       289.5186       290.1379       289.9763       289.2527       288.0608       287.1483       286.5326    
 2160   286.3116       286.8795       287.2843       288.0247       288.9123       289.6441       290.1045       289.7241       289.1913       287.9098       287.1071       286.3876    
 2161   286.5279       286.7020       287.0814       287.9386       288.8445       289.5762       290.0857       289.7287       289.1152       288.0105       287.1369       286.5121    
 2162   286.0424       286.3972       287.1578       287.9725       288.8994       289.6296       290.1978       289.9026       289.2103       288.1158       287.0473       286.5526    
 2163   286.4565       286.8049       287.1562       287.9061       288.9711       289.6415       290.0092       289.7296       289.0945       288.0122       287.0955       286.4940    
 2164   286.3552       286.7139       287.0866       288.0991       288.8032       289.5402       289.9276       289.6544       288.9128       287.9889       287.0896       286.4353    
 2165   286.2913       286.6628       287.1678       288.0029       288.8848       289.7064       290.0241       289.7100       289.0474       288.0283       286.8532       286.5964    
 2166   286.3896       286.6746       287.3242       287.8215       288.8731       289.4965       289.9347       289.7819       288.8322       288.0135       286.9797       286.5237    
 2167   286.4913       286.6319       287.1557       287.8169       288.6319       289.4855       290.0109       289.6926       289.0230       288.0316       287.0820       286.6723    
 2168   286.5804       286.7321       287.3748       288.1333       288.8592       289.5869       290.2216       289.8841       289.0101       288.0054       287.0387       286.6747    
 2169   286.4140       286.5232       287.3742       287.9832       288.8087       289.6308       290.0724       289.7861       289.1731       288.0021       287.0013       286.4179    
 2170   286.3097       286.5252       287.0071       287.8121       288.6864       289.4267       289.9322       289.8260       289.0570       287.9371       286.8714       286.3650    
 2171   286.1129       286.7406       287.1371       288.0421       288.8042       289.7477       290.1868       289.9286       289.1897       288.2917       287.2806       286.7036    
 2172   286.9771       286.6865       287.3926       288.1102       288.9001       289.7447       290.0234       289.8249       289.0569       287.9296       286.9345       286.2960    
 2173   286.2776       286.4890       287.3049       288.1199       288.8399       289.4741       289.9825       289.8662       288.9874       287.9792       286.9365       286.4771    
 2174   286.4195       286.4736       287.2327       288.0230       288.8507       289.5912       290.0183       289.8444       289.1122       288.1245       287.2451       286.4526    
 2175   286.6091       286.7589       287.3496       288.2818       288.9423       289.7281       290.0221       289.9126       289.2171       288.0923       287.1762       286.4139    
 2176   286.3483       286.7054       287.3210       288.1595       289.0947       289.7714       290.1399       289.7794       289.0608       288.0917       287.1623       286.4353    
 2177   286.3973       286.2881       287.1948       288.0229       288.7458       289.5626       290.1133       289.8777       289.1003       288.1028       287.1709       286.4291    
 2178   286.1080       286.6780       287.5001       287.9240       288.9915       289.6544       290.1853       289.8403       289.1334       288.2422       287.2441       286.5004    
 2179   286.4908       286.5895       287.6082       288.5222       289.1747       289.8586       290.1132       289.8753       289.0474       288.2165       287.1142       286.6144    
 2180   286.4616       286.4995       287.1850       287.9019       288.7979       289.4847       289.8823       289.8235       289.0429       288.0651       287.0152       286.4851    
 2181   286.3199       286.5113       287.0756       287.7773       288.7403       289.5186       290.0296       289.8648       289.1211       288.2685       287.2354       286.7020    
 2182   286.6010       286.8700       287.4932       288.1892       289.0711       289.7285       290.2041       290.0004       289.0938       288.1017       287.0232       286.7518    
 2183   286.4395       286.7134       286.9825       287.8099       288.6904       289.4968       289.9640       289.7095       289.0069       288.1037       287.1152       286.6310    
 2184   286.4698       286.7842       287.4365       288.0623       288.8557       289.7078       289.9238       289.7029       289.0759       288.2156       287.2448       286.6042    
 2185   286.1999       286.3459       287.0788       288.1755       288.8857       289.5383       290.1219       289.9084       289.2526       288.1322       287.1356       286.3033    
 2186   286.6426       286.9006       287.4678       288.1783       288.9903       289.5787       290.1179       289.8254       288.9099       288.2276       287.3768       286.6698    
 2187   286.4480       286.7565       287.1971       287.8884       288.8400       289.6094       290.0238       289.8128       288.9877       287.9287       287.1710       286.4387    
 2188   286.1707       286.5452       286.9803       287.9781       288.7406       289.3559       289.8023       289.6020       288.9343       287.8531       286.8707       286.5165    
 2189   286.2414       286.1900       287.0017       287.9768       288.7068       289.6494       289.8983       289.6761       289.1125       288.0674       287.0586       286.7772    
 2190   286.3189       286.7970       287.5027       288.1826       289.1304       289.7979       290.1513       289.9380       289.1131       288.1242       287.0865       286.5511    
 2191   286.5667       287.0409       287.3470       288.0653       288.8242       289.6542       290.0544       289.9564       289.0370       287.9140       287.0945       286.5171    
 2192   286.3183       286.4421       287.3722       288.1270       288.9445       289.7639       290.2155       289.9773       289.2281       288.1551       287.0878       286.3889    
 2193   286.3782       286.5467       287.0769       287.7961       288.8525       289.6223       289.9294       289.8865       289.1041       288.1165       287.0720       286.6187    
 2194   286.4325       286.7971       287.2069       288.0346       288.8766       289.6185       289.9680       289.7411       288.9138       287.9133       286.8064       286.3671    
 2195   286.2731       286.3127       287.1074       288.0095       288.8108       289.4220       289.9247       289.7763       288.8738       287.9701       287.1470       286.5833    
 2196   286.3765       286.8014       287.0292       287.9431       288.8095       289.5414       290.0242       289.7454       288.9863       288.0836       287.2163       286.6655    
 2197   286.3798       286.7540       287.5834       288.3075       288.9561       289.6866       290.1867       289.8419       289.0782       288.2429       287.1995       286.5783    
 2198   286.5264       286.6559       287.3145       288.0121       289.0083       289.6018       290.0347       289.8724       288.9666       288.0992       287.2428       286.5792    
 2199   286.1906       286.4789       287.3557       288.1299       288.9079       289.6063       290.2359       289.8900       289.1842       288.1479       287.1460       286.2943    
 2200   286.4591       286.5447       287.0040       287.8702       288.8960       289.6929       289.9464       289.6568       288.9323       287.8598       287.0213       286.3432    
 2201   285.9910       286.3025       287.0681       287.9301       288.7299       289.4941       290.0653       289.8548       288.9561       288.0036       287.0724       286.3283    
 2202   286.2810       286.6069       287.1130       287.9701       288.8224       289.6336       290.0487       289.9141       289.0822       288.3406       287.0486       286.2507    
 2203   286.1884       286.6255       287.1483       288.1395       288.9070       289.6509       290.0779       289.8798       289.1492       288.0668       287.0465       286.5118    
 2204   286.4504       286.6451       287.1287       287.8845       288.6514       289.4712       289.9922       289.7004       289.0470       288.0031       286.9724       286.3179    
 2205   286.4072       286.6891       287.2450       288.0979       288.9329       289.5659       289.9550       289.7667       289.0303       287.9300       287.0308       286.6886    
 2206   286.3299       286.7507       287.1840       288.0841       288.8911       289.6646       289.9385       289.8176       289.0641       287.9771       287.2317       286.4133    
 2207   286.4244       286.4902       287.0042       288.0812       288.8054       289.4989       289.8625       289.6688       288.9611       287.9203       286.8161       286.2281    
 2208   286.0892       286.3735       287.2151       287.8396       288.6933       289.3240       289.7781       289.5625       288.9786       287.9468       286.7737       286.2401    
 2209   286.0151       286.2886       286.7859       287.8041       288.6863       289.4588       289.9012       289.6980       289.1492       288.1429       287.0566       286.5893    
 2210   286.5943       286.7206       287.1688       288.3088       288.8569       289.6652       290.0789       289.7187       289.0217       288.1389       287.2355       286.3281    
 2211   286.4293       286.6109       287.3645       287.9966       288.9911       289.6806       289.9286       289.8089       288.9434       288.0567       286.8744       286.2706    
 2212   286.0681       286.5366       286.8963       287.9807       288.9138       289.6750       290.0352       289.7505       289.0110       288.0423       286.7560       286.5423    
 2213   286.2242       286.4325       287.1731       287.9203       288.8190       289.4294       289.9334       289.6863       288.8440       287.9135       286.9479       286.2231    
 2214   286.0595       286.4011       287.2195       288.0335       288.8793       289.6268       289.9579       289.7766       289.0097       287.9560       286.9385       286.2464    
 2215   286.4924       286.6504       287.2857       288.1762       288.8854       289.6612       290.1786       289.8813       289.2070       288.2815       287.2747       286.8430    
 2216   286.6434       286.9260       287.5578       288.2273       289.0356       289.7532       289.9990       289.7583       289.1249       288.1640       287.1879       286.3157    
 2217   286.3103       286.4653       287.1123       287.9313       288.7390       289.6327       290.0007       289.7005       288.9655       288.0540       286.8617       286.1949    
 2218   286.1871       286.4776       287.0900       287.7267       288.7072       289.6074       289.8754       289.6904       289.0540       287.9980       286.8661       286.4064    
 2219   286.5250       286.7295       287.0771       287.9871       288.9735       289.6616       290.1754       289.8509       289.1602       288.2412       287.3148       286.7044    
 2220   286.4265       286.5369       287.2199       288.1457       288.9832       289.6624       290.0804       289.8686       289.1956       288.1805       287.3152       286.5361    
 2221   286.6294       286.7558       287.3870       288.0981       288.8118       289.6933       290.0906       289.6289       289.1194       288.1410       287.2599       286.7330    
 2222   286.4030       286.5589       287.1158       288.0335       288.8210       289.6946       289.9833       289.7758       289.0580       288.3056       287.1498       286.4879    
 2223   286.3062       286.5547       287.1577       287.9388       288.8113       289.5396       290.0504       289.7737       289.0926       288.0417       287.1780       286.5905    
 2224   286.4817       286.5279       287.3760       288.4380       288.8634       289.5480       289.9951       289.9767       289.0550       288.1195       287.1485       286.5171    
 2225   286.2961       286.6352       287.3517       288.0556       289.0007       289.5532       289.9706       289.7095       288.9963       287.9550       287.1441       286.2494    
 2226   286.3022       286.5853       287.1015       287.7747       288.6765       289.2805       290.0379       289.7137       288.8997       288.0569       287.0654       286.4300    
 2227   286.5417       286.5890       287.0864       287.8481       288.8242       289.5263       289.8069       289.5778       288.8873       288.0639       287.0016       286.2936    
 2228   286.5249       286.7828       287.0741       287.8039       288.6760       289.4312       289.8182       289.6304       288.9772       287.9243       286.9558       286.2498    
 2229   286.3444       286.7496       287.2066       287.8994       288.7552       289.5131       289.9390       289.6769       288.9582       287.9900       286.8707       286.4160    
 2230   286.3897       286.6176       287.2011       287.8078       288.8536       289.6178       290.0625       289.7194       289.0800       288.0916       287.1516       286.6163    
 2231   286.3011       286.6339       287.2644       288.1288       288.8106       289.6082       290.0272       289.8587       288.9848       288.1333       287.1353       286.6065    
 2232   286.4161       287.0122       287.3641       288.2781       288.9618       289.5855       290.1190       289.7279       288.9683       288.0178       286.9388       286.5420    
 2233   286.2084       286.5471       286.9233       287.8218       288.7644       289.4071       289.7971       289.6226       289.0433       288.0580       286.8425       286.3683    
 2234   286.2173       286.5158       287.0666       287.9313       288.8278       289.5865       289.8890       289.7711       288.9166       288.0697       286.8581       286.4511    
 2235   286.0995       286.4023       287.1226       288.0504       288.8186       289.5715       289.8483       289.5588       289.0010       287.9582       286.8935       286.0282    
 2236   285.9310       286.3875       287.1698       287.9793       288.7964       289.5382       289.9451       289.7851       288.9717       288.1606       287.1138       286.6183    
 2237   286.5555       286.6645       287.4788       288.2277       288.9485       289.7990       290.1115       289.9683       289.3362       288.3325       287.3555       286.6000    
 2238   286.5020       286.8146       287.4036       288.1955       288.8998       289.5423       289.9535       289.7932       289.0716       288.0569       287.0837       286.3046    
 2239   286.2719       286.6076       287.1733       287.8132       288.6247       289.5425       289.9523       289.7373       288.9575       288.0171       287.0138       286.3676    
 2240   286.2941       286.5962       287.0809       287.9072       288.8493       289.4133       289.8321       289.6182       288.9406       287.9534       286.7798       286.3079    
 2241   286.2765       286.3062       287.0277       287.9624       288.7429       289.4757       289.7931       289.3964       288.9763       287.9000       286.8260       286.1887    
 2242   286.4097       286.7873       287.3599       287.8342       288.8986       289.6069       290.1821       289.7304       289.1580       288.2905       287.2482       286.7970    
 2243   286.6118       286.6695       287.4371       288.2816       288.8881       289.5390       289.9655       289.6632       288.9300       288.1504       287.1912       286.4878    
 2244   286.2402       286.2911       287.0710       288.0243       288.7187       289.4897       289.9462       289.5859       288.8193       287.8123       286.7687       286.3048    
 2245   286.3113       286.4366       286.9987       287.8265       288.5113       289.3015       289.7636       289.6116       288.8397       287.8069       286.7533       286.1647    
 2246   285.9731       286.2402       287.2115       287.7372       288.5631       289.4194       289.9429       289.7029       289.0219       287.8647       286.9803       286.3139    
 2247   286.1691       286.5338       287.1935       287.8773       288.7340       289.4975       289.8914       289.8380       289.0238       288.0355       287.0872       286.4625    
 2248   286.6379       286.7944       287.2295       288.0590       288.8548       289.6461       290.0503       289.7776       288.8874       288.0728       287.1122       286.3300    
 2249   286.5353       286.5222       287.1464       287.8961       288.7151       289.4175       289.8871       289.7457       288.9583       287.9623       287.0085       286.6119    
 2250   286.3968       286.4644       286.9728       287.9262       288.7494       289.4812       289.8564       289.7102       289.0547       288.0568       286.9854       286.4191    
 2251   286.2674       286.5489       287.0808       287.7999       288.7809       289.4666       289.9200       289.5832       288.9235       287.9566       286.8994       286.3561    
 2252   286.4405       286.6758       287.1111       287.9214       288.9602       289.5844       289.8605       289.7350       288.9225       287.8779       286.9312       286.5234    
 2253   286.3476       286.7787       287.1759       287.9362       288.7913       289.6267       289.9495       289.6900       289.0824       287.9147       286.9984       286.4375    
 2254   286.2838       286.7836       287.0917       287.7524       288.7784       289.4323       289.8308       289.7059       288.9549       287.8182       286.7739       286.2850    
 2255   286.2447       286.6115       287.0180       288.0022       288.7177       289.5744       290.1567       289.7956       289.0527       287.8957       287.2167       286.3869    
 2256   286.5316       286.5798       287.1982       287.9631       288.7198       289.5501       289.9236       289.8166       289.0919       288.2706       287.4272       286.6666    
 2257   286.4989       286.8376       287.1656       287.9901       288.8851       289.7885       290.1363       289.7675       289.0002       288.0125       286.9959       286.2528    
 2258   286.1736       286.7293       287.2899       288.1011       288.9058       289.4704       290.0323       289.6508       288.9153       287.8024       287.0216       286.4042    
 2259   286.2621       286.5550       287.1388       287.8753       288.7349       289.4481       290.0067       289.7318       289.0338       288.0186       286.9941       286.3862    
 2260   286.3463       286.8365       287.2931       288.0700       288.8881       289.7573       290.1230       289.9547       289.1253       288.1472       287.2483       286.9229    
 2261   286.7085       286.8821       287.2076       288.0342       288.7234       289.6753       289.8954       289.7304       289.1064       287.8173       286.8127       286.3265    
 2262   286.0847       286.5452       287.0209       287.9421       288.8062       289.4769       289.8372       289.5916       288.8946       287.8345       286.8728       286.3416    
 2263   286.2179       286.3697       287.0420       287.7045       288.7062       289.4317       289.8914       289.7096       288.9226       287.7662       286.7994       286.2341    
 2264   286.4466       286.3915       287.0239       287.6950       288.6358       289.2868       289.7812       289.6060       288.7766       287.8416       287.0162       286.1777    
 2265   286.1536       286.3686       287.3190       288.0462       288.7515       289.5110       290.1646       289.7849       288.9371       288.1137       287.1484       286.5157    
 2266   286.3872       286.7444       287.0610       288.1746       288.8435       289.5160       289.9401       289.7887       289.0116       287.8577       286.8880       286.4308    
 2267   286.1718       286.3878       286.8569       287.7738       288.6077       289.3574       289.8621       289.7507       288.9522       287.9105       286.8982       286.1483    
 2268   286.0531       286.3485       287.1484       287.8889       288.7685       289.4626       289.7483       289.5230       288.8962       287.6594       286.6077       286.0681    
 2269   286.0399       286.4222       287.0731       287.7346       288.6258       289.3228       289.8900       289.7593       289.0883       287.9169       286.7628       286.5677    
 2270   286.5188       286.6733       287.0974       287.9970       288.7905       289.5938       290.0002       289.6271       289.0229       288.0151       287.0135       286.2000    
 2271   286.0489       286.2797       287.1540       287.8115       288.6025       289.4744       289.9641       289.7000       288.9923       287.8745       286.7497       286.4130    
 2272   286.3252       286.6273       287.2538       287.8713       288.7156       289.4837       289.8068       289.6054       288.9885       287.9868       286.9790       286.5258    
 2273   286.5591       286.5983       287.1230       288.0805       288.9456       289.7350       290.0872       289.8654       288.9926       287.9371       286.9572       286.4895    
 2274   286.1405       286.7371       287.0901       287.9225       288.7539       289.4621       290.0136       289.6749       288.8905       287.8800       286.9023       286.1891    
 2275   286.4055       286.5422       287.1188       287.8307       288.7472       289.5352       289.9782       289.7069       288.9861       288.0979       287.0381       286.4270    
 2276   286.5485       286.8097       287.2365       288.1645       288.8384       289.7309       290.1345       289.8144       289.1440       288.0891       286.8840       286.5946    
 2277   286.3125       286.3652       286.8455       287.7283       288.8177       289.3344       289.7342       289.5150       288.8279       287.7724       287.0207       286.4513    
 2278   285.9405       286.5062       287.0163       287.7038       288.7697       289.4498       289.7659       289.4749       289.0678       288.0094       287.0076       286.4290    
 2279   286.1006       286.4752       286.9774       288.0060       288.8041       289.6127       290.0395       289.7248       288.9799       287.9027       286.8513       286.1481    
 2280   286.1143       286.6155       287.1571       287.8066       288.7412       289.4162       290.0175       289.7475       289.0419       288.0815       287.0900       286.6473    
 2281   286.3653       286.5048       287.0911       287.7808       288.5051       289.4344       289.9162       289.8534       288.9561       288.1927       287.1852       286.5117    
 2282   286.6091       286.9322       287.2920       288.1355       288.9645       289.5693       290.0985       289.7139       288.9895       288.1786       287.2588       286.4783    
 2283   286.1525       286.4652       286.8199       287.9586       288.7497       289.4023       289.7739       289.6101       288.7736       287.8134       286.8408       286.2173    
 2284   285.9745       286.3487       287.2884       287.7961       288.6469       289.4042       289.7203       289.5803       288.8053       287.8964       286.9102       286.3558    
 2285   285.9380       286.3612       287.1070       287.9195       288.7312       289.5141       289.8495       289.5765       288.8459       287.7959       286.7277       286.3231    
 2286   286.3322       286.5346       286.9880       287.7672       288.6298       289.2737       289.8443       289.6057       289.0894       287.9781       286.8779       286.1537    
 2287   286.1531       286.5723       286.9989       288.0028       288.7165       289.4797       289.9310       289.6764       288.8863       287.9592       287.0651       286.4290    
 2288   286.3165       286.6644       286.9662       287.8867       288.6352       289.5180       289.8542       289.6499       288.9754       287.8932       287.0804       286.4005    
 2289   286.5128       286.6783       287.2847       288.0444       288.7357       289.4984       289.8502       289.7435       289.0537       287.8154       286.9534       286.1693    
 2290   286.1709       286.5626       287.2689       288.1187       288.9226       289.4881       289.9004       289.6640       289.1018       287.9982       287.2337       286.5594    
 2291   286.3141       286.6342       287.1664       288.0031       288.5927       289.2508       289.6234       289.5092       288.7584       287.6573       286.7217       286.2649    
 2292   286.2506       286.4199       287.0657       287.7849       288.5738       289.3341       289.7570       289.5702       288.9845       287.9476       286.8728       286.3329    
 2293   286.1417       286.7760       287.0863       287.7216       288.5419       289.4349       289.9143       289.6896       288.9393       288.0532       286.9171       286.5323    
 2294   286.3320       286.3393       287.2110       288.0887       288.9847       289.5631       290.0244       289.8293       289.0866       287.9549       286.9673       286.3474    
 2295   286.5630       286.6099       287.0128       287.9973       289.0140       289.5865       289.9025       289.7936       289.0695       288.0021       287.0601       286.5492    
 2296   286.3858       286.6808       287.0042       287.8865       288.5663       289.3245       290.0813       289.8325       288.7979       287.7607       286.7249       286.0982    
 2297   285.8670       286.4511       287.0991       287.7409       288.8110       289.4478       289.7665       289.7188       288.8264       287.8507       287.0536       286.3822    
 2298   286.2198       286.3933       287.1212       287.8760       288.8321       289.4963       290.0477       289.7859       288.9884       287.8354       287.0537       286.5281    
 2299   286.2664       286.6220       286.9280       287.7434       288.7672       289.4267       289.9290       289.7865       288.9572       288.0361       286.9501       286.4195    
 2300   286.1804       286.3462       286.8890       287.8440       288.6861       289.4277       289.9705       289.7773       288.9536       287.9283       287.0999       286.1927    
