# <a href=http://cmip-pcmdi.llnl.gov/cmip5/>CMIP5</a> global mean temperature computed at <a href=http://www.knmi.nl/selectfield_cmip5.cgi?someone@somewhere>KNMI Climate Explorer</a> tas_Amon_CSIRO-Mk3-6-0_rcp45_r3i1p1
# tas [K] from CSIRO-Mk3-6-0 model output prepared for CMIP5 RCP4.5 r3i1p1
# cutting out region lon=   -0.938  359.062, lat=  -89.497   89.497
 1850   283.6573       283.9100       284.6313       285.9264       286.9443       287.6609       287.8606       287.4199       286.6740       285.7647       284.8630       284.3569    
 1851   284.0122       284.2525       284.9261       286.1262       287.1922       287.9631       288.0156       287.6109       286.7704       285.8368       284.7663       283.9763    
 1852   283.6447       284.0752       284.7875       285.8474       287.1622       287.7267       287.8032       287.5244       286.7929       285.7923       284.6913       283.8931    
 1853   283.7211       284.0262       284.6678       286.0527       287.2418       287.9049       288.1077       287.6238       286.7464       285.8140       284.7217       284.0072    
 1854   283.6438       283.9575       284.8704       286.1547       287.2030       287.8766       287.9354       287.4952       286.7451       285.8044       284.7905       283.9766    
 1855   283.7908       283.9192       284.8696       285.8754       287.0911       287.8268       287.8884       287.6624       286.8080       285.9181       284.8736       284.1641    
 1856   283.9118       283.9949       284.8089       285.9224       286.9354       287.8336       287.9373       287.6237       286.8376       285.8352       284.7177       284.0106    
 1857   283.7639       283.9797       284.7835       285.9271       287.0006       287.7017       287.8486       287.5257       286.6411       285.6588       284.7010       283.7269    
 1858   283.9568       283.9109       284.6958       285.9346       287.0682       287.7523       287.8583       287.4375       286.6331       285.4988       284.3649       283.7550    
 1859   283.5312       283.8619       284.5677       285.6115       286.8073       287.5209       287.6972       287.4727       286.5904       285.4589       284.4911       283.8599    
 1860   283.6308       283.8389       284.5882       285.8542       287.0983       287.6667       287.7957       287.4886       286.6779       285.7112       284.5928       283.8401    
 1861   283.6105       283.9829       284.7614       285.8922       287.1221       287.5706       287.7647       287.6530       286.6199       285.4663       284.3699       283.7715    
 1862   283.4633       283.7870       284.6837       285.8470       286.9441       287.5869       287.6895       287.4075       286.7210       285.4642       284.5619       283.7789    
 1863   283.5161       283.6485       284.5110       285.8795       286.9617       287.5364       287.8397       287.5079       286.6603       285.6705       284.5146       283.7961    
 1864   283.5535       283.9956       284.7316       285.8604       287.0685       287.6601       287.8526       287.5338       286.7436       285.6706       284.7720       283.9856    
 1865   283.8382       284.1616       284.9475       286.0208       287.0392       287.7763       287.9571       287.7253       287.0076       285.8318       284.9253       284.0227    
 1866   283.7965       283.9998       284.9359       286.0960       287.2634       287.8710       287.9608       287.6266       286.8803       285.8557       284.8445       284.2560    
 1867   284.0055       284.1391       284.9424       285.9904       287.0876       287.7860       287.8911       287.5574       286.8286       285.8442       284.7636       284.0319    
 1868   283.9171       284.1898       284.9722       286.0935       287.1242       287.8860       288.0405       287.6071       286.9325       285.9003       284.9591       284.2057    
 1869   284.0422       284.2054       284.8562       285.9477       287.0107       287.8192       287.8866       287.4801       286.7505       285.7322       284.6310       283.8683    
 1870   283.7474       283.9193       284.7087       285.8125       286.9047       287.6492       287.7086       287.5490       286.6339       285.6473       284.5114       284.0069    
 1871   283.7411       283.9000       284.6985       285.9702       286.9482       287.7569       287.9605       287.6747       286.8344       285.7195       284.7111       283.9428    
 1872   283.7835       284.2244       284.9942       286.1451       287.2031       287.9472       288.1282       287.8775       287.0295       285.8803       284.9713       284.1560    
 1873   284.0898       284.2846       284.9337       285.9637       287.1814       287.9021       288.2086       287.8887       287.1107       286.0471       285.1111       284.3987    
 1874   284.1678       284.3807       285.0995       286.1577       287.3877       288.0106       288.1998       287.7953       287.0031       286.1094       285.0514       284.2669    
 1875   284.0828       284.3786       285.0561       286.3593       287.5132       288.1448       288.2885       287.9887       287.1308       286.0659       285.0488       284.4578    
 1876   284.0087       284.4029       285.1501       286.1586       287.3401       288.0667       288.2441       287.8428       287.0005       285.8226       284.8577       284.2293    
 1877   283.8645       284.2008       284.9151       286.0619       287.2157       287.9605       288.0916       287.7016       287.0631       285.9980       284.9449       284.2646    
 1878   284.0600       284.3081       285.1728       286.0967       287.3943       288.0602       288.2337       287.9807       287.1145       286.1925       285.0382       284.4820    
 1879   284.1298       284.5167       285.0889       286.2518       287.3148       288.0774       288.0314       287.7844       286.9410       285.8959       284.9210       284.2397    
 1880   283.7833       284.1794       284.8970       286.1556       287.2062       287.8194       287.8777       287.4733       286.8528       285.7714       284.7474       283.9318    
 1881   283.7845       284.0273       284.9103       286.0407       287.0693       287.7540       287.9365       287.7385       286.9509       285.9186       284.9745       284.5117    
 1882   284.2359       284.5113       285.1042       286.1807       287.2317       287.8819       288.1408       287.8909       287.1186       286.0428       284.8049       284.0858    
 1883   283.8176       284.1393       285.0193       286.0599       287.1487       287.9889       288.1781       287.7714       286.9205       286.0083       284.8211       284.2397    
 1884   283.9846       284.0494       284.7453       285.9380       286.9706       287.6419       287.5976       287.4377       286.6134       285.6503       284.5900       283.7701    
 1885   283.6732       283.9391       284.4757       285.6815       286.7738       287.5966       287.7787       287.3568       286.5766       285.5131       284.5640       283.8300    
 1886   283.5089       283.8640       284.6892       285.7675       287.0188       287.6666       287.8943       287.5829       286.7198       285.6650       284.6558       283.9693    
 1887   283.7697       284.0940       284.8468       285.9048       286.9512       287.6143       287.8685       287.5807       286.7242       285.6679       284.7649       284.0272    
 1888   283.9317       284.0774       284.6209       285.7207       286.8640       287.7501       287.8221       287.5435       286.8340       285.8472       284.6645       283.9518    
 1889   283.8235       284.0264       284.8703       286.0838       287.2522       287.7271       287.9408       287.6088       286.7486       285.8154       284.7440       284.0978    
 1890   283.9465       284.2303       284.9128       285.9307       287.0513       287.6367       287.7833       287.3891       286.7187       285.6305       284.5184       283.8165    
 1891   283.3993       283.5830       284.4294       285.6115       286.7289       287.4827       287.6702       287.3563       286.5155       285.5229       284.5412       283.8159    
 1892   283.4806       283.8336       284.7440       285.8138       286.8780       287.6883       287.8801       287.5663       286.6324       285.6404       284.5078       283.8105    
 1893   283.7301       283.9812       284.7427       286.0213       287.2649       287.8100       287.8057       287.5266       286.6927       285.7173       284.6412       284.1667    
 1894   283.8041       284.1583       284.7733       285.9483       287.0565       287.6523       287.8083       287.6366       286.7757       285.8430       284.9644       284.1053    
 1895   283.9888       284.1957       284.9759       286.1013       287.1319       287.7802       287.9919       287.8008       286.8119       285.8959       284.8297       283.9814    
 1896   283.7901       283.9416       284.9306       285.8964       287.0571       287.5919       287.8729       287.5269       286.6922       285.7580       284.7929       284.1927    
 1897   284.1462       284.0291       284.8236       286.0318       287.1748       287.7718       287.8711       287.5331       286.6886       285.7589       284.8651       283.9909    
 1898   283.8914       284.0655       284.7957       285.8466       287.0241       287.6986       287.7523       287.4539       286.7342       285.5615       284.6328       284.0239    
 1899   283.7888       283.9709       284.8570       285.9077       287.0482       287.7935       288.0119       287.7134       286.8756       285.7560       284.6778       284.1768    
 1900   283.9621       284.1501       285.0969       286.2261       287.2265       287.9317       288.0630       287.8022       286.9487       285.9106       284.8522       284.3104    
 1901   284.0742       284.1851       285.0323       286.0269       287.2595       287.8622       288.1898       287.7808       286.8490       286.0511       284.9099       284.0573    
 1902   283.8681       284.1186       284.7570       285.9836       287.1425       287.6773       287.8795       287.5951       286.7282       285.6584       284.5501       283.8914    
 1903   283.4830       283.8644       284.3747       285.6054       286.7652       287.5108       287.7021       287.3773       286.4994       285.5306       284.4405       283.7443    
 1904   283.7339       284.1042       284.7449       285.7680       286.9350       287.6718       287.7885       287.5813       286.5803       285.7372       284.6949       283.8772    
 1905   283.7703       284.0527       284.7951       285.9343       287.1042       287.7303       287.9107       287.5009       286.8482       285.8066       284.7828       284.1358    
 1906   283.7563       283.9113       284.6895       285.9441       287.0822       287.6783       287.8699       287.5575       286.7769       285.8689       284.8294       284.2105    
 1907   284.0094       284.3698       285.0890       286.1287       287.2316       287.9701       288.0461       287.6660       286.9753       286.0836       284.8947       284.3263    
 1908   284.0383       284.5417       285.2464       286.2250       287.3363       287.9809       288.2198       287.9020       286.9209       285.9000       284.9627       284.4241    
 1909   284.0956       284.2708       285.0638       286.2649       287.3012       288.0287       288.1444       287.7025       286.9454       285.9402       284.8886       284.1979    
 1910   284.0214       284.3189       284.9732       286.1139       287.3710       287.8369       287.9669       287.6523       286.7589       285.7901       284.9103       284.3198    
 1911   283.8672       284.1725       284.8701       286.2259       287.3761       287.9842       287.9237       287.7206       286.9976       285.8827       284.9083       284.1573    
 1912   284.0455       284.3118       285.1414       286.3153       287.4363       288.0202       288.1305       287.7458       287.0304       285.9547       284.8760       284.2275    
 1913   284.0678       284.3572       284.8590       286.1165       287.2614       287.9242       288.1334       287.7343       286.9293       285.8376       284.9828       284.1250    
 1914   284.0604       284.2819       285.0490       286.2499       287.2799       287.9316       287.9327       287.6663       286.8568       285.9522       284.7785       284.2014    
 1915   283.9119       284.2007       285.0602       286.3191       287.2792       287.9287       287.9916       287.7711       286.9014       285.7210       284.8340       284.2030    
 1916   283.9229       284.1502       284.8709       285.9956       286.9954       287.8508       288.0098       287.7514       286.6940       285.6849       284.6258       284.0079    
 1917   283.6586       283.9907       284.9283       285.8354       287.0970       287.7913       288.0411       287.6373       286.9036       285.7729       284.8042       284.1570    
 1918   283.9567       284.2698       284.9895       286.0798       287.2120       288.0278       287.9667       287.7743       286.9541       285.9007       284.7438       283.9594    
 1919   283.6716       284.2082       284.8959       286.0007       287.0343       287.7963       287.9470       287.6909       286.7498       285.6742       284.7609       284.0113    
 1920   283.7110       283.9931       284.8850       285.9169       287.2625       287.9180       288.1082       287.6988       286.7525       285.8442       284.8781       284.1577    
 1921   284.1604       284.4603       285.0233       286.2985       287.4177       288.0268       288.1154       287.8667       287.1320       286.1593       285.0899       284.2975    
 1922   284.2322       284.3270       285.0394       286.2865       287.2685       288.0594       288.1339       287.7006       286.9625       285.8764       284.9193       283.9155    
 1923   283.8683       284.1865       284.8460       285.9659       287.0174       287.6343       287.9301       287.5778       286.7561       285.6762       284.6974       283.9188    
 1924   283.7132       283.8716       284.6840       285.9656       287.0898       287.8524       288.0036       287.6534       286.7641       285.7032       284.6418       284.0087    
 1925   283.8105       284.0809       284.9630       286.0928       287.2000       287.9773       288.1531       287.7572       286.8430       285.9636       284.8145       284.1446    
 1926   283.8811       284.2284       284.8531       286.1294       287.1412       287.8607       288.1107       287.7013       286.7435       285.7014       284.5620       283.8558    
 1927   283.8392       283.9625       284.7436       286.0542       287.0527       287.7891       287.9615       287.6885       286.8348       285.7980       284.7176       283.8732    
 1928   283.9330       284.2042       284.8222       285.9707       287.0980       287.8945       287.9478       287.7176       287.0028       286.0349       284.9638       284.1030    
 1929   283.9652       284.1619       284.9902       286.0137       287.1493       287.7177       287.9671       287.6577       286.6836       285.6500       284.6780       283.9146    
 1930   283.7004       283.9536       284.7017       286.0275       287.2422       287.8203       287.8604       287.6356       286.8144       285.8475       284.7577       284.0122    
 1931   283.8622       284.0026       284.8901       285.9860       287.1106       287.6609       287.9601       287.7940       287.0263       285.8572       284.9501       284.2562    
 1932   283.9525       284.2897       284.9733       286.1606       287.2159       287.9903       288.0897       287.9124       286.9954       285.9403       285.0473       284.2232    
 1933   283.9825       284.1830       284.9312       286.2317       287.2670       288.0052       288.0074       287.6430       286.9657       285.8611       284.7336       284.2539    
 1934   283.8605       284.1036       285.0793       286.0697       287.2048       287.8877       288.2085       287.8716       287.0399       285.9642       284.8999       284.1982    
 1935   284.0322       284.4257       285.0823       286.2940       287.3903       288.0197       288.1568       287.7813       287.0353       286.1285       285.0704       284.2870    
 1936   284.0922       284.3971       285.0838       286.1753       287.2764       288.0919       288.1876       287.8932       287.0974       286.0454       284.8888       284.2845    
 1937   284.1554       284.2517       285.0495       286.1329       287.3004       288.1156       288.1986       287.8274       286.9478       285.9531       285.0208       284.1280    
 1938   283.9670       284.3402       285.1618       286.3711       287.5750       288.1555       288.2105       288.0450       287.2011       286.1182       285.2289       284.5829    
 1939   284.3758       284.4754       285.1829       286.4868       287.5341       288.2007       288.3502       288.0862       287.1736       286.3110       285.3329       284.5730    
 1940   284.3253       284.6469       285.4403       286.4594       287.4268       288.0576       288.2301       287.9171       287.0126       285.9197       285.0992       284.2056    
 1941   284.0663       284.3159       285.0830       286.2236       287.2269       288.0331       288.0826       287.9586       287.0898       285.8878       284.9573       284.3317    
 1942   284.1500       284.5156       285.0167       286.1673       287.4029       288.0599       288.2207       287.9489       287.2482       286.0385       284.9700       284.2523    
 1943   284.0413       284.3341       285.0216       286.2688       287.2493       287.8755       288.0447       287.8789       287.0626       286.1127       285.1765       284.3587    
 1944   284.2097       284.4373       285.1719       286.1617       287.3264       288.0582       288.2387       287.9315       287.1396       286.1547       285.2163       284.3003    
 1945   284.1541       284.4970       285.1450       286.3280       287.3751       288.0675       288.1550       287.8217       287.1722       286.2529       285.2780       284.4295    
 1946   284.2718       284.4368       285.2307       286.4297       287.4536       288.1119       288.2555       288.0167       287.2520       286.3039       285.3269       284.5876    
 1947   284.2392       284.6806       285.2239       286.3584       287.4644       288.1975       288.1940       287.8888       287.1618       286.0500       285.0396       284.4453    
 1948   284.2014       284.3683       285.0613       286.1293       287.2777       287.8893       288.1293       287.9794       287.1774       286.1186       285.0983       284.3717    
 1949   284.1400       284.3409       285.1117       286.2529       287.3012       288.1816       288.4330       287.9502       287.1050       286.0329       285.1589       284.3889    
 1950   284.0070       284.4441       285.1364       286.2425       287.3852       288.1032       288.1577       287.9108       287.0224       286.0347       284.8399       284.1797    
 1951   284.0357       284.1432       284.9536       286.0632       287.2181       287.9894       288.2581       288.0077       287.1718       286.1964       285.1216       284.6030    
 1952   284.2580       284.5972       285.2419       286.2734       287.4608       288.2208       288.2382       287.9285       287.1187       286.2647       285.0133       284.3586    
 1953   284.2757       284.3973       285.1562       286.3029       287.2709       288.0746       288.2072       287.9059       287.1679       286.1667       285.0797       284.3491    
 1954   284.0875       284.3819       285.1513       286.1017       287.2244       287.9382       288.1148       287.7719       287.0478       286.0359       285.0338       284.3310    
 1955   284.1681       284.2694       285.2231       286.3312       287.3513       288.0385       288.2684       287.8107       287.1408       286.0617       285.1450       284.3835    
 1956   284.1305       284.5902       285.2460       286.2686       287.4571       288.1127       288.1805       288.0471       287.0717       285.9285       284.9644       284.2364    
 1957   284.0156       284.2816       284.9635       286.1707       287.2253       287.9197       288.1321       287.9017       287.1154       286.0008       284.8584       284.1847    
 1958   283.9765       284.4124       285.0123       286.1109       287.1158       287.8865       288.0161       287.7762       286.9846       285.9885       284.9701       284.1339    
 1959   284.0382       284.2129       285.0244       286.1034       287.2579       287.8578       287.9575       287.7681       286.9808       286.0743       285.0934       284.3748    
 1960   284.1306       284.2964       285.1549       286.2868       287.5231       288.1170       288.2385       287.8855       287.1212       286.0628       285.2794       284.4790    
 1961   284.2460       284.3341       285.2072       286.3002       287.3530       288.0848       288.1927       287.8797       286.9417       286.0255       284.8725       284.2413    
 1962   284.0506       284.3373       284.9323       286.1850       287.2216       288.0623       288.0893       287.6675       287.0814       285.9826       284.9785       284.1788    
 1963   284.1085       284.2838       284.8951       286.2547       287.2226       287.9147       288.1201       287.8612       287.0255       285.9951       284.8577       284.2565    
 1964   284.1362       284.2912       285.0157       286.1666       287.2083       287.9287       288.0576       287.7898       286.9851       286.0282       285.0623       284.2480    
 1965   284.1797       284.2527       284.8540       286.0337       287.1126       287.7090       287.9250       287.5675       286.6711       285.6411       284.5868       283.9865    
 1966   283.5732       283.8200       284.6759       285.7679       286.9006       287.5774       287.7760       287.3732       286.7015       285.4890       284.5481       283.8457    
 1967   283.7269       283.8842       284.7964       286.0253       287.1955       287.7956       287.8637       287.6134       286.9226       285.8287       284.8433       284.1846    
 1968   284.0111       284.1549       284.8853       286.0406       287.1372       287.8403       287.8853       287.6276       286.7119       285.5996       284.6288       283.7793    
 1969   283.6971       283.8434       284.6722       285.8134       286.8620       287.6602       287.7192       287.3918       286.7258       285.7918       284.7920       284.0091    
 1970   283.8636       284.1237       284.9296       286.1901       287.2507       288.0477       288.0214       287.7158       286.8916       286.0135       285.0326       284.2930    
 1971   283.9831       284.1421       284.8055       286.2453       287.3036       287.9456       288.0381       287.8071       286.9556       285.8990       284.8439       284.0685    
 1972   283.9633       284.2208       284.7354       286.0488       287.1578       287.9242       288.0595       287.8527       287.0531       286.0354       284.9544       284.1139    
 1973   283.9139       284.0915       285.0131       286.1118       287.0433       287.7529       287.8923       287.6750       286.8412       285.8034       284.8268       284.0380    
 1974   283.7846       284.0203       284.8184       285.9964       287.1310       287.8068       287.8918       287.6349       286.7941       285.8113       284.7507       284.0151    
 1975   283.8199       284.0172       284.8322       285.8744       287.1065       287.8407       288.0107       287.7852       286.9272       285.7829       284.6960       284.0957    
 1976   283.9598       284.1495       285.0623       286.0197       287.2403       287.8032       288.0298       287.7107       286.8803       285.8220       284.6980       284.0850    
 1977   284.0739       284.0870       285.1277       286.0545       287.2343       287.9089       288.0485       287.7656       286.9247       285.9034       284.9043       284.1268    
 1978   283.9189       284.3347       285.2000       286.2640       287.3632       288.0216       288.1026       287.8791       286.9071       285.9504       285.0658       284.2486    
 1979   283.9934       284.0999       284.9549       286.1707       287.2280       287.9574       288.1625       287.8078       286.8613       285.8893       284.8536       284.2598    
 1980   283.9812       284.3007       284.9518       286.1352       287.2817       288.0207       288.0737       287.9456       287.1117       285.9321       284.9274       284.3316    
 1981   284.0193       284.4472       285.1305       286.2151       287.4524       288.1079       288.2114       287.8669       287.1562       286.0883       285.1461       284.4463    
 1982   284.3046       284.6370       285.2607       286.3565       287.5364       288.2624       288.3722       287.9548       287.1936       286.2069       285.2017       284.4647    
 1983   284.4622       284.6699       285.3242       286.2104       287.3068       288.0573       288.2005       287.8875       286.9099       285.8209       284.8018       284.1811    
 1984   284.2324       284.3938       285.1416       286.2076       287.3643       288.0529       288.2731       287.9461       287.0815       286.0408       285.1432       284.2708    
 1985   284.1312       284.5661       285.2465       286.4080       287.3557       288.1722       288.2144       287.9093       287.2314       286.0187       284.9438       284.2608    
 1986   284.1868       284.4957       285.1016       286.3795       287.4178       288.1575       288.2762       287.9651       287.0960       286.1030       285.1465       284.4820    
 1987   284.2688       284.5128       285.2277       286.2557       287.4279       288.1827       288.3595       288.2485       287.3681       286.2865       285.3343       284.6105    
 1988   284.3521       284.4919       285.3140       286.3248       287.5366       288.1307       288.2437       288.1041       287.2183       286.3296       285.3096       284.4466    
 1989   284.4005       284.5409       285.5069       286.6228       287.6268       288.2144       288.5052       288.1333       287.1934       286.3039       285.3991       284.6438    
 1990   284.4059       284.7150       285.3852       286.5070       287.6078       288.1842       288.3468       288.1265       287.3362       286.3916       285.1986       284.5318    
 1991   284.3248       284.5643       285.3322       286.5759       287.5072       288.2535       288.4631       288.1069       287.3502       286.2527       285.3989       284.6466    
 1992   284.3003       284.5537       285.3557       286.3771       287.3824       288.1716       288.2079       287.7642       287.0795       286.2410       285.1135       284.3412    
 1993   284.2022       284.5492       285.3068       286.3665       287.3745       288.0249       288.2340       287.8902       287.0667       286.0053       285.1047       284.3354    
 1994   284.0172       284.2643       285.2324       286.3823       287.5287       288.0957       288.2519       287.9720       287.1893       286.1776       285.3344       284.4843    
 1995   284.3264       284.4113       285.2843       286.4001       287.5840       288.2560       288.3827       288.0865       287.4271       286.4406       285.2794       284.7765    
 1996   284.3666       284.7370       285.3130       286.5553       287.5722       288.3314       288.4736       288.1950       287.2864       286.3236       285.2796       284.5577    
 1997   284.2547       284.5393       285.2080       286.5451       287.6192       288.3245       288.4771       288.1640       287.4326       286.4689       285.3176       284.6824    
 1998   284.5411       284.8094       285.4804       286.5978       287.7252       288.3305       288.5655       288.2617       287.5169       286.5870       285.3861       284.9625    
 1999   284.5143       284.9961       285.5263       286.7410       287.8584       288.4723       288.6471       288.2811       287.5372       286.6768       285.5281       284.8650    
 2000   284.3415       284.8210       285.5858       286.6964       287.6938       288.2307       288.5651       288.3141       287.4674       286.3861       285.3702       284.7125    
 2001   284.3515       284.6646       285.5100       286.6198       287.7358       288.4328       288.4914       288.3965       287.5257       286.5580       285.4725       284.9054    
 2002   284.7346       284.9652       285.7347       286.8261       287.9465       288.6477       288.8843       288.4836       287.7626       286.7749       285.8039       284.9951    
 2003   284.6894       285.0223       285.6567       286.7567       287.8661       288.6783       288.7241       288.4000       287.6298       286.5958       285.4905       284.7858    
 2004   284.5881       284.8056       285.6485       286.8723       287.7873       288.4559       288.6248       288.3457       287.5728       286.6823       285.7852       285.1407    
 2005   284.8529       285.0837       285.7902       287.0078       288.0634       288.5967       288.7828       288.5049       287.8546       286.9457       285.8661       284.9264    
 2006   284.8636       285.0926       285.8502       286.9366       288.0264       288.7473       288.8093       288.4698       287.6136       286.6256       285.6156       284.6671    
 2007   284.6071       284.8376       285.5678       286.6828       287.7807       288.3115       288.5115       288.1834       287.5450       286.4504       285.3296       284.6789    
 2008   284.4009       284.6548       285.5204       286.6146       287.8762       288.5008       288.6010       288.2808       287.5976       286.5926       285.5086       284.9946    
 2009   284.6291       285.0891       285.8955       287.0232       288.0116       288.6440       288.7300       288.4838       287.6934       286.9555       285.9044       284.9611    
 2010   284.8104       284.9570       285.8399       287.0678       287.9700       288.6477       288.6718       288.5606       287.7196       286.7071       285.6348       284.8823    
 2011   284.6703       285.0340       285.7219       286.8989       288.0729       288.5833       288.8618       288.6077       287.7813       286.8000       285.7426       285.0211    
 2012   284.8325       285.0011       285.7770       286.8177       287.9158       288.5488       288.7830       288.5241       287.6120       286.6653       285.5305       284.7826    
 2013   284.5520       284.7769       285.5026       286.7429       287.8284       288.4723       288.7136       288.4197       287.7018       286.6916       285.6874       285.0093    
 2014   284.7092       285.0138       285.8132       286.9903       288.0384       288.6334       288.7307       288.4454       287.6793       286.8885       285.7366       284.9851    
 2015   284.7948       285.1192       285.8495       286.8049       287.9247       288.5676       288.7581       288.5219       287.8171       286.7520       285.7079       285.0496    
 2016   284.7889       284.9383       285.5800       286.8449       288.0036       288.6459       288.7455       288.5330       287.6772       286.6119       285.5874       285.0297    
 2017   284.8028       285.1449       285.9250       286.9972       288.1983       288.7505       288.9531       288.5988       287.9122       286.9989       285.9418       285.0881    
 2018   285.0177       285.0364       285.8337       287.1394       288.1559       288.8084       289.0125       288.6576       287.8232       286.8128       285.9476       285.0053    
 2019   284.9716       285.0689       285.8653       286.9889       288.0903       288.6902       288.9433       288.7289       287.9526       287.0439       286.0249       285.1759    
 2020   285.0110       285.2524       285.9124       286.9645       288.0753       288.7494       288.8951       288.5594       287.7951       286.9504       286.0226       285.2536    
 2021   284.9456       285.1509       286.0284       287.1541       288.2335       288.7960       289.0686       288.7519       287.9738       287.0641       285.8812       285.2154    
 2022   284.9496       285.0860       285.9251       287.0017       288.1520       288.6921       288.8755       288.6542       287.7338       286.7890       285.6273       285.0320    
 2023   284.6764       284.8985       285.8617       286.9531       288.0379       288.5948       288.7488       288.4619       287.6581       286.7344       285.6896       285.0095    
 2024   284.7193       285.1353       285.9721       287.0593       288.1095       288.8246       289.1068       288.8024       287.9659       287.0966       285.9507       285.1742    
 2025   284.9292       285.2505       285.9810       287.2097       288.4115       288.8972       289.1335       288.7771       288.0273       287.1073       286.1347       285.5090    
 2026   285.1353       285.1915       286.1362       287.1466       288.2288       288.8447       288.9457       288.6545       287.9311       286.9420       285.9230       284.9903    
 2027   284.9024       285.1593       285.8488       287.1393       288.2932       288.9101       288.9648       288.5941       287.9786       286.8933       285.6853       285.0580    
 2028   284.7833       285.1073       286.0633       286.9637       288.0954       288.8452       288.9985       288.6563       287.9543       286.9144       285.8510       285.0236    
 2029   284.8825       285.1915       285.7925       286.9914       288.1037       288.8955       289.0624       288.8760       287.9822       287.0234       285.9753       284.9890    
 2030   285.1394       285.3125       286.1308       287.2170       288.3657       289.0298       289.1907       288.9587       288.1519       287.2290       286.3824       285.5650    
 2031   285.2760       285.1585       286.0605       287.3292       288.3755       288.9312       289.1406       288.8502       288.0152       287.0480       285.9480       285.0260    
 2032   284.8597       285.0339       285.8781       287.0387       288.3600       288.9985       289.1468       288.8761       288.0484       286.9885       286.0601       285.3862    
 2033   285.0223       285.1848       286.1129       287.0352       288.1364       289.0007       289.2881       289.0723       288.2813       287.2513       286.3322       285.5436    
 2034   285.2355       285.6526       286.4332       287.7114       288.8380       289.4034       289.6555       289.3795       288.5424       287.6905       286.6483       285.9462    
 2035   285.6454       285.9359       286.6241       287.7430       288.8306       289.4841       289.6763       289.2978       288.5580       287.5583       286.5915       285.7820    
 2036   285.4329       285.7614       286.3646       287.5792       288.6408       289.2861       289.4588       289.1017       288.2702       287.2989       286.2495       285.3639    
 2037   285.1669       285.6063       286.2383       287.4086       288.4952       289.0962       289.4654       289.2368       288.2862       287.4976       286.5388       285.5743    
 2038   285.5296       285.8189       286.6569       287.6926       288.7319       289.4647       289.5570       289.4002       288.5255       287.4896       286.5485       285.7233    
 2039   285.5167       285.7802       286.5980       287.7163       288.8771       289.4560       289.6443       289.1813       288.4803       287.4679       286.4736       285.7747    
 2040   285.5872       285.7122       286.4349       287.7531       288.7236       289.2939       289.5327       289.2600       288.4700       287.5992       286.5179       285.7317    
 2041   285.6689       285.9283       286.6260       287.7051       288.8851       289.5351       289.7472       289.4102       288.5569       287.6655       286.5610       285.8467    
 2042   285.7004       285.7711       286.6304       287.7619       288.8075       289.3887       289.6310       289.4133       288.6548       287.6315       286.5627       285.7577    
 2043   285.5204       285.9135       286.6419       287.7504       288.9581       289.5350       289.7036       289.3054       288.5209       287.5511       286.4053       285.7698    
 2044   285.4549       285.5142       286.4724       287.6062       288.6795       289.3746       289.5341       289.3791       288.6290       287.6946       286.7881       286.1267    
 2045   285.9790       286.1432       286.9433       287.8851       288.9446       289.6675       289.9169       289.5855       288.8521       287.8316       286.9913       286.1647    
 2046   286.0572       286.1659       287.0596       288.2014       289.1273       289.8543       289.9170       289.6511       288.8235       287.8788       286.9265       286.0448    
 2047   285.9753       286.2135       286.8069       287.8466       288.9407       289.4640       289.7926       289.6746       288.7207       287.7579       286.8200       285.8962    
 2048   285.6459       285.9695       286.7272       287.8048       288.9169       289.6821       289.8121       289.5667       288.7964       287.8225       286.8595       286.1228    
 2049   285.7575       286.1188       286.6786       287.7476       288.9053       289.5221       289.6519       289.5035       288.7319       287.7651       286.7015       286.1297    
 2050   285.4819       286.0214       286.7302       287.8127       288.9018       289.4771       289.6286       289.3802       288.5498       287.6767       286.6810       285.8913    
 2051   285.6616       285.9009       286.5699       287.8407       288.9305       289.5580       289.7709       289.4961       288.8181       287.8224       286.8133       285.9863    
 2052   285.7556       285.9688       286.8820       287.9054       288.9570       289.3976       289.8084       289.5385       288.8395       287.9215       286.8640       286.0670    
 2053   285.9531       286.0439       286.7685       287.9200       289.1295       289.6083       289.8924       289.5478       288.7680       287.7535       286.7722       286.2590    
 2054   285.7684       285.7781       286.7023       287.8652       288.9522       289.5602       289.8000       289.6600       288.6714       287.7322       286.8138       286.0625    
 2055   285.8053       286.0085       286.8270       287.8827       288.9755       289.4042       289.7042       289.4029       288.5996       287.7060       286.7668       285.9952    
 2056   285.7887       286.1331       286.8023       287.9422       289.0019       289.6703       290.0417       289.6485       289.0447       288.0139       286.8948       285.9602    
 2057   285.7856       285.9904       286.7903       288.0119       289.2066       289.7412       289.9696       289.6761       288.9023       288.0656       286.9933       286.2372    
 2058   285.9513       286.2303       286.9294       288.0263       289.1421       289.7792       290.0229       289.8289       288.9765       288.0013       286.9274       286.3361    
 2059   285.9566       286.1833       286.9549       287.9937       289.1673       289.8235       289.9081       289.5179       288.9039       288.0312       286.8787       286.3830    
 2060   286.0902       286.4394       287.0592       288.2153       289.2634       289.8371       290.1908       289.8971       289.1223       288.3001       287.3019       286.5192    
 2061   286.2587       286.1954       286.9718       288.1643       289.1430       289.8191       289.9974       289.7489       288.9991       288.0598       286.9362       286.1379    
 2062   285.6576       286.0948       286.8918       287.9798       289.0245       289.7373       289.7778       289.6958       288.9468       288.0286       287.1329       286.3379    
 2063   286.0040       286.2372       286.9739       288.0590       289.1665       289.8573       290.1702       289.8797       289.1330       288.2212       287.2091       286.4963    
 2064   286.2830       286.4563       287.3042       288.3595       289.6118       290.2262       290.4591       290.1659       289.4802       288.5248       287.6344       286.8306    
 2065   286.7451       286.7713       287.6140       288.6373       289.7193       290.3095       290.4832       290.2781       289.5034       288.5231       287.4153       286.7270    
 2066   286.5693       286.6894       287.4716       288.5245       289.5587       290.2509       290.4945       290.1863       289.3819       288.4474       287.3877       286.5501    
 2067   286.1336       286.6412       287.3855       288.4392       289.4520       290.0426       290.3404       290.2148       289.4005       288.4386       287.3270       286.6716    
 2068   286.3662       286.4612       287.3921       288.4061       289.5441       290.1739       290.3957       290.0413       289.4916       288.4951       287.5083       286.7251    
 2069   286.5378       286.8558       287.6463       288.6439       289.6921       290.1755       290.5060       290.3112       289.5374       288.5570       287.6123       286.7754    
 2070   286.3727       286.6100       287.2605       288.3933       289.5162       290.1341       290.3653       290.0324       289.3257       288.3331       287.3425       286.7452    
 2071   286.5024       286.5436       287.3319       288.4169       289.5017       290.2145       290.4678       290.2975       289.4959       288.5239       287.6109       286.7025    
 2072   286.3411       286.7152       287.5753       288.6541       289.7000       290.2182       290.4900       290.2910       289.4149       288.3611       287.3467       286.5122    
 2073   286.1962       286.5129       287.1692       288.1591       289.4456       290.0403       290.2178       290.0211       289.2958       288.3282       287.2635       286.7108    
 2074   286.3988       286.5327       287.4593       288.4003       289.4861       290.2180       290.3064       290.1635       289.2519       288.3856       287.3012       286.5311    
 2075   286.4919       286.5967       287.3100       288.4054       289.4021       290.0055       290.3139       290.0809       289.3001       288.2583       287.3243       286.6279    
 2076   286.1566       286.3249       287.1353       288.2946       289.2714       290.0427       290.2245       290.0807       289.2119       288.2071       287.2440       286.7584    
 2077   286.2618       286.5844       287.2632       288.3419       289.3312       290.0919       290.2271       290.1513       289.2798       288.3427       287.3351       286.5003    
 2078   286.2068       286.4089       287.0570       288.1989       289.3992       290.0547       290.3402       290.1425       289.3270       288.5645       287.4454       286.6858    
 2079   286.3338       286.5933       287.2128       288.3629       289.4790       290.1591       290.5057       290.1260       289.2581       288.3380       287.3714       286.8029    
 2080   286.6462       286.6870       287.3860       288.4010       289.4760       290.2051       290.3906       290.1501       289.4927       288.4688       287.6784       287.0127    
 2081   286.9032       287.0067       287.6887       288.8690       289.9308       290.4792       290.6974       290.4150       289.4658       288.5951       287.4779       286.8153    
 2082   286.4997       286.5987       287.3614       288.4781       289.5608       290.1508       290.5653       290.2456       289.4630       288.6069       287.5145       286.6473    
 2083   286.5599       286.6396       287.3221       288.4655       289.5004       290.3069       290.4077       290.1252       289.4185       288.4163       287.3417       286.5778    
 2084   286.3721       286.6223       287.4502       288.4641       289.5299       290.1409       290.3334       290.1169       289.4149       288.5201       287.4596       286.7335    
 2085   286.6805       286.7036       287.6010       288.6589       289.7271       290.5193       290.7498       290.4625       289.5870       288.6437       287.7234       287.0275    
 2086   287.0387       287.1019       287.7821       288.8492       290.0327       290.6537       290.7038       290.5988       289.8549       288.8904       287.9942       287.0850    
 2087   286.9553       287.1953       287.9720       288.9948       289.8786       290.6114       290.7719       290.4461       289.6579       288.8407       287.7800       286.9476    
 2088   286.8047       286.9952       287.6759       288.6731       289.9135       290.5815       290.8406       290.4734       289.6096       288.7584       287.6668       286.9550    
 2089   286.7779       287.0834       287.7190       288.7191       289.8478       290.4618       290.7294       290.4388       289.4823       288.6518       287.5969       286.8080    
 2090   286.6505       286.9747       287.4779       288.4909       289.7465       290.3070       290.4893       290.2448       289.3716       288.6023       287.5453       286.7917    
 2091   286.6664       286.8758       287.5457       288.6473       289.8205       290.4298       290.7506       290.5114       289.7333       288.6458       287.7574       287.1284    
 2092   286.9385       287.1434       287.8750       288.9085       289.9713       290.5841       290.7173       290.3779       289.6930       288.6651       287.8236       286.9961    
 2093   286.7608       286.8034       287.4170       288.5453       289.6792       290.3481       290.7111       290.3056       289.5757       288.5074       287.4252       286.8275    
 2094   286.4909       286.5394       287.3678       288.4544       289.6309       290.3197       290.5458       290.2564       289.4858       288.5626       287.5876       286.9832    
 2095   286.6220       286.7669       287.5909       288.7413       289.8462       290.5658       290.8037       290.5644       289.7968       288.7944       287.8603       287.1093    
 2096   286.9201       286.9738       287.7156       288.7776       289.9112       290.5892       290.9175       290.4810       289.7983       288.8303       288.0012       287.0845    
 2097   286.9024       286.8373       287.5796       288.7105       289.8265       290.4817       290.6605       290.3918       289.6456       288.8238       287.8246       287.0780    
 2098   286.7342       286.9748       287.6529       288.8385       289.9049       290.5955       290.8656       290.5939       289.7561       288.8969       287.7849       287.0084    
 2099   286.7569       286.8733       287.8046       288.9427       289.9967       290.6811       290.8742       290.5793       289.7444       288.8015       287.8008       287.0869    
 2100   286.7641       287.0089       287.8591       288.9866       290.0026       290.6703       290.8923       290.5357       289.7227       288.7695       287.8557       287.1510    
 2101   286.8300       286.8787       287.6956       288.6557       289.8891       290.4633       290.7511       290.4938       289.6540       288.8041       287.7952       287.1123    
 2102   286.8528       286.9831       287.6500       288.7413       289.9306       290.5213       290.7153       290.4985       289.8164       289.0725       287.9900       287.2368    
 2103   287.0076       287.1368       287.7872       288.8565       289.8263       290.4789       290.6226       290.3482       289.6420       288.8696       287.7929       286.9425    
 2104   286.6742       286.9396       287.7901       288.9392       290.0529       290.8260       291.0490       290.8069       290.1111       289.0943       288.1969       287.4614    
 2105   287.1736       287.4405       288.2879       289.2142       290.3133       291.0247       291.0651       290.8511       290.1324       289.2201       288.1968       287.3962    
 2106   287.0310       287.2103       287.9402       288.9828       290.0829       290.5961       290.9268       290.5759       289.7549       288.9147       287.8925       287.1527    
 2107   287.0359       287.1306       287.7329       288.8098       290.0678       290.6660       290.7058       290.5377       289.7642       288.8928       287.9470       287.1718    
 2108   287.0310       287.0851       287.7431       288.8161       289.9029       290.6525       290.8240       290.5238       289.6930       288.7967       287.7675       286.8731    
 2109   286.6106       286.8929       287.5339       288.5214       289.8224       290.3935       290.5863       290.2603       289.5911       288.7383       287.7680       287.1054    
 2110   286.7509       286.9239       287.5813       288.6441       289.8299       290.5018       290.7454       290.6908       289.8261       288.8984       287.9627       287.1296    
 2111   287.0471       287.2575       287.8396       288.8875       290.0993       290.6578       290.9868       290.6242       289.9725       289.0244       287.9690       287.3647    
 2112   286.9364       287.3424       288.0878       289.1375       290.2750       290.9795       291.1741       291.0365       290.1496       289.1226       288.1870       287.3848    
 2113   286.9727       287.2927       287.7999       288.9612       289.9689       290.8020       290.9367       290.6524       289.8894       288.9483       287.9131       287.1960    
 2114   286.9472       287.2439       287.8004       288.8373       289.9876       290.7118       290.9450       290.5873       289.7868       288.9343       288.0761       287.3159    
 2115   286.9863       287.3199       287.9544       289.0287       290.1436       290.6879       290.9149       290.5861       289.7638       288.9512       287.9637       287.0807    
 2116   286.9351       287.1267       287.9606       288.9883       290.0497       290.5467       290.9156       290.6059       289.8996       289.2378       288.1893       287.4579    
 2117   287.0567       287.2075       287.9017       289.1213       290.1210       290.7902       291.1623       290.8234       290.1794       289.1218       288.0062       287.0152    
 2118   286.9043       286.9015       287.7803       288.7472       289.9245       290.6510       290.8571       290.5350       289.7144       288.8877       287.6866       286.9768    
 2119   286.6497       287.0006       287.5447       288.8403       290.0377       290.6696       290.8606       290.6597       289.8063       288.8061       287.8113       286.9680    
 2120   286.7871       286.9029       287.7357       288.8062       289.8930       290.5732       290.9391       290.5313       289.7642       288.8140       287.8590       287.0475    
 2121   286.8161       287.0069       287.8182       288.9077       289.9597       290.6313       290.9396       290.6676       289.8331       288.9372       287.8014       287.0303    
 2122   287.0237       287.1556       287.8878       288.9570       290.1092       290.6196       290.9131       290.6732       290.0281       288.9293       287.9892       287.1501    
 2123   287.0090       287.1797       287.9976       288.9345       290.0827       290.7040       290.9594       290.7869       289.9407       288.8844       287.9756       287.1776    
 2124   287.0814       287.4070       288.0023       289.0660       290.1586       290.7399       290.9219       290.6528       289.9345       288.9227       288.0057       287.2073    
 2125   287.1305       287.3205       288.1076       289.0037       290.1321       290.7869       290.9663       290.7679       289.9438       289.2162       288.3051       287.5342    
 2126   287.1830       287.4454       287.9627       289.0338       290.2373       290.8944       290.8865       290.8334       290.0177       289.0564       288.1625       287.3990    
 2127   287.1316       287.3715       288.1773       289.1034       290.1271       290.7202       290.9838       290.7141       289.9054       289.0557       287.7780       287.1774    
 2128   287.0458       287.2130       287.9290       288.9631       290.1341       290.8119       291.0248       290.7647       290.0427       289.1040       288.1148       287.4625    
 2129   287.1934       287.2738       288.1500       289.2859       290.1965       290.8259       291.0009       290.7790       289.9500       289.0483       288.0050       287.1179    
 2130   286.9015       287.0420       287.7236       288.8258       289.9442       290.5758       290.9073       290.6624       289.7951       288.8373       287.8850       287.1778    
 2131   286.9108       286.9029       287.7880       288.9995       289.9653       290.6797       290.9284       290.7569       289.8073       288.8965       287.7814       287.0423    
 2132   286.9056       287.1202       287.8248       288.8288       290.0230       290.7300       290.9921       290.8098       289.9278       288.9485       287.8856       287.1768    
 2133   286.9412       287.0845       288.0923       289.0714       290.2687       290.7998       291.1519       290.7392       290.0693       289.1725       288.1715       287.3130    
 2134   287.2012       287.3186       287.9924       289.0845       290.1351       290.8093       291.0236       290.7183       289.9954       289.0542       288.0005       287.0443    
 2135   286.8257       287.0065       287.6638       288.8141       289.8708       290.4192       290.7574       290.4442       289.7128       288.7032       287.6108       287.1022    
 2136   286.7115       286.9756       287.6040       288.7372       289.9972       290.5625       290.7487       290.7846       290.0672       289.0829       288.0677       287.2337    
 2137   287.0150       287.2810       287.8910       289.0351       290.1063       290.7268       290.8929       290.5722       289.8349       288.8423       287.8009       287.0447    
 2138   286.6111       286.8203       287.6542       288.6563       289.8381       290.5887       290.9312       290.5648       289.8558       288.8562       287.7977       287.0543    
 2139   286.9074       287.0146       287.8768       289.0223       290.1028       290.8327       291.1500       290.9421       290.1152       289.1691       288.1263       287.2628    
 2140   287.1828       287.3647       288.0810       289.1663       290.2648       290.8618       291.0638       290.9456       290.0359       289.1769       288.1201       287.2846    
 2141   287.0614       287.5113       288.0875       289.0890       290.3226       290.9940       291.3185       291.0804       290.1817       289.2886       288.1787       287.5009    
 2142   287.1976       287.4061       288.1144       289.0416       290.2084       290.9536       291.0768       290.9355       290.1738       289.2148       288.1579       287.3036    
 2143   287.0976       287.3568       287.8984       288.9705       290.1393       290.7519       290.8427       290.7852       289.9798       289.1533       288.0872       287.2910    
 2144   287.0077       287.2906       288.0187       289.0562       290.1569       290.7916       291.0359       290.6980       289.9969       288.9092       287.9111       287.2625    
 2145   286.9678       287.0474       287.9175       288.9210       290.0585       290.7040       291.1178       290.9955       290.1383       289.2873       288.2803       287.3578    
 2146   287.0299       287.3878       287.9323       289.1049       290.1956       290.8026       291.0863       290.7970       290.1295       289.1544       288.1550       287.5466    
 2147   287.2139       287.4096       288.0312       289.1477       290.2223       290.9752       291.1629       290.8760       290.0231       289.2068       288.1667       287.4714    
 2148   287.1174       287.3670       287.9479       289.0665       290.2852       290.8095       291.0778       290.8446       290.1075       289.1209       288.0264       287.3568    
 2149   287.1260       287.3963       287.9908       289.2862       290.4101       290.9071       291.1749       290.8639       290.0182       289.0946       287.9436       287.1813    
 2150   287.1596       287.4082       288.0483       289.0665       290.2565       290.8630       291.2353       291.0898       290.2262       289.3576       288.2536       287.4930    
 2151   287.3140       287.4140       288.3028       289.2421       290.3973       291.0648       291.3527       291.0551       290.3835       289.4992       288.3861       287.7105    
 2152   287.4866       287.7136       288.3720       289.4808       290.5604       291.1202       291.3281       291.0651       290.2864       289.2306       288.2952       287.5501    
 2153   287.4677       287.5590       288.2127       289.2380       290.3392       291.1151       291.2950       290.9543       290.1378       289.1924       288.4309       287.5049    
 2154   287.3603       287.4495       288.0201       289.3258       290.3272       291.0296       291.4189       291.1071       290.1762       289.2783       288.4317       287.4936    
 2155   287.1327       287.3467       288.1327       289.2932       290.2943       291.0526       291.0445       290.8448       290.0488       289.2149       288.1264       287.2508    
 2156   287.0744       287.4517       288.1678       289.0514       290.2585       290.8383       291.1593       290.9305       290.2539       289.1822       288.3179       287.4682    
 2157   287.1636       287.5338       288.2620       289.2741       290.4422       291.0113       291.2547       290.9967       290.1433       289.1976       288.1271       287.1817    
 2158   287.0614       287.3788       287.9447       289.1383       290.3072       290.9931       291.2657       290.9292       290.3270       289.4198       288.3603       287.5557    
 2159   287.2778       287.4877       288.3159       289.2710       290.3748       291.0771       291.3080       291.0850       290.4132       289.3526       288.3846       287.5263    
 2160   287.2798       287.4155       288.1136       289.2702       290.3049       291.0205       291.3091       291.0704       290.3933       289.3851       288.3139       287.5252    
 2161   287.3672       287.7134       288.3263       289.5763       290.5389       291.2304       291.4555       291.1929       290.3248       289.3657       288.3448       287.3763    
 2162   287.3551       287.3792       288.1314       289.1196       290.1581       290.7871       291.0575       290.8372       290.0925       289.2529       288.2122       287.4908    
 2163   287.1686       287.4044       287.9803       289.3766       290.3815       291.0472       291.2044       291.0851       290.3405       289.5304       288.4113       287.5796    
 2164   287.1678       287.6230       288.3459       289.3563       290.3936       291.0739       291.3595       291.1144       290.3941       289.3654       288.3698       287.6237    
 2165   287.3760       287.6656       288.1669       289.3452       290.5475       291.2217       291.5080       291.1865       290.5241       289.6130       288.6127       287.7865    
 2166   287.7490       287.8805       288.5840       289.6007       290.5729       291.2302       291.4857       291.1594       290.3867       289.2490       288.1138       287.3780    
 2167   287.1831       287.2946       288.1262       289.2426       290.3074       290.9439       291.3016       291.0308       290.2040       289.1042       288.1415       287.3379    
 2168   287.2681       287.4668       288.0875       289.0907       290.1791       290.9576       291.1908       291.0128       290.2538       289.2683       288.2996       287.6861    
 2169   287.2054       287.4409       288.2537       289.2968       290.3830       290.9964       291.1893       291.0708       290.3287       289.2608       288.2499       287.4437    
 2170   287.2266       287.5826       288.3020       289.2680       290.3656       291.0785       291.4072       291.0356       290.3840       289.4689       288.3888       287.6637    
 2171   287.4534       287.7004       288.5658       289.6895       290.6073       291.1172       291.5153       291.3444       290.5054       289.5413       288.5314       287.6283    
 2172   287.4605       287.7757       288.3412       289.4294       290.6176       291.2625       291.4293       291.0634       290.4267       289.4849       288.3203       287.6101    
 2173   287.4033       287.5020       288.1774       289.2497       290.3410       290.9850       291.1597       290.8846       290.1000       289.3109       288.4087       287.6683    
 2174   287.3143       287.5097       288.1551       289.3693       290.4199       291.0485       291.2840       291.1529       290.4088       289.4619       288.3862       287.8164    
 2175   287.5978       287.8348       288.4299       289.5131       290.6922       291.2852       291.5787       291.2690       290.4500       289.5602       288.6688       287.7431    
 2176   287.5049       287.7374       288.3423       289.3615       290.6155       291.1107       291.4315       291.1190       290.4367       289.4624       288.5615       287.7954    
 2177   287.5889       287.7918       288.4352       289.5526       290.6594       291.3139       291.5335       291.3114       290.6176       289.7847       288.7635       288.1091    
 2178   287.9226       288.0923       288.7316       289.8795       290.8611       291.4255       291.6997       291.4882       290.6489       289.7270       288.6669       287.7157    
 2179   287.5000       287.8266       288.3484       289.4947       290.5972       291.1964       291.4330       291.2435       290.5686       289.4869       288.5698       287.8817    
 2180   287.5650       287.7897       288.4315       289.5353       290.5686       291.1541       291.3784       291.2183       290.3691       289.4392       288.4625       287.7633    
 2181   287.4577       287.6336       288.3172       289.4830       290.4611       291.1557       291.3864       291.2242       290.3979       289.4603       288.4204       287.7103    
 2182   287.4212       287.6727       288.3431       289.2061       290.3843       290.9797       291.2618       291.0096       290.3540       289.4402       288.3391       287.6610    
 2183   287.3550       287.5417       288.2002       289.2675       290.4309       291.2023       291.3726       291.0324       290.3434       289.4131       288.4279       287.7739    
 2184   287.6318       287.6957       288.3666       289.3282       290.5169       291.2272       291.4706       291.0891       290.2805       289.3556       288.5326       287.6762    
 2185   287.4767       287.7268       288.3420       289.4105       290.4753       291.1624       291.4796       291.2092       290.4014       289.6080       288.5729       287.8196    
 2186   287.6428       287.7303       288.3287       289.4980       290.6953       291.3900       291.6210       291.3085       290.5305       289.6829       288.5619       287.7422    
 2187   287.5328       287.8315       288.4738       289.3581       290.4829       291.1760       291.4721       291.2267       290.4942       289.5223       288.3277       287.5962    
 2188   287.4301       287.7305       288.3704       289.5468       290.5361       291.2434       291.4687       291.1898       290.5407       289.4967       288.5688       287.5855    
 2189   287.3429       287.5651       288.1548       289.2844       290.2959       291.0380       291.3411       291.0447       290.2478       289.3631       288.3810       287.6142    
 2190   287.4133       287.5102       288.3544       289.4321       290.4199       291.1429       291.5088       291.2742       290.5496       289.6819       288.6871       287.7157    
 2191   287.6152       287.8428       288.3885       289.5536       290.5760       291.1873       291.5455       291.3260       290.3979       289.5649       288.5051       287.7212    
 2192   287.4764       287.7638       288.3564       289.4406       290.5520       291.2979       291.4192       291.2151       290.4423       289.5197       288.4861       287.7973    
 2193   287.5240       287.6271       288.3987       289.5185       290.5828       291.2585       291.4092       291.1533       290.4527       289.3755       288.4484       287.4539    
 2194   287.3279       287.6933       288.3200       289.3201       290.4797       291.1953       291.4134       291.1900       290.5823       289.5592       288.4133       287.7537    
 2195   287.5698       287.8734       288.5808       289.5868       290.7546       291.3594       291.6975       291.2552       290.6024       289.3812       288.5544       287.8221    
 2196   287.5638       287.7969       288.2514       289.5099       290.5368       291.3156       291.4807       291.3178       290.4665       289.4730       288.5516       287.8015    
 2197   287.5575       287.8355       288.6045       289.6493       290.6572       291.3752       291.3946       291.2234       290.4803       289.4268       288.5120       287.5856    
 2198   287.4553       287.4805       288.2721       289.3020       290.4601       291.1354       291.4152       291.2345       290.4567       289.4701       288.4182       287.8064    
 2199   287.6005       287.9183       288.6174       289.4930       290.6704       291.4834       291.8146       291.4742       290.9076       289.9120       288.7555       288.0521    
 2200   288.0267       288.3378       289.1104       290.2159       291.2252       291.7876       291.8317       291.5766       290.8309       289.9525       288.9626       288.2061    
 2201   287.8830       288.1417       288.6505       289.5500       290.7386       291.5153       291.6438       291.4215       290.5573       289.7751       288.6920       287.9278    
 2202   287.5876       287.8417       288.4969       289.6197       290.6183       291.2960       291.5481       291.4081       290.5658       289.5991       288.7612       287.9232    
 2203   287.6947       287.8435       288.4999       289.6174       290.7452       291.3344       291.5247       291.4607       290.5318       289.8016       288.7626       287.9748    
 2204   287.7727       287.9471       288.6027       289.6183       290.6270       291.4509       291.6049       291.3304       290.6155       289.5717       288.7124       287.8890    
 2205   287.6905       287.9727       288.6873       289.5445       290.7041       291.5116       291.7834       291.5490       290.7948       289.9396       288.8529       288.1517    
 2206   287.9316       288.2984       288.8589       289.7640       290.8080       291.5062       291.7712       291.5266       290.7135       289.8163       288.8948       287.9625    
 2207   287.7460       287.9491       288.5492       289.6285       290.7070       291.2650       291.6243       291.4391       290.6985       289.6846       288.7047       287.9243    
 2208   287.6978       287.9068       288.5251       289.5869       290.7886       291.4687       291.6122       291.4674       290.6496       289.7917       288.8704       288.0649    
 2209   287.6539       287.8886       288.4565       289.6540       290.6365       291.3965       291.6694       291.4719       290.7156       289.7944       288.9237       288.0050    
 2210   287.8661       288.1687       288.8059       289.7990       290.8169       291.4901       291.7152       291.4434       290.7266       289.7954       288.7846       288.0815    
 2211   287.7457       288.0335       288.6933       289.6916       290.6312       291.3681       291.6706       291.4718       290.6607       289.6659       288.6562       287.8763    
 2212   287.6306       287.9959       288.7784       289.7372       290.9387       291.5026       291.7501       291.4188       290.6309       289.6645       288.6695       287.9907    
 2213   287.9391       287.9715       288.7930       289.6339       290.6216       291.3191       291.5735       291.4189       290.6348       289.6856       288.8396       287.8754    
 2214   287.8264       288.0713       288.6389       289.7997       290.8936       291.4948       291.8643       291.6617       290.8708       289.9131       288.9026       288.2944    
 2215   288.0920       288.4286       288.7368       289.9377       291.0130       291.5941       291.6647       291.6105       290.7815       289.8827       288.8247       288.1107    
 2216   287.8472       287.9936       288.6863       289.6925       290.7035       291.4024       291.7196       291.3983       290.7106       289.7720       288.6945       287.8089    
 2217   287.6817       287.9479       288.5875       289.7086       290.7574       291.4928       291.7282       291.6210       290.7610       289.7924       288.8912       288.1820    
 2218   287.8737       288.2266       288.9688       289.8389       290.8120       291.5413       291.7722       291.4411       290.5496       289.6771       288.7755       287.7943    
 2219   287.6305       287.8630       288.5411       289.6194       290.7627       291.4565       291.7708       291.4428       290.5252       289.4825       288.6606       287.7392    
 2220   287.6679       287.8817       288.6271       289.6255       290.7233       291.3473       291.7291       291.4187       290.6907       289.7487       288.8671       287.9717    
 2221   287.9616       288.2945       288.8853       289.9921       291.0874       291.7070       292.0143       291.7508       290.9475       289.8819       289.0081       288.3065    
 2222   287.9887       288.0569       288.9042       289.7846       290.8604       291.4893       291.8081       291.5084       290.8138       289.6957       288.7407       287.9654    
 2223   287.8250       288.0871       288.6652       289.7436       290.8429       291.3562       291.6525       291.4750       290.7322       289.6700       288.8126       287.9467    
 2224   287.7092       288.0025       288.7184       289.7267       290.8819       291.5310       291.7967       291.6156       290.8932       289.9661       289.0618       288.1986    
 2225   288.0235       288.1726       288.8390       289.8378       290.7892       291.5758       291.8792       291.5575       290.8043       289.8403       288.8507       288.1920    
 2226   287.7227       288.1873       288.6812       289.7215       290.8397       291.5168       291.7757       291.5123       290.7936       289.8508       288.8676       288.0081    
 2227   287.8282       288.0952       288.7616       289.7070       290.8084       291.4156       291.5910       291.3109       290.6356       289.7572       288.7134       287.9417    
 2228   287.7346       288.0695       288.7706       289.7603       290.8135       291.4865       291.8799       291.6635       290.9412       290.0676       289.0584       288.2698    
 2229   288.0138       288.2326       288.9171       290.0072       290.9281       291.6074       291.8529       291.7155       290.9603       290.0224       288.9997       288.3115    
 2230   288.1372       288.2936       288.9756       290.0180       291.1491       291.7609       291.8931       291.5756       290.9308       289.9029       289.0685       288.2676    
 2231   287.8975       288.0771       288.8330       289.7607       290.8481       291.5172       291.7602       291.4966       290.8103       289.7916       288.7293       287.8885    
 2232   287.8382       288.1198       288.8691       290.0095       291.0860       291.7833       292.1274       291.8270       290.8910       289.9828       288.9576       288.1984    
 2233   287.9722       288.2764       289.0977       290.0522       291.1288       291.7151       291.8824       291.7254       290.9211       289.9186       288.8533       288.2645    
 2234   287.7983       288.0915       288.9295       289.8593       290.9470       291.5633       291.9312       291.6026       290.7648       289.9183       288.8282       287.9001    
 2235   287.7598       288.0899       288.7034       289.8206       290.9973       291.7088       292.0671       291.8453       290.9563       290.0718       289.0825       288.5224    
 2236   288.1616       288.3546       289.0494       290.0580       291.1462       291.7980       292.0824       291.8178       291.0487       290.0105       289.1421       288.3594    
 2237   288.2581       288.2295       289.0793       290.0950       291.1105       291.7822       291.8363       291.8096       291.0091       289.9151       288.9615       288.0711    
 2238   288.0065       288.0490       288.8032       289.9079       291.0244       291.6443       291.8592       291.6723       290.8528       289.8808       288.9901       288.3149    
 2239   288.0891       288.2645       288.8447       290.0018       290.9820       291.7311       291.9023       291.6892       290.8508       289.8513       288.8705       288.0615    
 2240   287.8438       288.0380       288.7568       289.8374       290.9789       291.6819       291.9967       291.6107       290.8817       289.8745       288.9679       288.1740    
 2241   287.9410       288.2087       288.8385       289.8557       290.9710       291.6818       291.9178       291.7788       291.0691       289.9576       289.0200       288.3371    
 2242   288.0125       288.2555       289.0438       290.0443       291.0984       291.7166       292.0997       291.8672       290.9682       290.0933       289.0970       288.4488    
 2243   288.1910       288.2450       289.1383       290.0156       291.2141       291.7802       291.8611       291.7381       291.0168       290.2315       289.1965       288.4023    
 2244   288.0286       288.2552       289.0812       290.0229       291.1047       291.6433       291.8929       291.5904       290.8046       289.7386       288.8151       288.1657    
 2245   287.8663       287.9181       288.6190       289.7413       290.7826       291.4669       291.7595       291.7171       290.8366       289.8659       288.8963       288.1493    
 2246   287.9071       288.1892       288.8513       289.8725       291.0240       291.7160       292.0213       291.7110       290.7843       289.8895       289.0449       288.1355    
 2247   288.0533       288.2536       288.8830       289.9699       290.9445       291.6059       291.9017       291.6060       290.8434       289.9158       289.0250       288.2428    
 2248   288.0159       288.2297       288.7372       289.7989       290.8687       291.5865       291.8660       291.7183       290.9037       289.9360       289.0095       288.2054    
 2249   287.9463       288.1524       288.7629       289.8158       291.0228       291.7169       291.9892       291.6122       290.9419       290.0504       288.9820       288.2578    
 2250   288.0111       288.2040       289.0767       289.9521       291.0960       291.8171       292.1097       291.9002       291.1390       290.1720       289.1668       288.3902    
 2251   288.2616       288.5630       289.0725       290.1366       291.0090       291.8334       292.0819       291.6526       290.8806       290.0372       288.8332       288.0384    
 2252   287.9032       288.1116       288.7617       289.8685       290.9130       291.6133       291.8401       291.5037       290.8364       289.8821       288.6488       288.0314    
 2253   287.9100       288.0938       288.7469       289.9475       290.9427       291.6943       291.9909       291.7789       290.9494       290.0211       289.0620       288.2002    
 2254   288.1170       288.4294       289.1998       290.0563       291.1660       291.8348       292.1923       291.9484       291.1690       290.2529       289.2933       288.4866    
 2255   288.2543       288.4999       288.9931       290.1467       291.2425       292.0111       292.2744       291.9539       291.1879       290.2583       289.2572       288.4264    
 2256   288.1304       288.3242       288.9626       289.9056       290.9425       291.6658       291.9467       291.6414       290.8701       290.0074       288.8871       288.3277    
 2257   287.8993       288.2086       289.0561       290.1221       291.2574       291.8396       292.0248       291.7818       290.9790       290.0850       289.2210       288.3845    
 2258   288.1504       288.3632       288.9592       290.0899       291.1714       291.7485       292.1361       291.8447       291.1923       290.1705       289.2842       288.3974    
 2259   288.2848       288.4678       289.1577       290.0577       291.0935       291.8972       292.0028       291.7237       290.9525       290.2328       289.2304       288.2612    
 2260   288.0695       288.2459       288.7943       289.8342       290.9689       291.6031       291.7841       291.5881       290.9429       289.8947       288.9679       288.1801    
 2261   288.1501       288.3294       288.9218       290.1018       291.2645       291.8572       292.1202       291.8350       291.1037       290.1678       289.2393       288.4199    
 2262   288.3539       288.4080       288.8780       290.0459       291.0935       291.8022       292.0521       291.8432       291.0181       290.0541       289.2053       288.3623    
 2263   288.2259       288.4212       289.0607       290.0756       291.1541       291.8438       292.1244       291.9135       291.0662       290.1458       289.0958       288.4750    
 2264   288.2227       288.3250       288.9781       290.0307       291.1205       291.7796       292.0672       291.9528       291.2343       290.1494       289.0802       288.3178    
 2265   288.1236       288.4040       288.9257       289.8840       290.9112       291.6295       291.9943       291.5767       290.6974       289.8228       288.9024       288.0416    
 2266   287.9163       288.2699       288.7808       289.9072       291.0238       291.7155       291.9545       291.6967       291.0367       290.0616       289.0628       288.3368    
 2267   288.0639       288.3210       289.1819       290.0987       291.0978       291.8115       292.1003       291.8581       291.1317       290.1151       289.1408       288.5435    
 2268   288.1968       288.4101       288.8962       289.9860       291.0872       291.6190       291.9214       291.7291       291.0230       290.1270       289.1246       288.4775    
 2269   288.1387       288.3630       288.9388       289.9736       291.1080       291.6512       292.0521       291.8268       290.9846       290.1464       289.2681       288.6707    
 2270   288.4520       288.6289       289.1908       290.2406       291.3015       291.9965       292.3078       292.0352       291.1270       290.2002       289.1933       288.4483    
 2271   288.2943       288.5857       289.0116       290.0020       291.1684       291.9238       292.1616       291.8946       291.1741       290.2090       289.2298       288.4931    
 2272   288.1602       288.5334       289.0995       289.9489       291.2061       291.7264       291.9783       291.7519       291.1075       290.0338       289.1187       288.3743    
 2273   288.2465       288.4867       289.0532       290.0769       291.0910       291.7213       292.0766       291.8280       291.0619       290.1162       289.1351       288.2575    
 2274   287.8596       288.2809       289.1432       289.8661       291.0492       291.7764       291.9864       291.7678       290.9238       290.0620       289.2246       288.6253    
 2275   288.5215       288.6248       289.2807       290.3417       291.3640       291.9466       292.1331       291.8752       291.2194       290.3053       289.3485       288.6001    
 2276   288.3081       288.5507       289.1862       290.3869       291.4257       291.9814       292.1590       291.9427       291.1911       290.3169       289.2105       288.4238    
 2277   288.3770       288.5110       289.1124       290.0626       291.1683       291.9512       292.0938       291.9081       291.0723       290.0923       289.2209       288.5189    
 2278   288.2958       288.4876       289.1442       289.9540       291.1439       291.8899       292.2018       291.8914       291.1482       290.3066       289.3396       288.6339    
 2279   288.5007       288.6060       289.0619       290.2101       291.2090       291.9917       292.1575       291.8270       291.2915       290.2755       289.2069       288.4556    
 2280   288.2610       288.5821       289.1085       290.2613       291.4120       292.1096       292.4958       292.0693       291.3349       290.4001       289.3831       288.3545    
 2281   288.2559       288.4411       289.1249       290.2638       291.3825       291.9848       292.2779       292.0803       291.2129       290.1586       289.2424       288.5275    
 2282   288.3575       288.2549       288.9955       289.9944       291.1060       291.7739       292.2441       291.8892       291.0723       290.1950       289.2466       288.3234    
 2283   288.1797       288.4590       288.9920       290.1098       291.2253       291.8065       292.1887       292.0608       291.1935       290.2975       289.1866       288.5487    
 2284   288.2502       288.4312       289.1885       290.0372       291.2319       291.8416       292.1241       291.8369       291.1711       290.3555       289.3960       288.4210    
 2285   288.2596       288.6260       289.3476       290.4032       291.4339       292.0429       292.3205       292.0459       291.2882       290.3130       289.2757       288.5505    
 2286   288.4212       288.5343       289.1396       290.2038       291.3153       291.9506       292.2095       292.0020       291.1754       290.2465       289.2799       288.5473    
 2287   288.2434       288.5411       289.1887       290.2029       291.5013       291.9940       292.2817       292.0945       291.2099       290.3397       289.3163       288.6073    
 2288   288.2806       288.6839       289.2701       290.2450       291.3356       291.9462       292.1830       291.9318       291.2968       290.2444       289.3621       288.7905    
 2289   288.3616       288.7268       289.3086       290.2894       291.4463       292.0244       292.3311       292.1216       291.5300       290.3599       289.3584       288.7024    
 2290   288.6125       288.7402       289.3780       290.3833       291.3343       291.9877       292.2436       292.0579       291.3523       290.3513       289.3708       288.6399    
 2291   288.4939       288.5202       289.1966       290.1031       291.2472       291.8525       292.0721       291.9605       291.1103       290.2804       289.3769       288.6237    
 2292   288.2872       288.5070       289.1151       290.2572       291.3593       292.0125       292.2764       291.9676       291.2424       290.2322       289.4085       288.5536    
 2293   288.4468       288.7087       289.4165       290.3417       291.3695       292.0811       292.3694       292.1075       291.3213       290.3040       289.2900       288.5864    
 2294   288.3501       288.4658       289.1778       290.1543       291.2598       291.8617       292.0706       291.8032       291.0913       290.1615       289.1319       288.3591    
 2295   288.0269       288.3243       288.9800       290.0466       291.1727       291.7377       292.0151       291.7837       291.0877       290.1099       289.2611       288.3847    
 2296   288.2224       288.2767       289.1315       290.0211       291.1482       291.8861       292.0934       291.8494       291.1636       290.2253       289.2801       288.4398    
 2297   288.1119       288.3484       289.0150       290.1040       291.2185       291.7990       292.1898       292.0305       291.2317       290.2394       289.1829       288.3397    
 2298   288.3078       288.5730       289.1341       290.1745       291.3152       291.9864       292.2834       292.0825       291.2812       290.2818       289.3111       288.5440    
 2299   288.2933       288.3857       289.4198       290.1362       291.2696       291.8658       292.3169       291.9849       291.2101       290.1260       289.1987       288.7125    
 2300   288.2726       288.5314       289.1682       290.2527       291.2365       291.9568       292.2134       292.1572       291.3746       290.4020       289.3822       288.4981    
