# <a href=http://cmip-pcmdi.llnl.gov/cmip5/>CMIP5</a> global mean temperature computed at <a href=http://www.knmi.nl/selectfield_cmip5.cgi?someone@somewhere>KNMI Climate Explorer</a> tas_Amon_CanESM2_rcp85_r2i1p1
# tas [K] from CanESM2 model output prepared for CMIP5 RCP8.5 r2i1p1
# cutting out region lon=   -1.406  358.594, lat=  -89.247   89.247
 1850   285.1247       285.4155       286.0158       286.9156       287.8680       288.7184       288.9591       288.5607       287.8680       286.7719       285.7231       284.9084    
 1851   284.5518       284.9826       285.7276       286.7148       287.7699       288.3799       288.8847       288.4532       287.4613       286.6764       285.7098       285.1049    
 1852   284.7224       285.0647       285.7106       286.8507       287.7905       288.5385       288.9821       288.6994       287.7210       286.7432       285.8438       285.0565    
 1853   284.9484       285.1589       285.8347       286.9613       287.9110       288.5905       289.0000       288.6671       287.8293       287.0008       285.9856       285.2923    
 1854   285.0832       285.0398       285.8203       286.9295       287.8421       288.5065       288.9816       288.5691       287.6732       286.6877       285.8725       285.1221    
 1855   284.9617       285.2126       285.9480       286.8458       288.0560       288.7573       289.1817       288.8234       288.0077       286.8788       285.9227       285.1671    
 1856   284.7725       284.9789       285.9557       286.8628       287.6136       288.3715       288.8169       288.6362       287.6651       286.6035       285.4760       284.6115    
 1857   284.2974       284.7465       285.6399       286.5760       287.5464       288.2746       288.6320       288.4933       287.6537       286.4529       285.5428       285.0256    
 1858   284.7036       284.8874       285.8230       286.7578       287.7592       288.3351       288.6318       288.4356       287.7141       286.8608       285.7567       284.8281    
 1859   284.6306       285.0729       285.5994       286.9112       287.8046       288.5639       288.8466       288.5499       287.7917       286.7699       285.6953       285.0399    
 1860   284.8794       285.0804       285.8283       286.9955       287.6418       288.3768       288.7494       288.4925       287.6474       286.7021       285.8262       285.0385    
 1861   284.9174       284.8877       285.5334       286.6658       287.6541       288.3043       288.8257       288.4417       287.6970       286.8394       285.9429       285.1145    
 1862   284.8879       284.9849       285.9110       286.9144       287.8212       288.5550       288.9074       288.7231       287.8105       286.8470       285.9245       285.2734    
 1863   284.8190       285.3456       285.9381       286.9476       287.7345       288.4989       288.9525       288.7750       287.6716       286.7433       285.8194       285.1896    
 1864   284.8000       284.9030       285.4949       286.6264       287.6029       288.4469       288.8004       288.4358       287.7391       286.6153       285.6916       284.8700    
 1865   284.5835       285.0695       285.8259       286.8008       287.8689       288.5879       288.8787       288.6685       287.7249       286.8217       285.9193       285.1873    
 1866   284.8202       285.0963       285.7974       286.7628       287.7593       288.5053       288.8408       288.6197       287.7279       286.7593       285.8644       285.0654    
 1867   284.8929       284.9406       285.7697       286.7018       287.6680       288.3063       288.6967       288.5377       287.7845       286.7466       285.7987       285.0256    
 1868   284.8549       285.1105       285.8853       286.8422       287.7550       288.6458       288.8818       288.7325       287.8562       286.7318       285.8004       285.1746    
 1869   285.1090       285.5238       285.8750       286.9487       287.9022       288.7218       288.9933       288.7117       287.8989       286.9886       286.2113       285.4916    
 1870   285.3884       285.2412       285.9969       287.0602       288.1260       288.7288       289.0157       288.7300       287.8183       286.8139       285.7671       285.3956    
 1871   285.1904       285.1239       285.8268       286.9520       287.8189       288.6310       288.9627       288.6398       287.8742       286.5636       285.5523       284.9017    
 1872   284.6374       284.8376       285.6439       286.6154       287.7227       288.4821       289.0082       288.7054       287.7423       286.9135       285.8905       285.0352    
 1873   284.9173       285.2664       285.8406       287.0303       287.8184       288.5126       288.8796       288.6272       287.9284       286.9097       286.3275       285.5202    
 1874   285.1235       285.5717       286.3139       287.2372       288.0780       288.7058       289.1709       288.9326       287.9838       287.1478       286.0598       285.2548    
 1875   284.8316       285.1904       285.7247       286.8060       287.9418       288.5001       288.9628       288.7707       287.7217       286.7815       285.7738       285.0844    
 1876   285.2111       285.5168       286.0330       286.9724       287.8712       288.8598       289.0695       289.0080       288.0880       287.2307       286.2469       285.4197    
 1877   285.3647       285.3209       286.2643       287.1924       288.0045       288.6856       288.9376       288.7286       287.9622       286.8476       285.7372       285.1896    
 1878   284.7698       285.2226       285.9607       286.9169       287.7380       288.4522       288.9147       288.6884       287.8876       286.9492       285.8202       285.2838    
 1879   284.9147       285.1076       285.8804       286.8838       287.9240       288.6982       288.9849       288.5933       287.7236       286.6626       285.9551       284.9763    
 1880   284.7695       285.0674       285.7677       286.8383       287.8273       288.5148       288.8995       288.6310       287.8367       286.9422       285.8649       285.2617    
 1881   285.0743       285.4224       286.0921       287.0479       288.0212       288.6825       289.0474       288.9476       287.9053       286.8120       285.8712       285.1736    
 1882   285.0030       285.1937       286.1384       286.9559       287.8166       288.6599       288.8885       288.6862       287.9022       286.8458       285.9196       285.2185    
 1883   284.8707       285.2639       285.7670       286.6326       287.7220       288.5512       289.0486       288.5191       287.8761       286.8181       285.7796       284.9533    
 1884   284.5531       284.9136       285.5789       286.6653       287.5577       288.4757       288.7452       288.3934       287.5709       286.6164       285.6103       285.0275    
 1885   284.9809       285.1877       285.7735       286.7327       287.6422       288.4589       288.7198       288.3049       287.2272       286.3051       285.2210       284.5595    
 1886   284.2918       284.4096       285.3299       286.4887       287.6186       288.2296       288.6765       288.2007       287.3600       286.4849       285.6116       285.0260    
 1887   284.7390       284.8348       285.6940       286.8300       287.7795       288.4685       288.7642       288.4359       287.6074       286.6360       285.6882       284.7159    
 1888   284.7814       284.9003       285.6650       286.8127       287.6013       288.4248       288.8243       288.5746       287.7074       286.6288       285.7168       285.1848    
 1889   284.6681       285.2640       286.1655       286.8590       287.9018       288.5911       288.8613       288.6500       287.7823       286.7588       285.8763       285.2034    
 1890   284.9028       285.0084       285.8789       286.7741       287.6797       288.3590       288.8025       288.2635       287.4889       286.7270       285.6501       284.7485    
 1891   284.4818       284.8580       285.4236       286.4233       287.5191       288.1740       288.4985       288.3607       287.4020       286.4920       285.5678       284.7500    
 1892   284.4976       284.7177       285.5428       286.5740       287.6503       288.2682       288.5771       288.4471       287.5097       286.5648       285.5305       285.0774    
 1893   284.8802       285.0256       285.8246       287.0114       287.7839       288.6679       288.9118       288.6897       287.8420       286.8404       286.0904       285.3568    
 1894   285.2180       285.2688       285.9356       286.8364       287.7494       288.4453       288.8433       288.5914       287.8322       286.6615       285.6825       284.7176    
 1895   284.5643       284.6447       285.7254       286.7351       287.5414       288.4963       288.8404       288.4177       287.7574       286.6927       285.7601       285.1340    
 1896   284.8224       285.0453       285.4922       286.6653       287.8833       288.5336       288.7997       288.5239       287.4722       286.8554       285.7102       284.8803    
 1897   284.7527       285.0773       285.6847       286.6411       287.7086       288.3433       288.6898       288.4256       287.5565       286.7148       285.7914       285.1100    
 1898   284.9311       285.4580       286.2088       287.1062       287.9182       288.7085       289.0384       288.7755       287.9123       286.9097       286.0727       285.2574    
 1899   284.9266       285.3602       285.9236       286.7618       287.8508       288.4938       288.8329       288.4670       287.5196       286.5679       285.5594       284.8423    
 1900   284.7395       284.7463       285.6324       286.5327       287.6869       288.3611       288.5861       288.3416       287.5912       286.8423       285.9005       285.0380    
 1901   284.8873       284.8221       285.7476       286.6733       287.7677       288.4813       288.9097       288.6223       287.6756       286.8533       285.6893       285.3203    
 1902   284.8919       285.1609       285.8941       286.9071       287.8469       288.4870       288.9767       288.5161       287.8038       286.7903       285.8697       284.9285    
 1903   284.8011       284.9593       285.7357       286.5785       287.5799       288.2679       288.5679       288.4040       287.4195       286.6251       285.7732       285.1906    
 1904   284.9065       285.4025       285.8981       286.8177       287.7787       288.4879       288.8282       288.5066       287.6715       286.6609       285.7309       285.1150    
 1905   284.7024       284.8737       285.6536       286.8783       287.7546       288.4584       288.8450       288.5173       287.7462       286.8165       285.9352       285.3289    
 1906   284.8124       285.0687       285.8954       286.8237       287.7586       288.4901       288.7061       288.5916       287.5226       286.4906       285.6830       284.8723    
 1907   284.8653       285.2235       285.7880       286.9347       287.8558       288.7456       288.9405       288.7507       287.8544       287.0119       286.1864       285.4775    
 1908   285.1058       285.3078       286.0220       286.9642       287.8752       288.6864       288.8263       288.5987       287.6983       286.6767       285.7061       284.8073    
 1909   284.4525       284.7616       285.3741       286.5241       287.6116       288.3033       288.6991       288.4610       287.4149       286.6326       285.7372       284.9482    
 1910   284.5225       285.1169       286.0157       286.7529       287.8078       288.4244       288.9178       288.6299       287.8269       286.8423       286.0414       285.4388    
 1911   285.0771       285.2168       286.0562       287.1992       287.9218       288.7158       289.0285       288.8053       287.7971       287.0294       286.1144       285.3081    
 1912   285.2075       285.0994       286.1360       286.9691       287.9745       288.6971       288.9763       288.5912       287.7068       286.7226       285.9419       285.3053    
 1913   285.0369       285.2547       286.0164       287.0115       288.0354       288.7702       289.0162       288.6541       288.0980       286.8752       285.9162       285.2951    
 1914   284.8711       285.1061       285.9392       286.9579       287.9139       288.6178       288.9004       288.5914       287.6378       286.5924       285.9252       285.2440    
 1915   284.8502       285.1333       285.6493       286.7985       287.7593       288.5250       289.0125       288.7550       287.8465       286.7736       285.9408       285.2114    
 1916   284.8009       285.1777       285.9378       286.8333       287.9709       288.7087       289.0236       288.6074       287.8408       286.8526       285.6764       285.1319    
 1917   284.8295       284.9465       285.7258       286.6022       287.7636       288.6358       289.0002       288.8395       287.7955       286.9239       285.8325       284.9919    
 1918   285.1649       285.4084       285.9028       287.0354       288.0449       288.6468       288.9733       288.8487       287.8761       287.2289       286.1743       285.4376    
 1919   285.0750       285.3875       286.0117       287.1400       288.0580       288.8391       289.3496       288.8995       287.9299       286.9435       285.8907       285.1925    
 1920   285.0099       285.6015       286.2437       287.0385       287.9017       288.6064       288.9225       288.8102       287.8498       286.9256       285.9926       285.2589    
 1921   285.0535       285.1454       285.8699       286.9688       287.9076       288.6841       289.2077       288.8558       287.8256       286.9869       286.1259       285.4191    
 1922   285.2541       285.3781       286.0917       287.1393       287.9974       288.8048       289.2228       288.9817       288.0953       287.1877       286.1785       285.7637    
 1923   285.5082       285.6300       286.5861       287.4326       288.3194       289.1310       289.3140       288.9937       288.0591       286.9977       286.0047       285.2433    
 1924   285.1865       285.2661       286.0591       286.9978       287.7427       288.5555       288.7994       288.7278       287.7399       286.8215       285.7420       285.0139    
 1925   284.6497       284.8594       285.7194       286.6331       287.8441       288.5662       288.8883       288.6614       287.6650       286.6364       285.7678       285.1843    
 1926   285.2827       285.1761       285.9214       287.1588       288.1330       288.9897       289.2637       289.0237       288.0229       287.0511       286.1562       285.5032    
 1927   285.4939       285.3214       286.0252       287.0019       287.9695       288.8425       289.0024       288.7809       287.8375       286.8877       286.0572       285.0290    
 1928   285.0323       285.1226       285.6370       286.6109       287.7290       288.6261       288.8152       288.6659       287.7465       286.9942       285.6955       285.2201    
 1929   284.7194       285.2429       285.7920       286.9738       287.6998       288.5259       288.8685       288.6061       287.6456       286.7430       285.8715       284.9153    
 1930   284.8857       285.0632       285.9224       286.8264       287.8337       288.6421       288.8370       288.7699       287.7314       286.8581       285.7848       285.0526    
 1931   284.8326       285.1248       286.1391       286.9239       287.7935       288.6485       289.0400       288.6868       287.9762       286.8701       285.9393       285.4823    
 1932   284.9467       285.3003       285.9721       287.0395       287.9705       288.7489       289.0368       288.7515       287.7784       286.8671       285.8293       285.1962    
 1933   285.2639       285.1858       285.7579       286.9229       287.9068       288.6740       289.0392       288.8896       288.0703       286.9287       285.9007       285.0912    
 1934   284.7711       285.1910       285.8641       286.9479       287.8955       288.7209       289.0179       288.6872       287.9939       286.7673       285.9339       285.2150    
 1935   285.1705       285.1858       285.9286       287.0641       287.9311       288.8129       289.0232       288.6606       287.8749       286.9710       285.9413       285.3705    
 1936   285.0420       285.3135       286.1994       287.0062       287.9647       288.7027       289.1160       288.8389       287.9835       287.0908       286.0165       285.4154    
 1937   285.1727       285.3301       286.0279       287.2430       288.2449       288.8792       289.0189       288.8319       287.9464       287.1815       286.2331       285.3193    
 1938   284.9959       285.4259       286.0513       287.0903       287.9407       288.6053       289.0366       288.9135       287.9815       287.1335       286.0883       285.3976    
 1939   285.4637       285.3151       286.2913       287.3040       288.1451       288.9556       289.1410       288.9865       288.0669       287.0871       286.3341       285.4164    
 1940   285.2556       285.4110       285.9852       287.1341       288.1793       288.9338       289.1725       288.8849       288.1011       287.0508       286.1476       285.4444    
 1941   285.2437       285.5634       286.1357       287.0219       288.0708       288.8323       289.2039       288.8545       288.0488       287.0798       286.0383       285.2334    
 1942   284.9526       285.2838       285.8748       286.9237       288.0416       288.7128       289.1893       288.8828       288.1559       287.0994       286.3181       285.7292    
 1943   285.7302       285.8703       286.5421       287.4275       288.4785       289.1420       289.4235       289.0884       288.0821       287.1891       286.3030       285.4143    
 1944   285.2174       285.2937       285.9933       287.0090       288.0118       288.6475       289.0982       288.7711       287.9077       286.9052       286.0811       285.3620    
 1945   285.0882       285.1188       285.9774       287.0852       287.9644       288.6795       289.0451       288.7574       287.8779       287.1214       286.0636       285.2027    
 1946   284.9408       285.2347       285.9967       287.0618       288.0193       288.7737       288.9603       288.8410       288.0948       287.0538       286.3489       285.4983    
 1947   285.2926       285.3727       286.0551       287.1171       288.0880       288.8197       288.9775       288.8994       288.2004       287.1092       286.1191       285.4637    
 1948   285.2423       285.2972       286.0047       287.0454       288.0106       288.8361       288.9727       288.7220       287.8146       286.8015       285.9702       285.1168    
 1949   284.9309       285.2407       286.0896       287.0228       288.0076       288.7687       289.2317       288.9460       288.0580       287.0958       286.3315       285.6309    
 1950   285.3597       285.4226       286.2098       287.2015       288.2002       288.9334       289.3127       288.9608       288.0119       286.9464       286.1488       285.2655    
 1951   285.0991       285.1999       286.2072       287.2224       288.2036       288.9488       289.3937       288.9885       288.0892       287.1884       286.2202       285.4828    
 1952   285.1789       285.2363       286.1269       287.0208       287.9617       288.6001       289.0605       288.7452       287.8842       286.9816       286.2104       285.0938    
 1953   285.0708       285.3944       286.0586       287.0641       288.0301       288.7816       289.1376       288.9169       288.0547       286.9015       285.8649       285.3380    
 1954   285.1372       285.3027       285.9917       287.0332       287.9138       288.8079       289.2667       288.9200       287.9187       286.9421       285.8344       285.2805    
 1955   285.1687       285.3206       286.2823       287.0996       288.1835       288.9587       289.3009       288.8014       288.1135       286.9446       285.9810       285.3019    
 1956   284.9439       284.9929       285.8666       287.0016       287.8658       288.8063       289.0118       288.6971       287.9593       286.8229       285.8855       285.3755    
 1957   285.1229       285.3764       286.0220       287.0514       287.9500       288.7605       289.2146       288.8209       288.0598       287.2661       286.1573       285.0525    
 1958   284.9755       285.1823       286.1854       287.1416       288.1324       288.8037       289.2628       288.7292       288.1226       287.1595       286.1596       285.1263    
 1959   285.2766       285.3930       286.1282       287.1791       288.1447       288.8181       289.1111       288.9345       288.0201       287.1743       286.0795       285.3539    
 1960   285.0228       285.4624       286.0526       287.2074       288.3056       289.1625       289.2170       289.0614       288.1783       287.4282       286.4533       285.5698    
 1961   285.3336       285.7012       286.3768       287.2938       288.1786       288.9696       289.2590       288.7953       288.0297       287.1241       286.2057       285.3227    
 1962   285.0989       285.3162       285.9265       286.9034       287.7655       288.5721       289.0224       288.6718       287.7577       286.7343       285.8276       284.9430    
 1963   284.7234       285.1575       285.8683       286.7596       287.7375       288.6627       289.0920       288.8361       287.9022       287.0641       286.0116       285.3224    
 1964   285.2429       285.5224       286.3584       287.1089       288.1141       288.7080       289.1212       288.7442       287.8976       286.8477       285.8655       284.9577    
 1965   284.6723       284.9737       285.6742       286.6513       287.6424       288.4974       288.7385       288.4504       287.5600       286.7604       285.6659       284.8297    
 1966   284.7161       284.7882       285.8046       286.7482       287.7107       288.3980       288.7473       288.3622       287.7726       286.7794       285.8239       285.0016    
 1967   284.8517       285.2841       285.7494       286.7345       287.6713       288.4948       288.8816       288.5987       287.7350       286.8058       285.8077       285.2345    
 1968   284.9890       285.2816       285.8797       286.8492       287.7955       288.5608       288.8497       288.5246       287.6214       286.5100       285.8258       284.9717    
 1969   284.5886       285.0425       285.5599       286.7560       287.6935       288.3580       288.6183       288.3036       287.6163       286.5188       285.5480       284.9207    
 1970   284.6792       284.8513       285.6629       286.7560       287.8188       288.5457       289.0042       288.6315       287.8597       286.7576       285.8495       285.1828    
 1971   284.9635       285.3976       286.0611       287.0864       288.0290       288.6871       288.9903       288.6888       287.7963       286.7769       285.7218       284.7699    
 1972   284.6443       284.9396       285.6290       286.8627       287.8263       288.7566       288.8826       288.7651       287.7121       286.8290       285.9185       285.0691    
 1973   285.1491       285.3924       286.0444       287.0446       288.0189       288.8773       289.3127       288.8479       287.9661       286.9240       285.9860       285.4003    
 1974   284.9672       285.1386       286.0245       286.8177       288.0032       288.7689       288.9847       288.7463       287.9011       286.9978       285.8890       285.2533    
 1975   284.9586       285.1948       285.9349       286.9770       287.9021       288.5514       288.8127       288.6541       287.8323       286.8303       285.9674       285.3114    
 1976   285.1445       285.3513       286.0445       287.1917       288.0794       288.9301       289.0726       288.7773       288.0106       286.8960       286.0196       285.5119    
 1977   285.3568       285.2606       285.9787       287.0796       288.0324       288.6144       289.0408       288.6811       287.7642       287.0179       285.9232       285.3737    
 1978   285.3207       285.6720       286.2277       287.0010       287.9076       288.6104       289.0409       288.8741       288.0020       287.0139       285.7968       285.1725    
 1979   285.2255       285.2209       285.9564       286.9855       288.0054       288.7521       289.1096       288.7788       288.0016       287.1823       286.0700       285.3185    
 1980   285.2830       285.5681       286.3593       287.2957       288.0665       288.9969       289.2444       289.0326       288.1081       287.2971       286.5096       285.7409    
 1981   285.6237       285.9009       286.5856       287.5941       288.4599       289.1139       289.3503       289.0462       288.2239       287.1347       286.3839       285.6502    
 1982   285.2314       285.2849       286.2020       287.1639       288.1566       288.9055       289.1728       288.8366       287.8739       286.9208       285.9520       285.2575    
 1983   285.0875       285.3315       286.0022       287.0165       288.0198       288.6597       289.1288       288.7672       288.0089       287.0320       286.0105       285.3300    
 1984   285.2899       285.6180       286.2786       287.1047       288.2150       288.7929       289.0138       288.8371       287.9119       287.0655       286.0463       285.3530    
 1985   285.0677       285.4131       286.0170       286.9637       288.1607       288.9777       289.3482       288.9756       288.1551       287.3607       286.3634       285.5171    
 1986   285.4259       285.7573       286.3362       287.3631       288.4411       289.1656       289.6038       289.1632       288.3721       287.3340       286.3499       285.9242    
 1987   285.5126       285.9942       286.4070       287.5707       288.4231       289.0725       289.5016       289.1897       288.4070       287.2052       286.3508       285.5450    
 1988   285.3474       285.5923       286.1712       287.5594       288.5655       289.4609       289.7335       289.2596       288.5558       287.3725       286.8018       285.6907    
 1989   285.6375       285.8715       286.4884       287.4458       288.3546       289.0038       289.4300       289.1660       288.2902       287.3342       286.5095       285.6490    
 1990   285.2717       285.7366       286.3060       287.3857       288.3369       289.0426       289.4001       289.1967       288.3525       287.4030       286.4905       285.8230    
 1991   285.7069       286.0177       286.9505       287.8448       288.6888       289.3393       289.6742       289.4481       288.3651       287.4363       286.4033       285.7253    
 1992   285.3592       285.7493       286.2830       287.2731       288.1749       288.9075       289.3503       288.9427       288.1304       287.3378       286.3758       285.5587    
 1993   285.3266       285.8246       286.3607       287.4210       288.3409       289.0845       289.3142       288.9607       288.1276       287.0080       286.2148       285.3342    
 1994   285.1396       285.3579       286.0124       287.2536       288.1989       288.8784       289.1429       288.8754       288.0963       287.2328       286.2805       285.4586    
 1995   285.4668       285.6553       286.4128       287.5451       288.3777       289.2732       289.5756       289.1552       288.4182       287.5021       286.6721       286.0642    
 1996   285.7036       285.7313       286.3865       287.4002       288.6108       289.4688       289.7530       289.3682       288.4535       287.3705       286.3651       285.6479    
 1997   285.3316       285.7824       286.3106       287.5326       288.3380       289.2832       289.6745       289.3820       288.4773       287.5250       286.6094       285.7841    
 1998   285.8013       286.0270       286.7550       287.6885       288.6654       289.6151       289.8892       289.6122       288.6843       287.7129       286.7634       286.1023    
 1999   285.7424       285.9755       286.6174       287.6297       288.6836       289.5321       289.8881       289.6513       288.7712       287.8221       286.8879       286.1801    
 2000   285.7183       285.9116       286.6386       287.8209       288.8052       289.3729       289.8973       289.6335       288.6699       287.8004       286.7473       286.0297    
 2001   285.6906       286.1138       286.7811       287.5849       288.6458       289.3964       289.8150       289.5085       288.5245       287.7006       286.4734       285.8000    
 2002   285.6072       285.8869       286.4083       287.5955       288.5867       289.3497       289.7880       289.5068       288.6604       287.6552       286.8182       286.1282    
 2003   285.9575       286.2570       286.9354       287.9383       288.7991       289.6523       290.1202       289.8185       288.8611       287.8617       286.9043       286.2715    
 2004   285.9674       286.3748       286.7795       287.7924       288.8531       289.7643       290.2065       289.8677       288.9972       287.9503       286.9464       286.4209    
 2005   286.0295       286.2836       286.9453       287.9477       288.9451       289.8267       290.1291       289.8683       289.0361       287.9574       287.0236       286.1326    
 2006   286.0004       286.4196       286.8276       287.8267       288.8864       289.7125       290.1785       289.8460       289.0126       288.1342       286.9872       286.2817    
 2007   286.1277       286.2259       286.8477       287.9104       288.7780       289.4887       289.8396       289.6654       288.8384       287.9047       287.0406       286.2007    
 2008   285.9395       286.0842       286.7722       287.8618       288.8656       289.6784       290.1020       289.7064       288.7767       287.8503       287.0665       286.2974    
 2009   285.9389       285.9418       286.8722       288.0423       289.0585       289.8257       290.0706       289.9518       289.0302       288.1481       287.3571       286.5963    
 2010   286.0849       286.2408       286.9681       288.0552       289.0954       289.8936       290.2271       289.9356       289.0906       288.1253       287.2004       286.4850    
 2011   286.3500       286.6005       287.1776       288.1318       289.0661       289.9156       290.3568       290.0930       289.0983       288.2742       287.3991       286.6373    
 2012   286.2753       286.6616       287.3929       288.3973       289.3442       290.1946       290.4408       290.2280       289.1794       288.2693       287.3931       286.7052    
 2013   286.5211       286.6330       287.3625       288.4073       289.3076       290.0406       290.3259       290.0696       289.3369       288.4001       287.5274       286.7125    
 2014   286.5612       286.6922       287.3921       288.3722       289.4236       290.0759       290.4802       290.3001       289.3498       288.4291       287.3829       286.8488    
 2015   286.5201       286.5046       287.2701       288.2744       289.2902       290.0459       290.4971       290.2603       289.3359       288.5080       287.7735       286.7889    
 2016   286.5509       286.7497       287.2053       288.4471       289.3000       290.1243       290.5958       290.1082       289.2547       288.2199       287.3537       286.4443    
 2017   286.0730       286.5800       287.1107       288.1276       289.0685       289.9911       290.2332       290.0895       289.3183       288.2994       287.2957       286.4744    
 2018   286.2207       286.5872       287.1861       288.3192       289.1662       289.9413       290.3339       290.0855       289.2073       288.4071       287.5364       286.7051    
 2019   286.4272       286.7298       287.3044       288.5512       289.3338       290.2343       290.5606       290.4390       289.6277       288.4990       287.4987       286.8148    
 2020   286.7410       286.7678       287.4537       288.3820       289.3049       290.2443       290.6236       290.4030       289.6053       288.6847       287.8481       287.0986    
 2021   286.7557       286.9863       287.7250       288.5713       289.6087       290.1649       290.5366       290.2437       289.4813       288.5386       287.5359       286.6856    
 2022   286.6161       286.9037       287.4094       288.5079       289.5175       290.4573       290.6732       290.3662       289.4445       288.5929       287.8182       286.8459    
 2023   286.6677       286.7853       287.4807       288.4997       289.4690       290.2236       290.7538       290.3262       289.5116       288.5160       287.7612       287.1307    
 2024   286.5683       287.0694       287.5739       288.6845       289.6241       290.4289       290.8061       290.6049       289.6401       288.6579       287.8664       287.1906    
 2025   286.9637       286.9988       287.5777       288.8175       289.8357       290.5024       290.9884       290.6165       289.9154       288.9568       287.9440       287.0862    
 2026   286.6016       286.9220       287.6929       288.5701       289.4619       290.4502       290.8152       290.4798       289.6208       288.8034       287.7410       287.0923    
 2027   287.1350       287.2046       287.6773       288.7175       289.7477       290.6612       291.1114       290.8459       290.0010       289.0218       288.0599       287.3200    
 2028   286.9781       287.2500       288.1407       289.0200       289.8954       290.6207       291.0658       290.8366       289.9916       288.9529       288.0945       287.3358    
 2029   286.9956       287.0277       287.6306       288.6725       289.6166       290.4290       290.7106       290.5818       289.7633       288.7157       287.9798       287.1562    
 2030   286.9757       287.0156       287.8023       288.5880       289.6328       290.3964       290.7589       290.5308       289.9095       288.8970       288.0420       287.1804    
 2031   286.7652       287.1743       287.8190       288.8127       289.8500       290.6273       291.0661       290.8828       289.7283       288.7164       288.0583       287.2616    
 2032   287.1382       287.1873       287.8166       288.7006       289.7534       290.6429       291.0987       290.8554       289.8886       289.0370       288.1960       287.6736    
 2033   287.3214       287.6251       288.0923       289.1213       290.0958       290.7700       291.2461       290.9203       290.0466       288.9695       288.1972       287.5566    
 2034   287.0963       287.4867       287.8620       288.9807       290.0322       290.7357       291.1574       290.8826       290.0341       289.1005       288.3430       287.4637    
 2035   287.2402       287.4490       288.1381       289.1168       289.8911       290.6277       291.0182       290.8976       290.1869       289.1696       288.0397       287.6162    
 2036   287.3935       287.4878       288.1190       289.0498       290.1446       290.9918       291.2998       291.0848       290.2530       289.4006       288.5128       287.8060    
 2037   287.6858       287.8382       288.3213       289.2619       290.3442       291.0813       291.5640       291.3274       290.3609       289.2281       288.4320       287.8048    
 2038   287.2750       287.4835       288.0067       289.0649       290.0539       290.8124       291.3000       291.0779       290.1487       289.0887       288.4264       287.5079    
 2039   287.1418       287.3473       288.0530       289.0324       289.9213       290.7811       291.1368       291.0020       290.0001       289.1120       288.3115       287.7531    
 2040   287.4252       287.7234       288.2771       289.1915       290.1062       291.0773       291.4612       291.1806       290.2994       289.3788       288.5823       287.8415    
 2041   287.4024       287.7473       288.2469       289.3668       290.1997       290.9864       291.3915       291.0877       290.3427       289.2881       288.5378       287.7860    
 2042   287.5037       287.6967       288.4993       289.3326       290.1744       291.0823       291.4430       291.2859       290.4296       289.2359       288.5603       287.7266    
 2043   287.4167       287.6242       288.3488       289.2784       290.2596       290.9818       291.3939       291.1160       290.4587       289.4075       288.8546       287.9592    
 2044   287.5912       288.0821       288.5226       289.3916       290.4650       291.2133       291.6174       291.5097       290.7017       289.6366       288.9426       288.3327    
 2045   287.8101       287.7653       288.3859       289.5100       290.5258       291.2551       291.7170       291.3212       290.5634       289.5466       288.7076       287.9034    
 2046   287.5364       287.5848       288.3108       289.3792       290.3951       291.2547       291.7064       291.4977       290.5471       289.6899       289.0207       288.4971    
 2047   287.8379       288.0794       288.7637       289.7513       290.6941       291.5177       291.9717       291.6717       290.7997       289.7370       288.9113       288.2568    
 2048   288.0067       288.1668       288.5945       289.6458       290.6963       291.4929       291.9007       291.5510       290.8216       289.8820       288.9660       288.4086    
 2049   288.2116       287.9013       288.7659       289.7458       290.6076       291.5578       291.9904       291.7293       290.8024       289.9449       288.8905       288.2824    
 2050   287.9955       288.1879       288.8674       289.7454       290.6635       291.4370       291.9387       291.7301       290.8017       289.8447       289.1891       288.3474    
 2051   288.1111       288.0984       288.7526       289.8062       290.7415       291.6961       292.0725       291.8468       290.9018       290.0072       289.1594       288.5638    
 2052   288.1425       288.3468       288.8271       289.8205       290.8210       291.5787       292.0984       291.9279       290.8985       289.8577       289.0684       288.2206    
 2053   287.7285       288.0563       288.6087       289.6421       290.6151       291.4947       292.0422       291.8027       290.9170       290.0569       289.2329       288.7118    
 2054   288.2502       288.2303       288.9103       289.7726       290.8143       291.7686       292.2211       291.9324       291.1763       290.0706       289.4368       288.8949    
 2055   288.5586       288.5587       289.1702       290.2659       291.0435       292.0170       292.3931       292.1550       291.2699       290.1523       289.3203       288.7811    
 2056   288.2879       288.4881       289.1770       290.1714       291.0556       291.8688       292.3615       292.0511       291.1759       290.1541       289.4093       288.6392    
 2057   288.3558       288.3500       289.2173       290.0128       291.0645       291.9281       292.3940       292.3066       291.2867       290.4655       289.6724       289.2611    
 2058   288.8250       288.7630       289.4043       290.3068       291.3542       292.1879       292.7303       292.4166       291.6498       290.6774       289.9072       289.2394    
 2059   288.9089       289.0156       289.6295       290.3969       291.2348       292.1614       292.6454       292.2402       291.3226       290.3452       289.4760       288.7845    
 2060   288.5381       288.6758       289.4948       290.2886       291.1545       291.9676       292.4343       292.4224       291.2028       290.3286       289.5438       289.0965    
 2061   288.8286       288.8195       289.2934       290.2956       291.3075       292.1592       292.6883       292.3271       291.4925       290.6864       289.8111       289.3109    
 2062   289.0599       289.1827       289.7120       290.6492       291.5810       292.4080       292.8586       292.6610       291.6463       290.6566       289.8881       289.2396    
 2063   289.0937       289.1854       289.7006       290.5757       291.3228       292.2838       292.8571       292.5519       291.5367       290.4765       289.7111       289.0445    
 2064   288.9829       289.0469       289.5212       290.5837       291.5065       292.4350       292.8055       292.5237       291.6879       290.6910       289.9072       289.3426    
 2065   288.7668       289.0403       289.6378       290.6338       291.6216       292.6470       292.7739       292.6117       291.6795       290.7715       290.1322       289.4721    
 2066   289.1885       289.1823       289.7274       290.6892       291.5423       292.3522       292.8103       292.5595       291.5669       290.7151       289.9011       289.4536    
 2067   288.7800       288.6304       289.5820       290.5041       291.6600       292.4341       292.8546       292.8238       291.8335       290.8430       289.9644       289.6399    
 2068   289.1596       289.2548       289.8034       290.5986       291.5790       292.4782       292.9857       292.7257       291.8459       290.8824       289.9925       289.7320    
 2069   289.2574       289.1310       289.9229       290.7261       291.8515       292.7813       293.0789       292.7898       291.8934       290.7963       289.9968       289.4793    
 2070   289.3210       289.3936       289.8870       290.6332       291.6877       292.6109       292.9659       292.8673       292.0442       290.8609       290.1313       289.4897    
 2071   289.2105       289.1947       289.8740       290.8199       291.7710       292.4748       293.1126       292.8369       291.9650       290.8718       289.8858       289.4988    
 2072   289.3274       289.3092       289.8580       290.6689       291.8107       292.6148       293.0946       292.9550       292.0622       291.0352       290.3877       289.9631    
 2073   289.4693       289.4879       290.2212       291.0542       292.1093       293.0766       293.5391       293.2534       292.3398       291.1357       290.2880       289.7539    
 2074   289.3722       289.4004       290.0078       291.0138       291.8118       292.7216       293.1355       292.9032       292.0931       291.0988       290.1900       289.6927    
 2075   289.4992       289.5858       290.0558       290.7887       291.8119       292.8530       293.4182       293.1294       292.3400       291.3872       290.4315       290.0380    
 2076   289.9003       289.8257       290.2119       291.1162       292.1503       293.1720       293.5250       293.3170       292.4001       291.3372       290.5179       289.8389    
 2077   289.6982       289.8759       290.2954       291.0807       292.1494       293.1501       293.5440       293.3016       292.4541       291.2951       290.4439       289.7589    
 2078   289.6239       289.7770       290.3071       291.2334       292.1750       293.0962       293.4949       293.2885       292.5453       291.4132       290.5747       290.0929    
 2079   289.9600       289.9819       290.5728       291.3537       292.3543       293.3292       293.7261       293.6060       292.6463       291.7235       290.7872       290.1871    
 2080   289.7638       289.6261       290.4906       291.2668       292.1770       293.0920       293.5266       293.3358       292.3861       291.3994       290.5350       290.1693    
 2081   289.7585       289.7873       290.1988       291.1369       292.1581       293.2324       293.6611       293.4189       292.4828       291.3329       290.5736       290.1643    
 2082   289.9613       289.9205       290.3556       291.1376       292.3820       293.2759       293.7147       293.5481       292.5774       291.5062       290.6697       290.1675    
 2083   290.0164       290.1042       290.6417       291.4649       292.5277       293.2880       293.8530       293.5646       292.7840       291.7789       290.9446       290.3625    
 2084   290.0609       290.0106       290.5566       291.4065       292.5099       293.2657       293.7108       293.4676       292.6426       291.4970       290.5571       289.8920    
 2085   289.5872       289.6730       290.1758       291.3027       292.2202       293.1537       293.6264       293.5576       292.6995       291.5603       290.7380       290.1096    
 2086   289.8048       289.8996       290.4889       291.4974       292.6030       293.5186       294.0145       293.6124       292.8493       291.7395       290.9312       290.3938    
 2087   290.3546       290.5445       291.1016       291.8484       292.7001       293.5115       294.2430       294.0590       293.1694       291.8909       290.9441       290.5553    
 2088   290.3538       290.4635       290.9590       291.7192       292.8206       293.6552       294.1824       294.0886       293.1804       291.8303       291.0646       290.6499    
 2089   290.5805       290.6661       290.9607       291.7173       292.8098       293.6770       294.1687       293.9784       293.0152       291.8147       290.8530       290.3228    
 2090   290.1539       290.4250       290.7204       291.6233       292.6199       293.6120       294.0629       293.7377       292.8705       291.8058       290.9430       290.3128    
 2091   289.9938       290.2875       290.7397       291.7328       292.7002       293.6115       294.1503       293.9137       293.0209       292.0038       291.1965       290.7043    
 2092   290.3662       290.5587       291.1096       291.9012       292.8332       293.6884       294.1769       294.0937       293.2255       292.1366       291.3135       290.6824    
 2093   290.5549       290.7231       291.0770       292.0519       292.9547       293.8887       294.6844       294.4288       293.4677       292.3813       291.5209       291.0853    
 2094   290.8483       290.8712       291.3431       292.1436       293.1876       293.9833       294.5757       294.2851       293.1985       292.1015       291.2361       290.8184    
 2095   290.5299       290.5674       290.9771       291.9485       293.0475       293.9435       294.5096       294.4187       293.4846       292.3804       291.6296       291.0126    
 2096   290.6574       290.9316       291.4346       292.2075       293.2851       294.2521       294.7027       294.5279       293.6919       292.4688       291.7501       291.1409    
 2097   291.0062       291.1785       291.7293       292.5296       293.3063       294.1565       294.6470       294.4856       293.6135       292.4070       291.6002       291.0515    
 2098   290.8338       291.0651       291.5305       292.3587       293.1035       294.0898       294.6474       294.5197       293.5641       292.5067       291.4589       291.0302    
 2099   290.8835       290.8812       291.3204       292.1954       293.2777       294.3034       294.8163       294.7708       293.6343       292.6314       291.8575       291.2954    
 2100   291.3559       291.1756       291.7461       292.5602       293.3433       294.2357       294.8106       294.5904       293.8557       292.7752       291.8058       291.3166    
