# ensemble mea of file global_tas_Amon_CNRM-CM5_historicalNat_%%.dat
# using members   0 to   5
# tas [K] from CNRM-CM5 model output prepared for CMIP5 natural-only r1i1p1
# cutting out region lon=   -0.703  359.297, lat=  -89.622   89.622
 1850   284.3975       284.7281       285.3692       286.2075       287.1606       288.0976       288.6606       288.4504       287.5210       286.2650       285.2250       284.5781    
 1851   284.4252       284.7807       285.2940       286.1778       287.1578       288.0740       288.7207       288.4987       287.5865       286.3640       285.3164       284.6166    
 1852   284.5396       284.8197       285.4266       286.2928       287.2640       288.1671       288.7298       288.5563       287.5759       286.4176       285.2876       284.6554    
 1853   284.5028       284.7367       285.3359       286.2094       287.1757       288.0488       288.6401       288.4979       287.6128       286.4201       285.3253       284.6408    
 1854   284.5472       284.8293       285.4218       286.1903       287.0828       288.0194       288.5989       288.3811       287.4922       286.2744       285.1978       284.5508    
 1855   284.4619       284.8131       285.4085       286.2547       287.1650       288.0973       288.6507       288.4813       287.5762       286.3266       285.1619       284.5280    
 1856   284.4424       284.7462       285.3098       286.2454       287.1711       288.1077       288.6590       288.4797       287.5188       286.3874       285.3296       284.6234    
 1857   284.4221       284.7858       285.3687       286.2358       287.1871       288.1533       288.7105       288.5225       287.5619       286.2685       285.1532       284.5717    
 1858   284.3875       284.8267       285.4292       286.2796       287.2076       288.1330       288.7134       288.5246       287.5574       286.3050       285.2491       284.5765    
 1859   284.4331       284.8134       285.4135       286.2255       287.1978       288.1756       288.7089       288.5333       287.6186       286.4272       285.3940       284.6463    
 1860   284.5073       284.8367       285.4865       286.3392       287.2786       288.1027       288.6923       288.5275       287.6290       286.4292       285.2984       284.5851    
 1861   284.5793       284.8793       285.4964       286.2640       287.3088       288.2158       288.8169       288.6270       287.6339       286.4653       285.4341       284.7124    
 1862   284.6020       284.8813       285.4710       286.3513       287.2572       288.2216       288.7461       288.5519       287.6170       286.4718       285.3623       284.7423    
 1863   284.6061       284.9471       285.4114       286.2324       287.2363       288.0478       288.7058       288.5624       287.5844       286.3557       285.2336       284.6058    
 1864   284.4915       284.8590       285.5407       286.2911       287.2470       288.2483       288.8161       288.5980       287.6677       286.4593       285.3473       284.6466    
 1865   284.6011       284.9385       285.4944       286.3636       287.2959       288.2867       288.8384       288.5983       287.6791       286.4577       285.4293       284.7040    
 1866   284.5815       284.9062       285.4553       286.2845       287.2230       288.1531       288.7139       288.5962       287.6806       286.4280       285.3273       284.6215    
 1867   284.5436       284.8227       285.4617       286.3177       287.2333       288.1429       288.7390       288.6220       287.6894       286.4306       285.3247       284.6171    
 1868   284.5401       284.8759       285.5522       286.4077       287.3259       288.2054       288.7446       288.5057       287.5794       286.4294       285.2963       284.5722    
 1869   284.4555       284.8417       285.4726       286.3324       287.2685       288.1590       288.7001       288.5557       287.6021       286.4161       285.3940       284.7893    
 1870   284.5898       284.9917       285.4112       286.3943       287.2771       288.1981       288.7432       288.5675       287.7299       286.4771       285.3952       284.8347    
 1871   284.6818       284.8881       285.4075       286.3507       287.2690       288.2202       288.7960       288.6714       287.7105       286.4852       285.4343       284.7532    
 1872   284.6148       284.9258       285.5699       286.3474       287.3544       288.2437       288.8129       288.5806       287.6562       286.4643       285.3445       284.7434    
 1873   284.5942       284.8257       285.4544       286.2892       287.2853       288.2233       288.7376       288.5853       287.6864       286.3733       285.4002       284.6404    
 1874   284.5055       284.8342       285.4989       286.3223       287.2124       288.1761       288.7846       288.5712       287.6577       286.4431       285.3454       284.6696    
 1875   284.6497       284.9449       285.5378       286.3205       287.2790       288.2329       288.8452       288.5852       287.7408       286.5097       285.4000       284.7339    
 1876   284.6433       284.9740       285.5771       286.3238       287.2526       288.1535       288.7834       288.5617       287.5810       286.3634       285.3293       284.7245    
 1877   284.5753       284.9716       285.5159       286.3958       287.3040       288.2132       288.7530       288.5990       287.7256       286.4952       285.3499       284.7662    
 1878   284.6656       284.9486       285.5752       286.3600       287.2776       288.2014       288.7932       288.6289       287.7096       286.4549       285.4314       284.7158    
 1879   284.5901       284.9074       285.5559       286.3491       287.2542       288.1503       288.7349       288.5066       287.6349       286.4293       285.3922       284.6541    
 1880   284.5404       284.8348       285.4592       286.3712       287.2359       288.1617       288.7173       288.5271       287.5998       286.4376       285.3429       284.6482    
 1881   284.5165       284.8835       285.4195       286.3113       287.2841       288.2074       288.7246       288.5526       287.6532       286.4170       285.3528       284.6381    
 1882   284.5890       284.9306       285.4386       286.3797       287.2469       288.1245       288.6790       288.4900       287.5988       286.4015       285.3335       284.8064    
 1883   284.5835       284.9320       285.4929       286.3031       287.2549       288.1286       288.7081       288.5693       287.6307       286.3767       285.2135       284.4772    
 1884   284.1936       284.6338       285.1128       285.9325       286.8491       287.6899       288.1951       288.0120       287.0464       285.8091       284.7586       284.1004    
 1885   284.0573       284.3239       285.0278       285.8087       286.7892       287.6976       288.2735       288.1063       287.2141       285.9505       284.9403       284.3079    
 1886   284.2522       284.5248       285.1241       286.0399       286.9965       287.8832       288.4543       288.3099       287.3944       286.1566       285.0673       284.4137    
 1887   284.2577       284.5414       285.1610       286.1471       287.0722       287.9759       288.5302       288.4309       287.4720       286.2096       285.1768       284.4699    
 1888   284.3781       284.7502       285.3759       286.2125       287.1720       288.0780       288.6765       288.4590       287.4911       286.2980       285.2663       284.5366    
 1889   284.4215       284.7875       285.3139       286.2062       287.1546       288.0788       288.6170       288.4211       287.5358       286.2209       285.1773       284.5265    
 1890   284.4973       284.7461       285.2585       286.1555       287.0803       287.9452       288.5190       288.3260       287.4337       286.0965       285.0072       284.4025    
 1891   284.3182       284.5886       285.1537       286.0078       287.0107       287.9215       288.4845       288.3062       287.3750       286.1895       285.1264       284.4371    
 1892   284.3440       284.6435       285.3344       286.1545       287.0882       287.9961       288.5580       288.4323       287.4900       286.2141       285.1670       284.4412    
 1893   284.3401       284.8488       285.3885       286.1455       287.0897       287.9861       288.6319       288.4388       287.5207       286.2704       285.1526       284.5421    
 1894   284.4438       284.6850       285.3619       286.2277       287.1974       288.1714       288.6680       288.4993       287.6274       286.4000       285.2247       284.5469    
 1895   284.4478       284.6863       285.3078       286.1951       287.1934       288.1283       288.7121       288.5144       287.6465       286.3812       285.1939       284.6083    
 1896   284.4695       284.8079       285.4648       286.3275       287.2310       288.1691       288.7799       288.5557       287.6345       286.5181       285.3692       284.6757    
 1897   284.5358       284.9249       285.5951       286.3299       287.3383       288.2368       288.7614       288.5802       287.6515       286.3794       285.3631       284.6364    
 1898   284.4754       284.8763       285.4757       286.2999       287.2370       288.1198       288.7173       288.5432       287.6324       286.3759       285.2840       284.5806    
 1899   284.4947       284.8627       285.4242       286.2066       287.1775       288.0406       288.6531       288.4696       287.7017       286.4639       285.3300       284.6363    
 1900   284.5769       284.9073       285.5312       286.3664       287.2838       288.1689       288.7782       288.5755       287.6141       286.3975       285.3132       284.7128    
 1901   284.4972       284.8758       285.3903       286.2855       287.2433       288.1686       288.7650       288.5615       287.6659       286.4228       285.3236       284.6818    
 1902   284.5612       284.8754       285.5433       286.3541       287.3395       288.2719       288.8417       288.6447       287.7005       286.4425       285.2954       284.5274    
 1903   284.3315       284.4597       285.0874       285.9359       286.8542       287.7567       288.3628       288.2050       287.2508       286.0140       284.9478       284.2403    
 1904   284.1700       284.6126       285.2176       286.0333       286.9839       287.9124       288.4332       288.2838       287.3058       286.0379       284.9619       284.2674    
 1905   284.1479       284.4516       285.1404       286.0581       287.0048       287.9874       288.5529       288.4392       287.4388       286.1673       285.1087       284.4457    
 1906   284.3551       284.6138       285.3087       286.1422       287.1102       288.1314       288.6702       288.4864       287.5709       286.3280       285.1636       284.5374    
 1907   284.3397       284.7439       285.2740       286.1599       287.1308       288.0535       288.5728       288.3828       287.5201       286.2646       285.1761       284.5165    
 1908   284.3673       284.5907       285.3374       286.1581       287.0978       288.1079       288.6789       288.4811       287.5943       286.3373       285.2526       284.6159    
 1909   284.4507       284.8365       285.4522       286.2762       287.2347       288.1728       288.7358       288.5593       287.6455       286.3494       285.2405       284.5835    
 1910   284.5637       284.7198       285.3066       286.1024       287.1657       288.0533       288.6402       288.4449       287.5321       286.2272       285.2055       284.5708    
 1911   284.4700       284.7741       285.3911       286.2830       287.1775       288.1324       288.6938       288.4604       287.5847       286.3310       285.1755       284.5886    
 1912   284.3549       284.6612       285.3195       286.2334       287.1270       288.0014       288.4877       288.3395       287.3427       286.0655       285.0559       284.4966    
 1913   284.3229       284.5822       285.2397       286.0878       286.9707       287.9475       288.4597       288.2927       287.3656       286.1525       285.0718       284.3989    
 1914   284.3126       284.7102       285.3872       286.1010       287.0318       288.0013       288.5346       288.3860       287.4627       286.2493       285.1946       284.5183    
 1915   284.4531       284.7925       285.3623       286.1488       287.1063       288.0254       288.5858       288.3862       287.4541       286.2345       285.1847       284.5385    
 1916   284.3727       284.6202       285.3671       286.1840       287.1244       288.0538       288.6449       288.4695       287.5099       286.3094       285.2049       284.5592    
 1917   284.4757       284.8163       285.3469       286.2126       287.1573       288.0480       288.6460       288.4193       287.5185       286.3260       285.2452       284.4781    
 1918   284.3969       284.8429       285.4323       286.2906       287.1965       288.0789       288.6744       288.4727       287.5571       286.4054       285.3263       284.6626    
 1919   284.4011       284.7503       285.3069       286.2119       287.1775       288.0841       288.5902       288.4959       287.5876       286.3973       285.2660       284.6309    
 1920   284.4405       284.7441       285.3899       286.3006       287.2419       288.1256       288.6744       288.4951       287.6018       286.3388       285.2576       284.5213    
 1921   284.4238       284.8068       285.3775       286.2056       287.1541       288.0693       288.6273       288.4866       287.5106       286.2484       285.2047       284.5028    
 1922   284.2935       284.6265       285.3142       286.1422       287.0629       288.0006       288.5231       288.4230       287.5479       286.2675       285.2724       284.5367    
 1923   284.4589       284.8712       285.4600       286.2725       287.2048       288.0669       288.7159       288.4969       287.5114       286.3035       285.2238       284.5769    
 1924   284.3490       284.7317       285.1938       286.0942       287.1065       288.0318       288.6381       288.3934       287.4677       286.2856       285.1680       284.5079    
 1925   284.4188       284.7354       285.2862       286.1888       287.1646       288.0960       288.6051       288.4836       287.6201       286.3628       285.2234       284.5730    
 1926   284.4390       284.8246       285.3885       286.2479       287.1925       288.1072       288.6651       288.4979       287.5279       286.3134       285.1843       284.5301    
 1927   284.3684       284.6985       285.3461       286.1248       287.1268       288.0632       288.6512       288.4828       287.5782       286.3163       285.3256       284.5487    
 1928   284.4145       284.7067       285.4006       286.2615       287.2524       288.1821       288.7851       288.5735       287.5951       286.3841       285.2996       284.6252    
 1929   284.4710       284.8341       285.4700       286.2286       287.2025       288.1269       288.7028       288.4550       287.5368       286.3004       285.1408       284.4534    
 1930   284.3960       284.7464       285.2870       286.1691       287.0737       288.0329       288.6353       288.4624       287.5887       286.3152       285.1921       284.5561    
 1931   284.4230       284.7876       285.4094       286.2062       287.1753       288.1079       288.7564       288.5740       287.6233       286.3629       285.2420       284.4676    
 1932   284.4274       284.7619       285.3455       286.2197       287.1786       288.1180       288.6491       288.5045       287.5644       286.3374       285.2315       284.5663    
 1933   284.4629       284.7844       285.4133       286.2562       287.2331       288.1463       288.7446       288.5893       287.5846       286.3578       285.2282       284.5988    
 1934   284.3915       284.8274       285.3849       286.2224       287.1659       288.1301       288.7511       288.5224       287.5982       286.3732       285.2547       284.5854    
 1935   284.4819       284.7695       285.3778       286.2487       287.2127       288.0913       288.6367       288.4548       287.5979       286.3511       285.2713       284.5961    
 1936   284.5490       284.8679       285.4191       286.2365       287.2072       288.1617       288.7014       288.5149       287.5626       286.3386       285.2640       284.5377    
 1937   284.4712       284.7857       285.4323       286.2625       287.1756       288.1516       288.7367       288.5402       287.6025       286.4184       285.3263       284.6877    
 1938   284.5030       284.9008       285.5338       286.3014       287.2785       288.1950       288.7114       288.5024       287.6256       286.3700       285.2472       284.5622    
 1939   284.4796       284.7754       285.3071       286.1809       287.0974       288.0576       288.6818       288.4406       287.5910       286.3799       285.2919       284.6414    
 1940   284.4817       284.8878       285.4808       286.2930       287.2106       288.0790       288.6951       288.4994       287.5287       286.2628       285.3242       284.6716    
 1941   284.4430       284.8485       285.3380       286.2370       287.1510       288.1046       288.6471       288.4859       287.5907       286.3092       285.2637       284.5974    
 1942   284.4926       284.8470       285.3907       286.2613       287.2184       288.1134       288.7072       288.5104       287.6036       286.3239       285.2995       284.5755    
 1943   284.5181       284.8425       285.4428       286.3521       287.2814       288.1596       288.7264       288.4929       287.5576       286.4341       285.2939       284.6601    
 1944   284.5669       284.8942       285.4575       286.3147       287.1743       288.1091       288.7027       288.5602       287.5887       286.3692       285.3198       284.6559    
 1945   284.4387       284.8719       285.5067       286.2970       287.2554       288.2133       288.7456       288.5530       287.6228       286.3462       285.3456       284.6856    
 1946   284.6429       284.8274       285.3919       286.3422       287.2514       288.1869       288.7456       288.5227       287.6410       286.4048       285.3230       284.6452    
 1947   284.4867       284.8453       285.3689       286.2816       287.2029       288.1228       288.7375       288.5030       287.6534       286.3690       285.3200       284.6005    
 1948   284.5800       284.8698       285.4178       286.3059       287.3274       288.2152       288.7030       288.4724       287.6191       286.4105       285.3893       284.6622    
 1949   284.5512       284.8337       285.4693       286.2747       287.2520       288.1670       288.7265       288.5042       287.6295       286.4047       285.3872       284.7309    
 1950   284.6393       284.8970       285.5508       286.3913       287.2646       288.1339       288.6584       288.5581       287.6243       286.3983       285.3688       284.6541    
 1951   284.4589       284.8164       285.3647       286.2029       287.1737       288.1162       288.6510       288.5329       287.6666       286.4203       285.3624       284.6333    
 1952   284.5392       284.8340       285.4411       286.2928       287.2600       288.1998       288.7431       288.5603       287.6189       286.3786       285.2892       284.6001    
 1953   284.5189       284.8502       285.4328       286.2856       287.1525       288.1141       288.6797       288.4922       287.5554       286.2839       285.2626       284.6790    
 1954   284.4120       284.8800       285.5240       286.3208       287.2532       288.1746       288.7149       288.5736       287.6640       286.3403       285.2416       284.5861    
 1955   284.4478       284.8787       285.4391       286.2834       287.1666       288.0971       288.6637       288.5413       287.6295       286.3513       285.2536       284.5443    
 1956   284.4784       284.7042       285.4102       286.2327       287.2302       288.1390       288.7211       288.4844       287.5773       286.3451       285.2561       284.6457    
 1957   284.4625       284.8751       285.3914       286.2797       287.2222       288.1386       288.8064       288.5934       287.6747       286.4258       285.3602       284.6378    
 1958   284.5799       284.8535       285.4390       286.2762       287.1692       288.1564       288.7195       288.5514       287.6302       286.3937       285.2597       284.5952    
 1959   284.5659       284.8014       285.4399       286.2578       287.2197       288.1670       288.7893       288.6496       287.7183       286.4924       285.4037       284.7073    
 1960   284.6419       284.9055       285.4816       286.4173       287.3004       288.2411       288.8704       288.6001       287.6803       286.4804       285.3633       284.6989    
 1961   284.6305       284.8505       285.4590       286.2630       287.2552       288.1795       288.8241       288.6277       287.6995       286.5328       285.3904       284.7224    
 1962   284.6270       284.8382       285.5238       286.3421       287.2943       288.2621       288.8299       288.6650       287.7469       286.4586       285.3467       284.7279    
 1963   284.5281       284.8448       285.4265       286.2116       287.1337       288.0911       288.5993       288.4654       287.4830       286.2874       285.0986       284.3853    
 1964   284.2256       284.4682       285.1508       286.0541       287.0366       287.9689       288.5300       288.3514       287.3499       286.1755       285.0345       284.3993    
 1965   284.3475       284.5937       285.2433       286.1013       287.0990       288.0468       288.6515       288.4705       287.5389       286.3132       285.2229       284.4685    
 1966   284.4005       284.7206       285.3455       286.2437       287.2195       288.1435       288.7206       288.5992       287.5970       286.4252       285.3513       284.6181    
 1967   284.4865       284.8193       285.3854       286.2701       287.1635       288.1314       288.7246       288.5132       287.6156       286.3366       285.2639       284.5306    
 1968   284.3004       284.7523       285.3336       286.2494       287.1888       288.1049       288.6554       288.4851       287.5384       286.3418       285.2711       284.5684    
 1969   284.4407       284.7381       285.3419       286.2383       287.1397       288.0965       288.6594       288.4520       287.5317       286.2736       285.2406       284.5682    
 1970   284.4887       284.8136       285.3627       286.1682       287.1109       288.0455       288.6211       288.5134       287.6738       286.3644       285.3449       284.6104    
 1971   284.5030       284.7857       285.5046       286.3061       287.1912       288.1194       288.7070       288.5624       287.6530       286.4461       285.3578       284.7199    
 1972   284.5067       284.9171       285.5512       286.3760       287.2805       288.2805       288.7969       288.5866       287.6614       286.3688       285.3307       284.5813    
 1973   284.3639       284.7329       285.3850       286.2669       287.2041       288.1901       288.7564       288.5616       287.6392       286.4413       285.3065       284.6030    
 1974   284.5017       284.8739       285.4293       286.2750       287.2469       288.2072       288.7291       288.5930       287.7218       286.4194       285.3523       284.7464    
 1975   284.4348       284.7677       285.4740       286.2502       287.2266       288.1389       288.6633       288.5272       287.6020       286.3812       285.2798       284.5966    
 1976   284.4457       284.8034       285.4535       286.2676       287.1740       288.1900       288.7130       288.5333       287.5758       286.3986       285.2581       284.5988    
 1977   284.4666       284.7505       285.4449       286.3370       287.2275       288.1545       288.7145       288.5188       287.6144       286.3945       285.3134       284.5735    
 1978   284.4400       284.7830       285.3009       286.2633       287.1679       288.1172       288.7045       288.5749       287.6435       286.4061       285.3375       284.6435    
 1979   284.5228       284.7917       285.4478       286.3719       287.2761       288.1770       288.7537       288.5395       287.6553       286.4272       285.3813       284.6889    
 1980   284.6062       284.9214       285.5074       286.3903       287.3151       288.2346       288.8163       288.6294       287.7245       286.4741       285.3835       284.6570    
 1981   284.6087       284.9055       285.5390       286.3408       287.2992       288.2511       288.7874       288.6052       287.6774       286.3824       285.4145       284.7038    
 1982   284.5216       284.8408       285.4579       286.3202       287.2372       288.0742       288.6394       288.4481       287.4908       286.1858       285.0559       284.3236    
 1983   284.1812       284.4754       285.1112       286.0560       286.9522       287.9425       288.4822       288.2814       287.3976       286.1106       285.0650       284.4516    
 1984   284.2953       284.6845       285.2730       286.1585       287.0799       288.0191       288.5461       288.4039       287.4887       286.1704       285.0759       284.4982    
 1985   284.3521       284.6636       285.2910       286.1786       287.1107       288.1026       288.5676       288.4269       287.4964       286.3097       285.2108       284.6596    
 1986   284.4257       284.7574       285.3083       286.1548       287.0901       288.0048       288.5822       288.4431       287.5360       286.3091       285.2579       284.6150    
 1987   284.4925       284.7560       285.4089       286.2125       287.1822       288.1081       288.6906       288.5499       287.5756       286.3443       285.2865       284.6106    
 1988   284.4350       284.7700       285.4116       286.2747       287.2221       288.1779       288.7520       288.5160       287.5638       286.3938       285.3906       284.6277    
 1989   284.5377       284.8078       285.4576       286.3575       287.2847       288.2407       288.7836       288.5558       287.6136       286.4299       285.3587       284.7271    
 1990   284.5343       284.8137       285.4070       286.2740       287.2190       288.1484       288.7510       288.5074       287.5242       286.3673       285.3960       284.6453    
 1991   284.5462       284.7780       285.3741       286.2138       287.2108       288.1104       288.6900       288.3855       287.3831       286.0919       284.9721       284.3235    
 1992   284.1653       284.4250       285.0979       285.9498       286.8483       287.7375       288.3169       288.1358       287.1336       285.8623       284.8484       284.1307    
 1993   284.0296       284.4046       285.0212       285.9314       286.8661       287.7248       288.4139       288.2152       287.3290       286.0657       284.9431       284.3304    
 1994   284.2915       284.5464       285.1862       286.0659       287.0219       288.0091       288.4937       288.3499       287.4227       286.2403       285.0688       284.4249    
 1995   284.3419       284.6034       285.2265       286.1178       286.9962       287.9531       288.5364       288.3720       287.5243       286.2614       285.1135       284.4866    
 1996   284.3683       284.7013       285.4087       286.2715       287.1830       288.0443       288.6385       288.4135       287.4374       286.1980       285.1096       284.4651    
 1997   284.3772       284.7043       285.2851       286.1520       287.0984       288.0265       288.5344       288.3951       287.4960       286.2117       285.1034       284.4521    
 1998   284.4243       284.6985       285.3205       286.2189       287.1748       288.0891       288.6929       288.4420       287.5134       286.3129       285.2304       284.4966    
 1999   284.3546       284.6964       285.3214       286.2023       287.1383       288.0937       288.6236       288.4989       287.5544       286.3192       285.2303       284.4940    
 2000   284.5206       284.7237       285.3225       286.2328       287.2166       288.1375       288.6705       288.4458       287.5182       286.2976       285.2417       284.5718    
 2001   284.5082       284.7675       285.3713       286.2191       287.1523       288.0991       288.6646       288.5150       287.6352       286.3360       285.2939       284.5858    
 2002   284.4043       284.7339       285.3427       286.2735       287.1949       288.0855       288.6797       288.5136       287.6479       286.3975       285.2812       284.5855    
 2003   284.6063       284.9073       285.4357       286.2740       287.2155       288.1626       288.6837       288.5266       287.6582       286.4141       285.3076       284.6555    
 2004   284.4860       284.8580       285.4083       286.3501       287.2657       288.1850       288.7654       288.5832       287.6401       286.3763       285.3157       284.6356    
 2005   284.4784       284.8378       285.3791       286.2622       287.2359       288.1790       288.7549       288.5859       287.6513       286.4465       285.4128       284.6986    
 2006   284.5959       284.9822       285.4726       286.3864       287.2831       288.2623       288.8219       288.6472       287.7279       286.4606       285.3346       284.7342    
 2007   284.4723       284.7235       285.4077       286.2143       287.2124       288.1316       288.7143       288.5337       287.6605       286.4109       285.2775       284.6534    
 2008   284.4741       284.8160       285.4161       286.2765       287.2540       288.2069       288.7251       288.5739       287.6598       286.3496       285.3303       284.6448    
 2009   284.5123       284.8992       285.3957       286.2662       287.2530       288.2269       288.7274       288.5726       287.7118       286.4860       285.4048       284.7664    
 2010   284.6091       284.8445       285.5135       286.3515       287.2653       288.1814       288.7592       288.5261       287.6233       286.3907       285.3313       284.6701    
 2011   284.5438       284.8446       285.4172       286.3004       287.2126       288.1715       288.7509       288.5792       287.7067       286.5104       285.3295       284.6201    
 2012   284.5528       284.9836       285.5427       286.3628       287.3077       288.2462       288.7788       288.6046       287.6289       286.4190       285.3871       284.6952    
