# <a href=http://cmip-pcmdi.llnl.gov/cmip5/>CMIP5</a> global mean temperature computed at <a href=http://www.knmi.nl/selectfield_cmip5.cgi?someone@somewhere>KNMI Climate Explorer</a> tas_Amon_GISS-E2-R_rcp45_r4i1p1
# tas [K] from GISS-E2-R model output prepared for CMIP5 RCP4.5 r4i1p1
# cutting out region lon=    0.000  360.000, lat=  -90.000   90.000
 1850   285.4257       285.6756       286.5867       287.6559       288.4731       289.0115       289.4016       289.2787       288.5484       287.4959       286.3338       285.7252    
 1851   285.3873       285.9693       286.6075       287.6812       288.4315       288.9341       289.3162       289.1838       288.5631       287.5335       286.4287       285.6797    
 1852   285.4788       285.8091       286.6955       287.6807       288.5282       288.9647       289.2509       289.2358       288.5179       287.4858       286.2771       285.4082    
 1853   285.5060       285.9595       286.5561       287.5600       288.4821       288.9491       289.2706       289.1852       288.5475       287.4828       286.3965       285.5349    
 1854   285.4694       285.8801       286.4939       287.4776       288.2708       288.8976       289.2212       289.1382       288.4533       287.5392       286.3446       285.5270    
 1855   285.3412       285.7344       286.5951       287.7057       288.4900       288.9133       289.2733       289.0572       288.5504       287.5021       286.4605       285.5670    
 1856   285.3547       285.8062       286.6022       287.3748       288.3330       288.8006       289.0253       288.9689       288.3300       287.3919       286.1218       285.4198    
 1857   285.4490       285.7198       286.5770       287.4103       288.1875       288.7534       289.0731       288.8447       288.2676       287.0576       285.9758       285.2590    
 1858   285.1624       285.5921       286.4366       287.5443       288.3687       288.8731       289.1881       289.0272       288.2776       287.2360       286.1013       285.2542    
 1859   285.1780       285.4357       286.4591       287.3828       288.2980       288.8249       289.1127       289.0415       288.3985       287.4316       286.2318       285.4583    
 1860   285.3950       285.8227       286.5962       287.7294       288.4337       288.8411       289.2604       289.1392       288.5771       287.5585       286.3129       285.6365    
 1861   285.3904       285.7694       286.6444       287.6657       288.4918       288.8142       289.1785       289.1153       288.5510       287.5125       286.4101       285.5556    
 1862   285.2950       285.7775       286.8035       287.6845       288.6696       289.0188       289.2605       289.1213       288.3842       287.5451       286.3176       285.6427    
 1863   285.5964       285.8364       286.5913       287.6589       288.4585       288.8810       289.1479       289.0708       288.5550       287.4461       286.2863       285.6385    
 1864   285.4029       285.8199       286.6549       287.4711       288.4776       289.0534       289.2786       289.1393       288.5207       287.5672       286.5009       285.6006    
 1865   285.2748       285.5316       286.4838       287.5732       288.3509       288.9509       289.2602       289.1899       288.6428       287.4939       286.4757       285.8758    
 1866   285.5986       286.0903       286.9186       287.9109       288.7043       289.1648       289.4876       289.2449       288.7043       287.7490       286.3521       285.5505    
 1867   285.4030       285.7397       286.5919       287.6579       288.5127       289.1368       289.3617       289.2027       288.6433       287.5618       286.3094       285.5373    
 1868   285.4285       285.9069       286.6229       287.6201       288.3727       288.9084       289.2245       289.1110       288.6562       287.5524       286.1653       285.5827    
 1869   285.5194       285.8225       286.7347       287.6990       288.5279       289.0377       289.2927       289.1366       288.5292       287.4768       286.3768       285.6937    
 1870   285.5036       285.7820       286.7234       287.6959       288.5816       289.0293       289.2874       289.1036       288.4155       287.4260       286.3632       285.6235    
 1871   285.4583       285.8837       286.6594       287.6022       288.4060       288.9068       289.1990       289.1328       288.6088       287.5981       286.3347       285.7166    
 1872   285.3414       285.7086       286.4606       287.4074       288.3258       288.8689       289.1272       289.2834       288.6911       287.6369       286.5194       285.9440    
 1873   285.5412       286.0363       286.8579       287.7075       288.5750       289.1678       289.4818       289.3863       288.6062       287.5640       286.3774       285.6236    
 1874   285.4507       285.8132       286.6938       287.5201       288.4876       288.9565       289.3324       289.2248       288.6293       287.6011       286.3891       285.6736    
 1875   285.4436       285.8189       286.7063       287.6120       288.5364       289.0077       289.3760       289.2622       288.7638       287.6591       286.5654       285.7885    
 1876   285.9295       286.1512       286.9928       287.9866       288.7391       289.2600       289.4590       289.3022       288.6792       287.5835       286.4481       285.5857    
 1877   285.6426       286.0532       286.6591       287.6232       288.5082       289.0237       289.4055       289.2761       288.6442       287.6161       286.4383       285.6662    
 1878   285.5282       285.8683       286.8653       287.7072       288.6230       289.1623       289.4451       289.2795       288.6096       287.4296       286.2628       285.6679    
 1879   285.4514       285.9687       286.6796       287.6071       288.4235       288.9960       289.3438       289.2688       288.6275       287.5736       286.4052       285.7013    
 1880   285.6039       285.8817       286.5587       287.7029       288.5229       289.0236       289.2987       289.2642       288.6263       287.5746       286.4386       285.7122    
 1881   285.5862       285.8609       286.7164       287.5796       288.3800       288.9518       289.3755       289.3011       288.5517       287.5662       286.2677       285.6944    
 1882   285.6460       285.8484       286.6059       287.5411       288.4643       288.9743       289.3956       289.2975       288.6546       287.5677       286.5061       285.8200    
 1883   285.5318       285.9747       286.8174       287.7576       288.5512       288.9586       289.2776       289.1662       288.4495       287.3893       286.1267       285.4461    
 1884   285.2195       285.4328       286.3647       287.1760       288.1056       288.6443       288.8652       288.7973       288.1444       287.1672       286.0588       285.2682    
 1885   285.3513       285.7418       286.4848       287.4952       288.3149       288.7900       288.9919       288.9300       288.4009       287.2633       286.1287       285.4896    
 1886   285.0994       285.6451       286.2789       287.3848       288.2252       288.6345       289.0110       288.9626       288.3534       287.2664       286.0498       285.4380    
 1887   285.3087       285.7639       286.5749       287.5011       288.3054       288.7794       289.1189       289.0155       288.3456       287.3214       286.1421       285.4950    
 1888   285.3123       285.7796       286.5496       287.4911       288.3352       288.9270       289.1275       289.0063       288.4538       287.3697       286.1229       285.4190    
 1889   285.4030       285.6559       286.4590       287.4911       288.2758       288.7966       289.2404       289.0453       288.4619       287.3968       286.2809       285.5504    
 1890   285.4258       285.8593       286.4854       287.5635       288.3674       288.8346       289.2086       289.0345       288.5477       287.3928       286.1620       285.5228    
 1891   285.3531       285.7174       286.6686       287.4959       288.2612       288.8080       289.0764       288.9580       288.2894       287.2694       286.0074       285.2643    
 1892   285.2777       285.4593       286.3080       287.4560       288.1531       288.8268       289.1606       289.0138       288.4176       287.2219       286.1276       285.4388    
 1893   285.2600       285.7790       286.7302       287.7091       288.5656       289.0518       289.3224       289.2794       288.5895       287.6021       286.3612       285.6263    
 1894   285.5472       286.1079       286.7731       287.7630       288.5589       289.0164       289.3970       289.2627       288.6310       287.5592       286.2667       285.6984    
 1895   285.5973       285.9639       286.7474       287.7293       288.5827       289.1934       289.4113       289.3023       288.6978       287.6900       286.5002       285.6621    
 1896   285.5439       285.9488       286.6059       287.6665       288.5692       289.2065       289.3367       289.2082       288.5673       287.6211       286.3639       285.7562    
 1897   285.3994       285.6802       286.4811       287.6310       288.4883       288.9307       289.2204       289.1179       288.4641       287.4175       286.3556       285.5745    
 1898   285.5130       285.8482       286.5873       287.6388       288.5670       288.9434       289.3494       289.1807       288.5307       287.5178       286.2285       285.6152    
 1899   285.4577       286.1384       286.9217       287.6703       288.6241       289.1167       289.4465       289.2174       288.6084       287.5849       286.4923       285.8142    
 1900   285.6783       285.8714       286.6072       287.5936       288.5088       288.9452       289.2366       289.1256       288.5198       287.5245       286.3936       285.6035    
 1901   285.7217       285.9998       286.6634       287.5805       288.5109       288.9646       289.1964       289.3330       288.5931       287.5007       286.3976       285.7849    
 1902   285.5478       285.9270       286.7974       287.6620       288.4805       289.0022       289.2938       289.2079       288.5365       287.4212       286.1662       285.4373    
 1903   285.2795       285.6248       286.3416       287.4416       288.3562       288.8058       289.1244       289.1058       288.4320       287.4005       286.3943       285.5556    
 1904   285.4296       285.7643       286.6660       287.5837       288.3452       288.9170       289.2244       289.1561       288.5558       287.5202       286.3635       285.5486    
 1905   285.3486       285.7772       286.6184       287.6585       288.5413       289.0759       289.2123       289.1009       288.6224       287.5972       286.5210       285.7224    
 1906   285.6286       286.1588       286.7740       287.7647       288.5818       289.1865       289.3627       289.3379       288.6187       287.6143       286.4575       285.6577    
 1907   285.7458       286.0988       286.9566       287.9076       288.5318       288.9415       289.4154       289.1940       288.5679       287.6933       286.2979       285.8180    
 1908   285.6161       285.8181       286.7232       287.7533       288.4338       289.0340       289.4272       289.3074       288.6760       287.6639       286.5190       285.9130    
 1909   285.7968       286.2115       287.1654       287.9574       288.6699       289.1130       289.4137       289.1934       288.6120       287.4816       286.2129       285.4641    
 1910   285.2875       285.6729       286.5303       287.4927       288.4336       288.8809       289.2371       289.1693       288.5163       287.5389       286.4842       285.7429    
 1911   285.6231       286.1423       286.8414       287.8736       288.6878       289.1229       289.4562       289.4200       288.7874       287.5610       286.4913       285.8178    
 1912   285.7695       286.0826       286.7580       287.7773       288.6798       289.1031       289.4121       289.1878       288.5144       287.3727       286.1894       285.4466    
 1913   285.4647       285.6772       286.6107       287.2878       288.3813       288.9321       289.1733       289.1901       288.5392       287.4538       286.3627       285.7166    
 1914   285.6102       285.9382       286.7863       287.7583       288.6573       289.0170       289.3635       289.1863       288.6107       287.4176       286.3348       285.5790    
 1915   285.7636       285.9269       286.8279       287.6289       288.4474       289.0526       289.3791       289.1968       288.6309       287.5892       286.4063       285.6325    
 1916   285.4948       285.7383       286.6780       287.5359       288.3679       288.9138       289.3376       289.1346       288.5141       287.5777       286.5222       285.9250    
 1917   285.6882       286.0216       286.7490       287.7500       288.6484       289.1263       289.4358       289.3994       288.7268       287.6025       286.6313       285.8330    
 1918   285.7386       286.0988       286.9379       287.9011       288.6328       289.1227       289.4447       289.3840       288.7814       287.7189       286.5461       285.8039    
 1919   285.7478       285.9677       286.8775       287.8891       288.7529       289.2271       289.5609       289.4346       288.8141       287.7180       286.6763       286.1031    
 1920   285.8628       286.1878       286.9213       287.9927       288.8112       289.3014       289.4090       289.3348       288.7344       287.5565       286.4286       285.5951    
 1921   285.5071       285.8511       286.6373       287.6952       288.6015       289.0443       289.3632       289.2464       288.7624       287.7381       286.4931       285.7773    
 1922   285.6619       286.0312       286.9297       287.8655       288.6987       289.2382       289.5261       289.4001       288.7253       287.8289       286.6348       286.0109    
 1923   285.7235       286.1259       286.9860       287.8717       288.7591       289.1966       289.6404       289.4164       288.7778       287.7332       286.5020       285.8404    
 1924   285.5124       286.1076       286.9398       287.9504       288.6273       289.2702       289.5293       289.3717       288.7412       287.6927       286.5676       285.9113    
 1925   285.8245       285.9153       286.5535       287.6601       288.6161       289.0760       289.4908       289.3907       288.8618       287.7414       286.6720       285.9046    
 1926   285.7132       286.0697       286.6966       287.7783       288.6296       289.1181       289.4257       289.4379       288.8607       287.7905       286.6624       285.9192    
 1927   285.9014       286.0650       286.9736       287.9381       288.8803       289.2044       289.4106       289.3032       288.7077       287.7840       286.5944       285.7183    
 1928   285.6195       286.0222       286.7530       287.6304       288.4952       289.0139       289.4118       289.4068       288.7314       287.7914       286.5292       285.8919    
 1929   285.7754       286.1534       286.8031       287.8464       288.6213       289.2024       289.5482       289.3967       288.8430       287.7657       286.6164       285.8127    
 1930   285.7412       286.0248       286.8230       287.8075       288.6689       289.2651       289.4623       289.3972       288.8676       287.8351       286.5264       285.7997    
 1931   285.6429       286.2576       286.7856       287.6605       288.5747       289.2888       289.5493       289.5150       288.9598       287.7989       286.6233       285.7028    
 1932   285.8954       286.1183       286.9186       287.8774       288.7246       289.3111       289.6484       289.4687       288.8375       287.8767       286.7479       285.9048    
 1933   285.7717       286.2427       286.6615       287.7853       288.6192       289.0210       289.5479       289.3961       288.8047       287.6986       286.5658       285.8189    
 1934   285.8376       286.1259       286.7413       287.9546       288.8149       289.2224       289.5166       289.3250       288.7230       287.6898       286.4822       285.9239    
 1935   285.6505       285.9234       286.8004       287.7168       288.5869       289.1529       289.3897       289.3998       288.7231       287.7401       286.5927       285.6718    
 1936   285.6106       286.0600       286.9126       287.8018       288.6900       289.1381       289.4080       289.3627       288.7857       287.6800       286.5587       285.9222    
 1937   285.7096       285.9908       286.5691       287.7487       288.6102       289.2241       289.4898       289.4796       288.7451       287.7549       286.6026       286.0789    
 1938   285.8901       286.2373       286.8061       287.8284       288.6708       289.2258       289.4137       289.3646       288.7781       287.7357       286.5845       285.9115    
 1939   285.5438       285.8307       286.8178       288.0309       288.7221       289.2018       289.4854       289.5133       288.8931       287.8668       286.7225       285.8641    
 1940   285.6929       285.9873       286.9183       288.0502       288.8506       289.2978       289.7479       289.5997       288.9391       287.8998       286.8865       286.2021    
 1941   286.0138       286.4160       287.1266       288.0810       288.8112       289.3617       289.6401       289.6220       288.9450       287.7709       286.7661       285.9163    
 1942   285.7177       286.1727       287.0518       288.2047       288.8408       289.3951       289.7455       289.6234       289.0408       287.9215       286.8770       285.9880    
 1943   286.0652       286.1451       287.0523       288.0276       288.8354       289.3190       289.7387       289.6359       289.0316       287.9152       286.8975       286.0392    
 1944   285.8474       286.1866       286.8044       287.9323       288.7175       289.3360       289.6763       289.4938       288.8709       287.8750       286.7412       286.0081    
 1945   285.9169       286.2926       287.0522       287.9188       288.6701       289.2921       289.5755       289.5165       288.8468       287.7723       286.6531       285.8452    
 1946   285.7217       286.0456       286.8036       287.7040       288.6927       289.2416       289.6356       289.5048       288.8719       287.9071       286.6927       285.8521    
 1947   285.7914       286.2874       286.8680       287.7905       288.6724       289.2752       289.5063       289.4218       288.8092       287.7470       286.5774       286.0173    
 1948   285.6421       286.0829       286.9812       287.9753       288.7568       289.0569       289.4426       289.3065       288.7440       287.7669       286.6443       286.0650    
 1949   285.6930       286.1695       286.8499       287.7245       288.5266       289.0327       289.4341       289.3731       288.7677       287.7351       286.6286       285.9752    
 1950   285.7664       286.0971       286.9528       287.9614       288.7299       289.2091       289.4932       289.4410       288.8450       287.7551       286.5739       286.0098    
 1951   285.8095       286.1161       286.8347       287.9498       288.7782       289.2288       289.5558       289.3496       288.7992       287.7788       286.5691       285.8751    
 1952   285.7586       286.0924       286.9299       287.8130       288.6907       289.1376       289.3436       289.3048       288.7334       287.7061       286.6330       285.8503    
 1953   285.7726       286.3203       287.0223       287.9178       288.7744       289.2444       289.4636       289.3911       288.7737       287.7910       286.4677       285.8154    
 1954   285.6606       286.2086       286.8631       287.7865       288.5573       289.0019       289.5315       289.3158       288.7244       287.7820       286.4970       285.9172    
 1955   285.7206       286.2885       286.8721       287.8222       288.7171       289.2084       289.6151       289.4430       288.8694       287.8285       286.7208       285.9814    
 1956   285.8064       286.3199       286.8691       287.9164       288.7280       289.2226       289.6202       289.5043       288.9344       287.8268       286.7040       285.8718    
 1957   286.0267       286.1744       286.9875       287.8881       288.6758       289.1877       289.4954       289.4796       288.7827       287.7458       286.5922       285.9218    
 1958   285.8557       285.9909       286.8938       287.9086       288.7272       289.2697       289.6379       289.5238       288.9073       287.9091       286.6468       285.9647    
 1959   285.7207       286.2764       286.9279       287.9489       288.8527       289.3036       289.6559       289.5573       288.9768       287.9824       286.8324       286.2148    
 1960   285.8779       286.2307       287.0256       287.9951       288.9688       289.3970       289.6973       289.5692       288.9906       287.9617       286.5406       285.9054    
 1961   285.8306       286.2316       287.0269       287.9262       288.7670       289.2618       289.4782       289.3386       288.7881       287.7975       286.6073       285.9760    
 1962   285.9268       286.2767       287.0463       287.9294       288.7480       289.0502       289.3865       289.4012       288.7607       287.9301       286.7510       285.9147    
 1963   285.8094       286.1512       287.0779       287.8945       288.6892       289.2841       289.4257       289.4329       288.6794       287.8091       286.4831       285.7497    
 1964   285.5439       286.0909       286.6328       287.7307       288.5302       289.0896       289.3811       289.2028       288.5689       287.5769       286.3520       285.4590    
 1965   285.4551       285.8803       286.5755       287.5032       288.3315       288.8861       289.2224       289.2369       288.6357       287.5707       286.4026       285.7287    
 1966   285.7422       285.9687       286.7536       287.7224       288.6387       289.0751       289.2921       289.3071       288.7216       287.6934       286.5998       285.9742    
 1967   285.7105       286.0795       286.7946       287.8736       288.6851       289.1377       289.4452       289.3206       288.8595       287.8252       286.6572       286.0040    
 1968   285.4956       286.1307       286.7656       287.8395       288.7029       289.2226       289.5269       289.2966       288.6945       287.6481       286.5351       285.7552    
 1969   285.5778       286.0808       286.8761       287.8120       288.6470       289.1564       289.4554       289.3602       288.7677       287.6750       286.5667       286.0021    
 1970   285.7635       286.0378       286.7671       287.7801       288.7615       289.2787       289.5254       289.4390       288.8806       287.8033       286.6843       285.7523    
 1971   285.7815       286.2034       286.9353       287.9197       288.6710       289.2867       289.5446       289.5671       288.8497       287.8827       286.7027       286.0500    
 1972   285.9491       286.2731       287.1874       288.0090       288.8379       289.3263       289.6292       289.5930       288.8345       287.8693       286.7140       285.9709    
 1973   285.8739       286.2435       287.0135       288.0253       288.8052       289.3033       289.6539       289.5163       288.9638       287.7820       286.7664       286.0179    
 1974   285.9087       286.3305       287.0331       287.9628       288.8264       289.2436       289.4587       289.4720       288.8079       287.7944       286.7402       285.9289    
 1975   285.6772       286.0334       286.8915       287.8440       288.7596       289.1466       289.4693       289.4320       288.7874       287.7811       286.6180       285.9915    
 1976   285.9701       286.2907       286.9054       287.8616       288.7675       289.2639       289.5598       289.5137       288.8108       287.8607       286.6028       286.0715    
 1977   285.9998       286.3788       287.1351       288.0558       288.8527       289.4462       289.7208       289.6309       288.9902       287.9593       286.8673       286.2646    
 1978   286.2189       286.3446       287.1729       288.1720       288.9498       289.3755       289.5649       289.4852       288.9678       287.8348       286.8141       286.0912    
 1979   285.8807       286.2507       287.2019       288.1079       288.9987       289.5134       289.7421       289.5115       288.9812       287.8795       286.7389       286.1072    
 1980   285.9532       286.3928       287.0576       288.0238       288.8976       289.4378       289.7487       289.6269       288.9931       287.9577       286.7714       286.1273    
 1981   285.9465       286.4781       287.0635       288.0325       288.8299       289.4091       289.6979       289.6314       289.0261       288.1288       286.9718       286.2684    
 1982   286.1176       286.3899       287.2395       288.1110       288.9372       289.4055       289.6452       289.4859       288.9307       287.9715       286.7202       285.9229    
 1983   285.8016       286.2151       286.9241       287.7512       288.5525       289.2146       289.5610       289.3995       288.8629       287.8298       286.6893       285.9831    
 1984   285.8336       286.2980       287.2812       287.9464       288.8604       289.3527       289.6829       289.6455       288.9389       287.9716       286.8457       286.1264    
 1985   285.9686       286.3255       287.1294       288.0035       288.8512       289.3963       289.7229       289.6389       289.0228       288.0204       286.8565       286.2316    
 1986   286.2278       286.2260       287.0374       288.0402       288.8290       289.4329       289.7694       289.7616       289.2010       288.1324       286.9685       286.2789    
 1987   286.1712       286.7798       287.2911       288.1891       288.9988       289.6051       289.9646       290.0251       289.2191       288.2413       287.2141       286.5138    
 1988   286.3052       286.5873       287.3629       288.2993       289.0338       289.5606       289.9295       289.7655       289.1874       288.0689       287.0076       286.2607    
 1989   286.1599       286.5713       287.2176       288.2576       288.9158       289.4199       289.7954       289.8168       289.1890       288.2159       287.2464       286.5903    
 1990   286.4027       286.6579       287.4012       288.3460       289.0610       289.5919       289.9212       289.8841       289.3411       288.3142       287.1374       286.5582    
 1991   286.3879       286.6441       287.4248       288.3278       289.1353       289.6530       290.0004       289.8170       289.2109       288.2427       287.1536       286.5008    
 1992   286.1584       286.5449       287.1940       288.0671       288.8637       289.3293       289.6331       289.6641       288.9121       288.0685       286.8849       286.2882    
 1993   286.0447       286.5347       287.2295       288.0501       288.7625       289.2719       289.6445       289.5976       289.0282       287.9743       286.8243       286.0995    
 1994   285.9668       286.4142       287.0311       288.1001       288.8608       289.3444       289.5945       289.7590       289.0390       287.9830       286.9453       286.3502    
 1995   286.1278       286.6693       287.3307       288.2338       289.0938       289.5178       289.8874       289.7261       289.1798       288.1102       286.9955       286.3795    
 1996   286.1628       286.6674       287.3162       288.2334       288.9878       289.4936       289.6934       289.7139       289.0777       288.0936       287.0267       286.2699    
 1997   286.0320       286.5155       287.2314       288.0927       288.9954       289.4891       289.7192       289.6705       289.1753       288.1614       287.1932       286.3843    
 1998   286.2015       286.6900       287.3620       288.2967       289.1294       289.5876       289.9666       289.9853       289.3309       288.4084       287.2409       286.5177    
 1999   286.4753       286.8039       287.6039       288.4340       289.1688       289.8051       290.1218       289.8941       289.3332       288.3133       287.1671       286.4290    
 2000   286.2588       286.6254       287.2905       288.4151       289.1636       289.6231       290.0320       290.0177       289.5103       288.4216       287.3757       286.6661    
 2001   286.4872       286.6498       287.2944       288.3672       289.2606       289.8036       290.0529       290.1178       289.4720       288.3974       287.1180       286.5051    
 2002   286.5052       286.8684       287.6239       288.4803       289.3846       289.8069       290.1301       290.0626       289.4503       288.4469       287.3964       286.7182    
 2003   286.3793       286.6873       287.4819       288.3542       289.2060       289.6961       289.9902       290.0332       289.4882       288.4869       287.2116       286.6650    
 2004   286.4889       286.9102       287.6272       288.5359       289.3226       289.8448       290.0790       290.0669       289.4188       288.6078       287.4023       286.6011    
 2005   286.4593       286.8241       287.4413       288.3326       289.1251       289.6364       290.0457       290.0498       289.4988       288.5019       287.3407       286.6440    
 2006   286.5033       286.7922       287.4323       288.4940       289.2779       289.8396       290.1716       290.0581       289.4728       288.4766       287.3849       286.6200    
 2007   286.4306       286.7480       287.5366       288.4397       289.2251       289.8275       290.0838       290.1713       289.6049       288.5639       287.3707       286.6771    
 2008   286.4442       286.8416       287.6216       288.5236       289.3565       289.7817       290.0402       290.0093       289.4508       288.4238       287.2382       286.3793    
 2009   286.2513       286.7387       287.5418       288.3421       289.2021       289.8244       290.1678       290.1152       289.5186       288.4840       287.5773       286.7759    
 2010   286.5902       286.9337       287.5082       288.5363       289.3197       289.7854       290.1512       290.0825       289.5523       288.5553       287.4701       286.8068    
 2011   286.3838       286.8781       287.7436       288.6553       289.3452       289.8942       290.1609       290.0915       289.4781       288.5263       287.5428       286.6726    
 2012   286.3834       286.7990       287.6342       288.5440       289.2398       289.9030       290.2245       290.1280       289.4877       288.6229       287.5381       286.7073    
 2013   286.5171       287.0352       287.7765       288.5546       289.3267       289.9699       290.2417       290.2260       289.6359       288.7193       287.5424       286.7203    
 2014   286.8623       286.9947       287.5677       288.4777       289.2486       289.9282       290.1042       290.0953       289.5789       288.5659       287.3253       286.6999    
 2015   286.4227       286.6960       287.6931       288.4717       289.3307       289.7982       290.1095       290.1923       289.6166       288.5303       287.5125       286.8358    
 2016   286.5770       286.9830       287.7343       288.5859       289.4979       289.9106       290.2737       290.1479       289.6346       288.6549       287.5068       286.7156    
 2017   286.6966       286.8354       287.6245       288.4904       289.3317       289.9562       290.2899       290.3080       289.6306       288.6770       287.6991       286.7271    
 2018   286.7578       286.8073       287.5874       288.6337       289.4553       289.9856       290.4485       290.2772       289.6206       288.6367       287.4372       286.7995    
 2019   286.4276       287.0638       287.6340       288.6869       289.3975       290.0037       290.3655       290.2515       289.6704       288.7471       287.4930       286.8130    
 2020   286.4745       286.9369       287.6415       288.6279       289.4599       290.0669       290.3590       290.2971       289.6695       288.7506       287.5909       286.8694    
 2021   286.7408       287.2419       287.8771       288.8337       289.5229       290.1254       290.3158       290.3554       289.7504       288.6918       287.7681       286.8743    
 2022   286.8257       287.2933       287.8761       288.8221       289.6135       290.1632       290.4488       290.4869       289.7605       288.8996       287.6928       286.8949    
 2023   286.8048       287.0418       287.9717       288.8616       289.5369       290.0856       290.4122       290.3195       289.7321       288.8292       287.7719       287.1382    
 2024   287.0100       287.1403       287.9247       288.7711       289.4953       290.1976       290.4938       290.5385       289.9324       288.9633       287.7374       287.0031    
 2025   286.9774       287.0688       287.9594       288.8471       289.6131       290.1654       290.4874       290.3908       289.8637       288.9008       287.8606       287.0449    
 2026   286.8690       287.2329       288.0730       288.8513       289.6774       290.2198       290.4746       290.3659       289.9122       288.7775       287.8438       286.9942    
 2027   286.8234       287.2809       287.9488       289.0068       289.6255       290.1023       290.3717       290.3658       289.8044       288.8953       287.7616       287.0407    
 2028   286.5587       286.9778       287.9040       288.7421       289.5599       290.0624       290.5799       290.4157       290.0761       289.0237       287.9503       287.2550    
 2029   286.9603       287.2720       287.9109       288.8233       289.7889       290.2528       290.6350       290.4808       289.9689       288.9944       287.9583       287.2442    
 2030   286.8594       287.3053       288.0240       288.9593       289.8111       290.2356       290.6377       290.6306       289.9867       288.9601       287.9346       287.2963    
 2031   287.0423       287.4302       288.0161       289.0002       289.8550       290.3048       290.5866       290.5034       289.9188       289.0125       287.8558       287.1550    
 2032   287.1118       287.3403       288.0257       288.8436       289.6608       290.2168       290.4334       290.4353       289.9022       288.9268       287.8409       287.0789    
 2033   286.9815       287.3538       288.0115       288.8710       289.6434       290.2120       290.5745       290.4747       289.9383       289.0068       287.8935       287.2943    
 2034   286.9474       287.3206       288.1432       289.0526       289.8083       290.3262       290.5541       290.5215       289.9066       289.0456       287.7987       287.0789    
 2035   287.0487       287.3623       288.0091       288.9069       289.6362       290.2350       290.5736       290.5997       290.0165       289.1771       288.0278       287.4464    
 2036   287.1341       287.3523       288.1989       288.9257       289.7227       290.1756       290.5731       290.3918       289.8897       288.8698       287.9258       287.1378    
 2037   286.8146       287.1746       287.8589       288.9463       289.7038       290.3126       290.6614       290.6273       290.1660       289.0797       288.0896       287.1975    
 2038   287.0441       287.5060       287.9907       289.1240       289.9728       290.4019       290.7425       290.6311       289.9883       289.1195       288.0766       287.3637    
 2039   286.9393       287.3322       288.2921       289.0750       289.8092       290.3463       290.6569       290.5707       290.0705       289.2009       288.2007       287.4032    
 2040   287.2081       287.4782       288.1888       289.1164       289.8022       290.4139       290.8418       290.7416       290.0568       288.9738       288.0160       287.3654    
 2041   287.3101       287.5408       288.1594       289.0208       289.7195       290.2974       290.7238       290.5729       290.1000       289.0403       288.0761       287.1671    
 2042   287.1626       287.3324       288.1617       289.0108       289.8584       290.2210       290.6587       290.6039       290.1284       289.0927       287.9772       287.3052    
 2043   287.0593       287.4273       288.3138       289.0421       289.7785       290.4766       290.7015       290.7108       290.1703       289.2014       288.1551       287.4012    
 2044   287.3112       287.5182       288.2616       288.9830       289.7955       290.3903       290.7275       290.6357       290.1121       289.1807       288.1300       287.3152    
 2045   287.1917       287.4239       288.3043       289.0832       289.7957       290.3409       290.6414       290.6139       290.0665       289.2981       288.2303       287.4460    
 2046   287.0181       287.5532       288.1440       289.0977       289.8622       290.4782       290.7769       290.6766       290.0586       289.1260       288.1228       287.5140    
 2047   287.2054       287.5251       288.0935       288.9948       289.9637       290.4789       290.7495       290.7329       290.0446       289.2101       288.0815       287.2068    
 2048   287.2422       287.4650       288.1268       289.0510       289.9087       290.4749       290.8038       290.7412       290.1717       289.1945       288.2257       287.5763    
 2049   287.2602       287.5210       288.2794       289.1629       289.8400       290.6109       290.8527       290.7206       290.2036       289.1750       288.1743       287.5409    
 2050   287.3005       287.6674       288.3877       289.2067       290.0001       290.6668       290.8924       290.7965       290.2339       289.4669       288.3035       287.4861    
 2051   287.3550       287.5714       288.1851       289.1245       290.0265       290.6464       290.8717       290.7302       290.1857       289.3787       288.1376       287.5373    
 2052   287.2656       287.5179       288.2314       289.1020       289.9502       290.4760       290.8991       290.9105       290.1759       289.3382       288.1311       287.5060    
 2053   287.4105       287.7253       288.4305       289.3797       289.9947       290.5298       290.8687       290.7769       290.3246       289.3884       288.1788       287.5117    
 2054   287.4743       287.7273       288.3931       289.2516       290.1002       290.7226       290.8522       290.7655       290.2593       289.4009       288.4133       287.5069    
 2055   287.3979       287.5749       288.2675       289.2184       290.0374       290.6130       290.9026       290.9325       290.4054       289.4010       288.2976       287.5002    
 2056   287.3029       287.6909       288.2573       289.0867       290.0736       290.6385       290.8806       290.8242       290.2305       289.1650       288.1801       287.3706    
 2057   287.2399       287.5314       288.3539       289.2349       289.9175       290.5740       290.9460       290.8737       290.2825       289.3006       288.1697       287.3927    
 2058   287.3110       287.7435       288.5108       289.2988       290.1396       290.7722       290.9253       290.8640       290.3799       289.4225       288.2114       287.5386    
 2059   287.5305       287.8207       288.3320       289.2963       290.0641       290.5498       290.9241       290.9144       290.3682       289.3388       288.3200       287.6648    
 2060   287.3184       287.6423       288.2957       289.2352       290.1180       290.6789       291.0613       290.9201       290.4291       289.3221       288.2818       287.5428    
 2061   287.5544       287.6413       288.5072       289.3581       290.1623       290.6066       290.9725       290.7390       290.1855       289.2667       288.3100       287.5970    
 2062   287.2740       287.5746       288.3519       289.3629       290.0621       290.6920       290.9461       290.9445       290.4998       289.5492       288.5014       287.7838    
 2063   287.6325       287.7529       288.4320       289.3394       290.1599       290.7028       291.1078       291.0559       290.4622       289.5078       288.3357       287.7039    
 2064   287.4799       287.6872       288.3797       289.2908       290.0387       290.7045       290.9724       290.8841       290.3426       289.3750       288.4366       287.7346    
 2065   287.6142       287.8466       288.5040       289.3126       290.0630       290.6476       291.1115       290.9636       290.3330       289.4764       288.3882       287.6785    
 2066   287.3593       287.8070       288.4389       289.4798       290.2532       290.6460       291.0632       291.0918       290.4455       289.4210       288.4609       287.6322    
 2067   287.4033       287.6093       288.2521       289.2854       290.0223       290.6364       290.9427       291.0321       290.4633       289.5043       288.4285       287.5864    
 2068   287.4062       287.8318       288.4561       289.3362       290.2145       290.6551       290.8805       290.8360       290.3546       289.3109       288.2418       287.4597    
 2069   287.2438       287.6274       288.3110       289.2646       289.9385       290.6318       291.0641       290.9934       290.3408       289.2785       288.2915       287.6440    
 2070   287.5171       287.6443       288.5905       289.3217       290.0739       290.7708       291.0298       290.8903       290.4395       289.4964       288.4900       287.6876    
 2071   287.4218       287.8427       288.5124       289.4427       290.2308       290.7654       291.1178       291.0584       290.4987       289.5661       288.4899       287.8107    
 2072   287.7064       287.9189       288.5911       289.4781       290.0442       290.8214       291.0687       291.0641       290.4738       289.6211       288.3438       287.6027    
 2073   287.5576       287.8718       288.4261       289.3016       290.2242       290.8478       291.1214       291.0525       290.4682       289.6080       288.4323       287.7694    
 2074   287.2524       287.6568       288.2640       289.4168       290.3118       290.8810       291.0333       291.0649       290.4869       289.6064       288.4754       287.6653    
 2075   287.4308       287.8055       288.3427       289.2903       290.0959       290.7067       291.0455       291.0776       290.3809       289.6509       288.4299       287.8449    
 2076   287.5472       287.6176       288.5059       289.4152       290.1415       290.7166       291.0313       290.8820       290.4439       289.5350       288.4815       287.7906    
 2077   287.7365       288.0543       288.7061       289.4374       290.2175       290.7803       291.0804       291.0125       290.3727       289.4951       288.4934       287.6212    
 2078   287.5208       287.8600       288.5548       289.5730       290.2600       290.7630       291.0623       290.9622       290.3752       289.5609       288.2910       287.6632    
 2079   287.4026       287.7393       288.5772       289.4063       290.0576       290.7483       290.9948       290.9646       290.4259       289.5356       288.3722       287.8222    
 2080   287.5007       287.5728       288.3205       289.3636       290.1698       290.7618       291.0220       291.0825       290.5306       289.4375       288.4271       287.6391    
 2081   287.4680       287.6469       288.5328       289.4439       290.2216       290.7119       291.0285       290.9818       290.4238       289.4352       288.4865       287.4910    
 2082   287.2646       287.8358       288.3338       289.4072       290.0977       290.6523       291.0604       290.9450       290.3841       289.4857       288.4000       287.6835    
 2083   287.4454       287.7350       288.3468       289.2031       289.8686       290.7002       291.0500       291.0603       290.3786       289.5639       288.2438       287.5126    
 2084   287.2572       287.6106       288.4220       289.3177       290.1226       290.7417       291.0162       290.9339       290.3192       289.4490       288.3218       287.5791    
 2085   287.3570       287.6685       288.4614       289.2601       290.0798       290.6203       291.0168       291.0235       290.3461       289.4528       288.2772       287.4253    
 2086   287.2744       287.6467       288.4670       289.4240       290.3067       290.7579       291.0899       291.0216       290.5173       289.5244       288.4840       287.7296    
 2087   287.4785       287.9131       288.6316       289.5046       290.3345       290.8729       291.2168       291.1056       290.6046       289.5386       288.5001       287.8319    
 2088   287.5432       287.7330       288.4633       289.3386       290.2337       290.7345       290.9599       290.9807       290.3381       289.4515       288.3189       287.7382    
 2089   287.4856       287.7067       288.4405       289.4019       290.2250       290.7967       291.1149       291.0236       290.3360       289.3756       288.2896       287.5354    
 2090   287.2491       287.7224       288.3727       289.3730       290.0544       290.6366       290.9847       290.9877       290.3777       289.4174       288.3254       287.7244    
 2091   287.3463       287.7575       288.6491       289.3922       290.1714       290.7215       291.0464       290.8981       290.2860       289.4678       288.3815       287.6023    
 2092   287.5185       287.5244       288.4710       289.3996       290.0239       290.6668       291.0294       290.8715       290.2812       289.3285       288.1701       287.6606    
 2093   287.3049       287.5824       288.3754       289.1321       289.9478       290.5867       291.0160       290.9228       290.3114       289.5250       288.4868       287.7053    
 2094   287.5480       287.7909       288.3648       289.3747       290.2601       290.7079       290.9809       290.8518       290.2336       289.3648       288.2449       287.7315    
 2095   287.3785       287.5996       288.4031       289.1998       290.1026       290.6513       290.9727       290.9095       290.3700       289.3899       288.3998       287.7620    
 2096   287.4235       288.0502       288.6318       289.3500       290.2014       290.8228       291.0652       290.9571       290.4672       289.4993       288.3615       287.7314    
 2097   287.6501       287.8270       288.3539       289.2749       290.2603       290.7797       291.1947       290.9713       290.5134       289.5644       288.5291       287.6623    
 2098   287.4771       287.9684       288.6316       289.3536       290.0469       290.8023       291.0630       291.0230       290.4714       289.6012       288.5722       287.8164    
 2099   287.4412       287.9093       288.5107       289.3860       290.2266       290.7662       291.1182       291.1188       290.5863       289.5706       288.3150       287.7699    
 2100   287.3674       287.6985       288.5421       289.6396       290.3534       290.8103       291.0949       290.9783       290.4448       289.5733       288.5900       287.7890    
 2101   287.4156       287.6187       288.5497       289.5668       290.3071       290.9006       291.1461       291.0775       290.4339       289.3822       288.4658       287.7749    
 2102   287.5330       287.8406       288.5860       289.3846       290.2400       290.7782       291.1138       291.1721       290.5126       289.4359       288.2648       287.7166    
 2103   287.3627       287.7577       288.5572       289.4578       290.1699       290.7462       291.0566       291.0809       290.3637       289.4041       288.3871       287.5673    
 2104   287.3824       287.8618       288.7011       289.5557       290.2411       290.9073       291.0747       291.0095       290.3543       289.4071       288.3237       287.5781    
 2105   287.3512       287.6056       288.4042       289.4551       290.1416       290.7047       291.0587       290.9825       290.4218       289.4983       288.4057       287.8127    
 2106   287.4967       287.7951       288.5869       289.5646       290.1641       290.8338       291.1471       291.0456       290.4801       289.4648       288.4826       287.7617    
 2107   287.4482       287.7679       288.4629       289.3998       290.2284       290.8441       291.1512       291.0828       290.5370       289.5983       288.4258       287.7229    
 2108   287.5023       287.8902       288.5001       289.6264       290.2385       290.9055       291.1628       291.2285       290.6797       289.6866       288.6328       287.8350    
 2109   287.6505       287.9424       288.6187       289.5665       290.3686       290.8191       291.2296       291.1682       290.5808       289.5857       288.6025       287.8250    
 2110   287.6787       288.0167       288.6398       289.5483       290.3972       290.9105       291.2270       291.0966       290.5756       289.5179       288.5072       287.9440    
 2111   287.8247       287.9064       288.6124       289.6585       290.4893       290.8482       291.1436       291.0684       290.5689       289.6234       288.3996       287.8674    
 2112   287.6613       287.9251       288.5186       289.4913       290.1913       290.8346       291.3436       291.1509       290.5223       289.5117       288.4884       287.8527    
 2113   287.6151       287.9224       288.7476       289.4817       290.2279       290.7403       291.0432       291.1011       290.5191       289.5593       288.6244       287.8097    
 2114   287.5146       287.7967       288.6906       289.5806       290.3111       290.8579       291.2849       291.1009       290.4878       289.5411       288.5733       287.9319    
 2115   287.6123       287.9688       288.5160       289.6280       290.2724       290.8004       291.1603       291.1682       290.5117       289.6150       288.4491       287.8166    
 2116   287.5386       287.8517       288.5144       289.4550       290.2511       290.8956       291.1806       291.0693       290.5901       289.5506       288.5537       287.8261    
 2117   287.6266       287.8713       288.5892       289.4052       290.1412       290.7836       291.2057       291.1575       290.5562       289.5909       288.5178       287.7357    
 2118   287.3948       287.6945       288.4232       289.3866       290.1862       290.7597       291.1282       291.0667       290.5590       289.6070       288.5531       287.7671    
 2119   287.4048       287.8819       288.6502       289.4428       290.2846       290.8759       291.1752       291.1380       290.5221       289.4655       288.4264       287.7494    
 2120   287.4698       287.7352       288.4294       289.3094       290.0630       290.7834       291.1105       291.0973       290.4860       289.5225       288.5372       287.7986    
 2121   287.4141       287.7620       288.5289       289.2902       290.2621       290.8187       291.1296       291.1232       290.5132       289.5257       288.3529       287.6787    
 2122   287.4448       287.7188       288.6053       289.4858       290.2364       290.8320       291.2043       291.0732       290.5291       289.4788       288.3908       287.7758    
 2123   287.4667       288.0319       288.5035       289.4447       290.2101       290.7644       291.0971       291.0450       290.5335       289.4972       288.6664       287.7036    
 2124   287.5279       287.9240       288.4748       289.4680       290.1459       290.8993       291.2537       291.1656       290.6846       289.7231       288.6144       287.5256    
 2125   287.5808       287.7672       288.4999       289.4490       290.3535       290.8379       291.2143       291.1539       290.6135       289.6627       288.5070       287.7992    
 2126   287.7682       287.8623       288.7090       289.5652       290.4126       290.9649       291.2321       291.0479       290.6042       289.5314       288.3451       287.7325    
 2127   287.4895       287.7065       288.4806       289.2395       290.1706       290.7410       291.0730       291.0410       290.4829       289.6104       288.4200       287.7130    
 2128   287.5549       288.0456       288.7187       289.4919       290.2714       290.8007       291.2745       291.2188       290.6093       289.6528       288.6987       287.9423    
 2129   287.5856       287.8705       288.6444       289.6203       290.4647       290.8365       291.1622       291.0562       290.6251       289.6046       288.5223       287.7661    
 2130   287.4155       287.8792       288.7662       289.4508       290.3513       290.9056       291.2719       291.1597       290.4903       289.5716       288.5799       287.7672    
 2131   287.5800       287.8770       288.6050       289.4674       290.3524       290.8138       291.1816       290.9885       290.4483       289.4638       288.4785       287.7221    
 2132   287.5803       287.7140       288.4487       289.3497       290.2531       290.7168       291.0751       291.1142       290.5269       289.5999       288.5176       287.8618    
 2133   287.3409       287.9283       288.6414       289.4397       290.2431       290.9149       291.1803       291.0977       290.5279       289.6986       288.4811       287.7561    
 2134   287.6422       287.9993       288.7132       289.4950       290.2897       290.8109       291.1306       291.0260       290.4358       289.6267       288.6148       287.7240    
 2135   287.5969       287.8453       288.5799       289.2443       290.2171       290.8282       291.1193       291.1108       290.6400       289.6826       288.6252       287.8722    
 2136   287.6002       287.8698       288.6942       289.5938       290.3664       290.9591       291.1714       291.0655       290.4606       289.5875       288.5337       287.7015    
 2137   287.3629       287.7221       288.3800       289.3475       290.3454       290.7132       291.1404       291.0445       290.5794       289.5543       288.5441       287.7873    
 2138   287.5900       287.7904       288.4948       289.5235       290.3510       290.8434       291.1629       291.1465       290.5049       289.5970       288.3744       287.5736    
 2139   287.7176       287.9070       288.5828       289.4398       290.3238       290.8646       291.1899       290.9909       290.4857       289.4187       288.4741       287.8017    
 2140   287.3994       287.7041       288.5562       289.5854       290.2675       290.8152       291.1040       291.0307       290.5108       289.5224       288.2741       287.8908    
 2141   287.4715       287.9693       288.5964       289.4580       290.2340       290.7963       291.0385       290.9796       290.4652       289.7003       288.4008       287.6396    
 2142   287.5133       287.7772       288.6705       289.4022       290.1707       290.8129       291.1513       291.1433       290.5452       289.5790       288.3316       287.8128    
 2143   287.6855       287.8712       288.4638       289.4221       290.2654       290.7292       291.2093       291.0612       290.4736       289.4924       288.4644       287.7333    
 2144   287.4982       287.7426       288.5891       289.4511       290.2546       290.9362       291.2900       291.2128       290.6320       289.7165       288.6172       287.9900    
 2145   287.5820       288.0966       288.6710       289.5323       290.3236       290.8905       291.2765       291.2446       290.6094       289.6858       288.4241       287.7600    
 2146   287.5468       287.9200       288.7541       289.7438       290.4951       291.0468       291.3319       291.1925       290.4775       289.6737       288.5764       287.7596    
 2147   287.6118       287.9426       288.7046       289.6004       290.2665       290.9296       291.2403       291.2033       290.6340       289.7584       288.6715       287.9688    
 2148   287.8024       288.2162       288.7703       289.6141       290.5148       290.8731       291.2448       291.2359       290.6462       289.6957       288.6230       287.7757    
 2149   287.6552       288.0515       288.7331       289.6397       290.4167       290.9380       291.2153       291.2191       290.5753       289.6272       288.6043       287.5530    
 2150   287.4419       287.7202       288.4533       289.5132       290.1732       290.7776       291.1319       291.1073       290.6082       289.6447       288.5447       287.9652    
 2151   287.7526       287.9767       288.7399       289.7349       290.4069       290.9748       291.2153       291.1422       290.5646       289.6274       288.5727       287.8176    
 2152   287.7213       287.8889       288.6868       289.3896       290.2448       290.8617       291.1551       291.1946       290.5960       289.6265       288.6100       287.6282    
 2153   287.5681       287.9930       288.5428       289.4673       290.3488       290.8879       291.2455       291.2964       290.6527       289.6403       288.5071       287.7321    
 2154   287.3802       288.0463       288.7210       289.5030       290.4661       290.9203       291.2778       291.3528       290.6532       289.5822       288.6636       287.8397    
 2155   287.6205       287.9772       288.7390       289.5612       290.3260       290.9997       291.2497       291.1602       290.5872       289.6443       288.4866       287.8923    
 2156   287.6253       288.0384       288.7931       289.6108       290.3210       290.8942       291.2665       291.2173       290.7257       289.6325       288.5820       287.8320    
 2157   287.4197       287.9516       288.7145       289.6065       290.4405       290.9658       291.2078       291.1102       290.7109       289.7047       288.5309       287.8393    
 2158   287.6249       288.0757       288.6557       289.5457       290.4266       291.0359       291.3340       291.2139       290.6364       289.7659       288.5700       287.7713    
 2159   287.6710       287.8129       288.6943       289.6019       290.5392       291.0189       291.3596       291.2135       290.6892       289.8434       288.7859       288.0202    
 2160   287.7549       287.9910       288.7349       289.5853       290.4272       291.0141       291.1974       291.1792       290.5858       289.6810       288.6550       287.8914    
 2161   287.6013       288.1261       288.7843       289.5038       290.2456       290.7568       291.1471       291.1134       290.7060       289.5841       288.5633       287.9143    
 2162   287.6757       288.1834       288.7589       289.6492       290.4375       291.0131       291.2824       291.1819       290.6506       289.6514       288.6367       287.8572    
 2163   287.6490       287.9491       288.7665       289.5495       290.4264       291.1196       291.3326       291.1747       290.7911       289.7575       288.6607       287.9622    
 2164   287.8704       287.9393       288.7561       289.6962       290.4750       291.0182       291.3545       291.2164       290.6152       289.6431       288.5263       287.9702    
 2165   287.5028       287.8446       288.6882       289.5676       290.3064       290.8898       291.2607       291.1353       290.4816       289.6460       288.4606       287.6964    
 2166   287.6253       287.9322       288.7047       289.5514       290.3313       290.8806       291.2340       291.1400       290.5990       289.7845       288.4454       287.8550    
 2167   287.8704       288.0881       288.6500       289.6467       290.3218       290.9694       291.3090       291.2235       290.6281       289.6692       288.6089       287.7218    
 2168   287.5998       287.9092       288.7783       289.6340       290.4025       290.9620       291.2268       291.1304       290.5662       289.6817       288.7074       287.9515    
 2169   287.8555       288.1023       288.8702       289.7491       290.4768       290.9823       291.2248       291.2438       290.6598       289.6824       288.6127       287.8754    
 2170   287.6551       287.8694       288.7149       289.7695       290.5365       290.9882       291.2496       291.1479       290.6505       289.5049       288.4255       287.6859    
 2171   287.4819       287.9168       288.6955       289.5329       290.3717       290.8445       291.1873       291.2320       290.6468       289.6478       288.6567       287.7875    
 2172   287.6672       288.0048       288.5667       289.6104       290.3135       290.8457       291.1731       291.1865       290.5196       289.6384       288.5930       287.7392    
 2173   287.5034       287.9514       288.7580       289.5719       290.4284       291.0096       291.2929       291.1648       290.6295       289.6260       288.5768       287.9029    
 2174   287.8010       287.8286       288.7267       289.5360       290.3414       290.9102       291.2790       291.1983       290.5928       289.6161       288.5375       287.7261    
 2175   287.4798       288.0362       288.8147       289.6604       290.3504       290.9292       291.3127       291.1817       290.6222       289.6262       288.7078       287.7866    
 2176   287.8105       287.9450       288.5542       289.5715       290.3547       290.9559       291.1937       291.2198       290.6372       289.8226       288.6382       287.9750    
 2177   287.8485       287.9491       288.7877       289.6445       290.4217       291.0410       291.3376       291.2723       290.5637       289.5604       288.5102       287.9155    
 2178   287.5628       287.9828       288.6303       289.5963       290.3508       290.9144       291.2916       291.2091       290.6888       289.6672       288.6333       288.0327    
 2179   287.8082       288.0144       288.8095       289.6030       290.4781       291.0357       291.3683       291.2591       290.7018       289.8285       288.7222       287.8645    
 2180   287.7714       288.0910       288.5809       289.5594       290.4099       290.8835       291.2394       291.2651       290.7285       289.7686       288.5936       287.9540    
 2181   287.9639       288.2860       289.1236       289.5283       290.3571       290.8500       291.2595       291.1704       290.5457       289.5403       288.5320       287.7798    
 2182   287.4686       287.7905       288.5816       289.4300       290.1844       290.7217       291.0988       291.0796       290.4637       289.5838       288.6681       287.8415    
 2183   287.5841       287.9561       288.6402       289.4305       290.3429       290.8016       291.2746       291.3188       290.7126       289.6067       288.6272       287.7258    
 2184   287.7983       287.8985       288.6930       289.6248       290.4111       291.0209       291.4390       291.3124       290.8477       289.7419       288.7560       287.9081    
 2185   287.7309       287.9191       288.7400       289.5478       290.4911       291.0666       291.3534       291.2577       290.7707       289.8067       288.6230       287.7240    
 2186   287.7421       288.0467       288.7379       289.8689       290.5187       291.0034       291.3379       291.2837       290.7268       289.8062       288.6311       287.9775    
 2187   287.8335       287.9924       288.8484       289.7460       290.4185       291.0076       291.4082       291.2900       290.7077       289.7458       288.5586       287.9749    
 2188   287.8014       288.0976       288.7938       289.6022       290.3780       290.9812       291.3255       291.2988       290.6418       289.5940       288.5977       287.9621    
 2189   287.7853       288.2531       288.8714       289.6733       290.5672       291.0752       291.3446       291.2872       290.6952       289.7003       288.6089       288.0080    
 2190   287.7941       287.9612       288.8948       289.7790       290.4487       290.9640       291.2473       291.2148       290.5863       289.5994       288.5258       287.8813    
 2191   287.8253       288.0284       288.7897       289.5443       290.2776       290.8594       291.3114       291.2658       290.6751       289.6188       288.6715       287.9352    
 2192   287.7903       288.2230       288.7941       289.7480       290.5214       291.0475       291.3275       291.3555       290.8194       289.7582       288.7227       287.9952    
 2193   287.6290       288.1223       288.9134       289.6863       290.4130       291.0583       291.4256       291.4018       290.7991       289.7735       288.5909       287.9788    
 2194   287.6641       288.0568       288.6237       289.7299       290.5669       291.0617       291.3585       291.3160       290.6669       289.7191       288.7953       288.0885    
 2195   287.8283       288.0921       288.8819       289.6977       290.5319       291.0962       291.3078       291.3052       290.7731       289.8366       288.6856       287.9798    
 2196   287.7736       287.9417       288.6481       289.6205       290.4952       291.0099       291.2639       291.1481       290.6106       289.6805       288.5155       287.9628    
 2197   287.5457       287.8670       288.5884       289.6645       290.3405       290.9530       291.5190       291.2961       290.5971       289.7115       288.6721       287.9191    
 2198   287.7379       288.0240       288.7826       289.5594       290.3833       290.9560       291.3764       291.1166       290.6363       289.6002       288.4970       288.0183    
 2199   287.6172       287.8683       288.6602       289.6140       290.3611       290.9242       291.3228       291.1593       290.5795       289.7289       288.5682       287.8039    
 2200   287.5095       288.0214       288.6602       289.6004       290.4515       291.0075       291.3879       291.4232       290.8579       289.9245       288.8268       288.0437    
 2201   287.8283       288.1151       288.8695       289.7867       290.5823       291.0839       291.3354       291.3138       290.5356       289.6901       288.6313       287.8666    
 2202   287.5693       288.1332       288.5973       289.5392       290.4005       291.0031       291.2785       291.2003       290.6580       289.7381       288.6272       287.9186    
 2203   287.8792       287.9299       288.6653       289.6842       290.4240       290.9714       291.2501       291.1852       290.7774       289.7338       288.6819       287.8093    
 2204   287.6837       288.0473       288.8463       289.5668       290.3718       290.9721       291.2321       291.2403       290.6971       289.7803       288.7200       287.9439    
 2205   287.7255       288.1104       288.8276       289.7072       290.4729       290.9846       291.3138       291.2620       290.7128       289.8348       288.5924       287.8186    
 2206   287.5807       287.9868       288.7797       289.5515       290.3943       291.0812       291.3666       291.2885       290.7885       289.8021       288.7946       287.9395    
 2207   287.8112       287.9301       288.6910       289.7637       290.5900       291.0429       291.3817       291.3734       290.8600       289.8245       288.6357       287.9149    
 2208   287.9046       288.1542       288.7372       289.6153       290.4219       290.9986       291.3093       291.2496       290.6700       289.6708       288.5390       287.7301    
 2209   287.6027       288.0582       288.8090       289.6330       290.5699       291.0233       291.3292       291.2993       290.7845       289.9067       288.7613       288.0132    
 2210   287.8142       287.9790       288.7594       289.6239       290.5852       291.0816       291.2577       291.2364       290.6354       289.6885       288.7119       287.9838    
 2211   287.8211       288.0169       288.6757       289.6280       290.3608       290.9177       291.1955       291.3379       290.6543       289.6782       288.7408       288.1074    
 2212   287.8761       288.1765       288.8269       289.9388       290.6183       291.2267       291.5204       291.4661       290.7818       289.7708       288.8535       287.9980    
 2213   287.6783       288.1470       288.8638       289.5477       290.4631       291.0182       291.3776       291.3922       290.8069       289.8913       288.6766       287.9631    
 2214   287.8299       288.2334       288.9428       289.7222       290.5324       291.1442       291.4225       291.3675       290.7429       289.8582       288.7497       287.9467    
 2215   287.7322       288.0794       288.6275       289.6792       290.3450       290.9361       291.2924       291.2493       290.7543       289.7652       288.5682       288.0206    
 2216   287.8868       288.1844       288.9048       289.6983       290.5044       291.0651       291.3909       291.3867       290.7187       289.8871       288.7935       288.1471    
 2217   287.9457       288.0488       288.7921       289.6470       290.4880       290.9330       291.4688       291.4178       290.8715       289.7868       288.6555       288.0741    
 2218   287.7892       288.2264       288.8586       289.7928       290.6105       291.2292       291.4176       291.4164       290.8642       289.8219       288.8124       288.1007    
 2219   287.8472       288.2259       288.9802       289.8041       290.5338       291.1043       291.4364       291.3704       290.7828       289.7896       288.7827       288.0375    
 2220   287.7740       288.2386       288.8059       289.7549       290.3481       291.0701       291.4742       291.3480       290.7900       289.8978       288.6697       287.9142    
 2221   287.8174       288.1333       288.6578       289.6094       290.4632       291.0807       291.4142       291.3365       290.7898       289.8493       288.6967       287.9736    
 2222   287.6952       288.0275       288.6995       289.6346       290.5876       291.0619       291.4422       291.3799       290.7040       289.8947       288.6608       287.8430    
 2223   287.7720       288.1087       288.8428       289.7711       290.4849       291.1537       291.5032       291.3383       290.8099       289.8709       288.8223       287.9964    
 2224   287.7931       288.1207       288.9660       289.6830       290.5642       291.0805       291.4269       291.2325       290.6945       289.7233       288.6393       288.0195    
 2225   287.8583       288.1154       288.8073       289.7268       290.4692       290.9286       291.2904       291.3209       290.7049       289.8869       288.8499       288.0281    
 2226   287.6548       287.8822       288.7910       289.7610       290.5386       291.1767       291.4080       291.3092       290.7464       289.8156       288.8273       288.0451    
 2227   287.7819       287.9768       288.6786       289.6744       290.4990       291.0668       291.3706       291.3263       290.6753       289.7435       288.7590       288.0488    
 2228   287.7763       287.9503       288.8967       289.7585       290.5444       291.0532       291.3543       291.2954       290.7407       289.8209       288.8429       288.0670    
 2229   287.9300       288.1667       288.6574       289.7169       290.5559       291.1420       291.3753       291.2422       290.7371       289.7677       288.6962       287.8448    
 2230   287.7738       287.8906       288.7002       289.5372       290.3761       290.9296       291.2781       291.3204       290.6918       289.8403       288.8530       288.1129    
 2231   287.8532       288.1929       288.8536       289.8186       290.4752       291.1563       291.4764       291.3499       290.8330       289.7505       288.6899       288.0933    
 2232   288.0726       288.3987       288.9652       289.7493       290.4409       291.0247       291.2809       291.2970       290.8172       289.9144       288.8363       288.1184    
 2233   288.0229       288.0726       288.8609       289.7494       290.4114       291.0974       291.3673       291.3983       290.8179       289.7645       288.7856       288.0670    
 2234   287.9077       288.1828       288.9363       289.7086       290.4680       290.9772       291.3654       291.2767       290.6441       289.7849       288.6505       288.1473    
 2235   287.8538       288.0628       289.0143       289.8122       290.5036       290.9683       291.3548       291.2246       290.7397       289.8259       288.7509       288.1607    
 2236   287.7325       288.0822       288.8295       289.8382       290.5236       291.1001       291.4223       291.3167       290.7435       289.8586       288.8089       288.1622    
 2237   287.8130       288.1854       288.9739       289.7064       290.4031       290.9684       291.4264       291.3781       290.7793       289.8062       288.6081       288.0675    
 2238   287.9979       288.1335       288.8020       289.4941       290.4890       291.1474       291.3215       291.3716       290.6842       289.8998       288.7113       287.9265    
 2239   287.6992       288.1584       289.0080       289.7431       290.4753       290.9609       291.4074       291.2607       290.7404       289.8506       288.7390       287.8554    
 2240   287.6783       287.9734       288.6718       289.6176       290.4370       291.0240       291.3969       291.3544       290.8974       289.9592       288.8391       288.3103    
 2241   287.9785       288.2242       288.9582       289.6654       290.4662       291.0264       291.3591       291.3649       290.7518       289.8420       288.6353       288.0847    
 2242   287.8418       288.0618       288.8483       289.6721       290.4493       290.9910       291.3208       291.3839       290.7496       289.7382       288.6425       287.9154    
 2243   287.7888       287.9506       288.6161       289.5520       290.4657       290.9668       291.3004       291.3462       290.7338       289.8688       288.7889       288.1026    
 2244   287.8361       288.0775       288.7024       289.6887       290.4747       291.0360       291.3573       291.3257       290.7334       289.6772       288.6791       288.0295    
 2245   287.8391       288.1493       288.5815       289.6801       290.4692       290.9889       291.3789       291.3768       290.6546       289.7201       288.6814       288.1107    
 2246   287.6292       287.8887       288.7400       289.6546       290.3871       290.8870       291.2780       291.2264       290.6680       289.8067       288.6308       288.0113    
 2247   287.7231       288.1928       288.7307       289.6921       290.4592       291.0067       291.3551       291.3950       290.7448       289.7768       288.7150       288.0829    
 2248   287.8750       288.2804       288.8875       289.8463       290.5423       291.0004       291.3461       291.2401       290.7252       289.7593       288.7858       288.1405    
 2249   287.7303       288.1067       288.8547       289.8410       290.5814       291.2089       291.4206       291.4615       290.8146       289.8755       288.7186       288.0281    
 2250   287.7691       288.0872       288.7226       289.7495       290.4430       290.9917       291.3432       291.4079       290.8218       289.8276       288.7366       288.2000    
 2251   287.8620       288.2285       288.7448       289.7199       290.5783       291.0615       291.3839       291.3942       290.7577       289.8496       288.8300       287.9329    
 2252   287.9713       288.1311       288.8909       289.7013       290.5193       291.0723       291.3881       291.1938       290.6589       289.6662       288.7780       287.8271    
 2253   287.5788       288.0723       288.5880       289.6110       290.4025       291.0467       291.3626       291.3147       290.7281       289.6724       288.5695       287.9453    
 2254   287.7724       287.9641       288.6725       289.6212       290.4747       291.0659       291.4092       291.3180       290.6614       289.8817       288.7196       287.9883    
 2255   288.0573       288.2633       288.8702       289.7763       290.4832       291.0968       291.4547       291.2497       290.6557       289.7629       288.7795       287.9249    
 2256   287.6737       287.9818       288.6275       289.6571       290.4349       290.9643       291.2569       291.2897       290.7292       289.8303       288.7779       288.0801    
 2257   287.6945       288.0747       288.7223       289.7205       290.5748       291.0515       291.3536       291.2596       290.8087       289.8798       288.7551       287.9528    
 2258   287.8447       288.0720       288.9424       289.5988       290.3553       290.9231       291.3589       291.2391       290.6255       289.5841       288.5504       287.8258    
 2259   287.6211       288.0280       288.7292       289.6244       290.3628       290.9756       291.3062       291.2758       290.6803       289.8409       288.7903       287.9507    
 2260   287.7510       288.1122       288.8719       289.8474       290.6569       291.1259       291.3194       291.2368       290.7110       289.7777       288.7208       288.0201    
 2261   287.7176       288.1416       288.8476       289.4455       290.3282       290.9399       291.2825       291.1927       290.7925       289.7965       288.7079       287.9767    
 2262   287.7074       288.0182       288.7487       289.6199       290.3440       290.9211       291.4115       291.3429       290.7716       289.7679       288.7018       287.9389    
 2263   287.7887       288.1205       288.9937       289.8891       290.5093       291.0374       291.3824       291.2915       290.6623       289.6596       288.6350       288.1067    
 2264   287.6200       287.9591       288.9424       289.6994       290.5155       291.1302       291.4438       291.4364       290.8816       289.7786       288.7322       287.9745    
 2265   287.8616       288.0741       288.8114       289.6653       290.4602       291.0371       291.3218       291.3499       290.7424       289.8360       288.6598       287.8972    
 2266   287.7065       288.1291       288.8653       289.6714       290.4356       291.1292       291.4515       291.4834       290.8151       289.8728       288.8269       288.0194    
 2267   287.7752       288.0991       288.6300       289.5723       290.4482       291.1122       291.5389       291.3950       290.8669       289.8716       288.8754       288.2138    
 2268   287.8413       288.1441       289.0399       289.7889       290.4901       291.1277       291.3740       291.4462       290.8289       289.8750       288.7052       287.9815    
 2269   287.6066       288.1335       288.8473       289.7999       290.5590       291.0430       291.4980       291.4096       290.8478       289.8718       288.7437       287.9195    
 2270   287.7301       288.1623       288.9017       289.7930       290.4982       291.0317       291.3991       291.2713       290.7151       289.8004       288.6665       287.8797    
 2271   287.7390       288.1795       288.8632       289.6299       290.3835       290.9658       291.3066       291.2271       290.6724       289.6993       288.6602       287.8781    
 2272   287.7128       288.1043       288.8347       289.4773       290.4268       291.0416       291.2933       291.2274       290.6839       289.7728       288.8233       288.0678    
 2273   288.1823       288.3672       288.9445       289.5928       290.4550       291.1231       291.4147       291.3498       290.7471       289.7556       288.6524       287.9876    
 2274   287.6648       288.1317       288.7190       289.5931       290.4529       291.0523       291.4119       291.3223       290.7388       289.6996       288.7288       288.2048    
 2275   288.0531       288.3045       288.9442       289.7184       290.4266       290.9787       291.3182       291.2945       290.7920       289.8626       288.6963       287.9763    
 2276   287.9567       288.0735       288.8031       289.7791       290.4734       291.0733       291.5091       291.5069       290.9110       289.9748       288.7574       288.0662    
 2277   287.9648       288.3083       289.0895       290.0037       290.6884       291.2006       291.5465       291.3755       290.7859       289.9208       288.8132       288.0377    
 2278   287.8618       288.2882       288.8790       289.6048       290.4771       291.0655       291.2448       291.2937       290.8353       289.8906       288.8121       288.0697    
 2279   287.8317       288.0887       288.8719       289.6999       290.6486       291.1826       291.5052       291.2859       290.8937       289.8943       288.9401       288.2358    
 2280   287.7907       288.1935       289.0103       289.7789       290.6390       291.0880       291.4406       291.4011       290.9158       290.0181       289.0262       288.3601    
 2281   287.9470       288.3596       289.2014       290.0926       290.6760       291.2786       291.6053       291.4971       290.8880       289.9973       289.0154       288.1658    
 2282   287.8999       288.3358       288.9981       289.7507       290.5159       291.0613       291.4949       291.4709       290.8929       289.8448       288.8075       288.1559    
 2283   287.9134       288.2793       288.8507       289.8494       290.4859       291.0649       291.5081       291.5078       290.9420       289.9995       289.0129       288.2133    
 2284   287.8888       288.1969       289.2040       289.9705       290.7115       291.1000       291.4761       291.3630       290.8938       289.9315       288.7428       288.0120    
 2285   287.9716       288.2261       289.0744       289.7815       290.4712       290.9793       291.4283       291.3619       290.8588       289.9605       288.8989       288.1152    
 2286   287.9277       288.3910       289.0624       289.7600       290.5885       291.1430       291.3841       291.3180       290.8068       289.9014       288.7290       288.0289    
 2287   287.7853       288.1559       288.9159       289.8525       290.6696       291.1742       291.5988       291.4075       290.8031       289.9097       288.8138       288.2602    
 2288   288.0869       288.3310       288.9398       289.9962       290.6657       291.2497       291.5688       291.4106       290.8335       290.0380       288.8008       288.1015    
 2289   288.0221       288.2507       289.0136       289.8651       290.5829       291.1671       291.3728       291.2666       290.6353       289.6572       288.6005       287.9536    
 2290   287.8979       288.0829       288.8477       289.6497       290.3816       290.9721       291.4165       291.3609       290.8452       289.8675       288.7735       288.0665    
 2291   287.8392       288.2581       288.9466       289.7355       290.6018       291.1525       291.4383       291.4024       290.8082       289.8371       288.7130       288.0748    
 2292   288.0055       288.2672       288.9637       289.6864       290.4619       291.1017       291.3176       291.3020       290.7127       289.8007       288.7692       287.9859    
 2293   287.6679       288.0835       288.7637       289.7134       290.4017       290.9921       291.4185       291.4128       290.8779       289.9852       288.7820       288.1741    
 2294   287.9319       288.3088       288.8723       289.7706       290.5786       291.2080       291.4348       291.3540       290.8187       290.0253       288.9008       288.0261    
 2295   287.8708       288.3489       288.7785       289.7269       290.6615       291.1945       291.4252       291.4118       290.8907       289.7536       288.7799       288.1036    
 2296   287.9444       288.2047       289.0073       289.7302       290.5991       291.1471       291.4900       291.4488       290.8608       289.8621       288.7856       288.0229    
 2297   287.9116       288.3892       288.9264       289.8487       290.5699       291.1527       291.4839       291.4053       290.7772       289.8629       288.7969       288.0994    
 2298   287.8334       288.3393       288.9313       289.7836       290.6324       291.1430       291.4764       291.4908       290.8146       289.9082       288.7833       288.0934    
 2299   287.9319       288.2165       288.7697       289.7116       290.6287       291.0022       291.4097       291.4276       290.8295       289.8627       288.7657       287.9725    
 2300   287.9450       288.3063       288.9144       289.8718       290.6825       291.1679       291.4099       291.3745       290.7973       289.9120       288.7607       287.9300    
