# <a href=http://cmip-pcmdi.llnl.gov/cmip5/>CMIP5</a> global mean temperature computed at <a href=http://www.knmi.nl/selectfield_cmip5.cgi?someone@somewhere>KNMI Climate Explorer</a> tas_Amon_HadGEM2-ES_rcp45_r3i1p1
# tas [K] from HadGEM2-ES model output prepared for CMIP5 RCP4.5 r3i1p1
# cutting out region lon=   -0.938  359.062, lat=  -90.000   90.000
 1859  -999.9000      -999.9000      -999.9000      -999.9000      -999.9000      -999.9000      -999.9000      -999.9000      -999.9000      -999.9000      -999.9000       284.7556    
 1860   284.6208       285.0155       285.7921       286.9129       288.0606       289.0534       289.1732       288.9448       288.0573       287.0890       285.9933       285.0016    
 1861   284.5508       284.8612       285.7934       286.9500       288.1949       289.0190       289.1878       288.9649       288.0030       287.0870       286.0793       285.3376    
 1862   284.9648       285.3109       286.0413       287.1298       288.2638       289.0030       289.2632       288.9869       288.2114       287.0381       286.0636       284.9465    
 1863   284.6777       285.0189       285.7709       287.1320       288.0210       288.9053       289.0898       288.8528       288.1378       286.9600       285.7572       284.8021    
 1864   284.6139       284.7728       285.7829       286.9188       288.0864       288.9088       289.0600       288.8297       287.9374       286.8098       285.6076       284.6433    
 1865   284.2649       284.5918       285.6158       286.7336       287.9854       288.9221       289.0842       288.5955       287.9680       286.9239       285.6082       284.7070    
 1866   284.3040       284.4789       285.4347       286.4835       287.7386       288.6458       288.7415       288.7277       287.8922       286.6775       285.5193       284.6683    
 1867   284.3630       284.6104       285.3075       286.5609       287.7844       288.5722       288.8774       288.6262       287.7948       286.7932       285.5570       284.5275    
 1868   284.1252       284.4078       285.2927       286.6468       287.7094       288.5690       288.7683       288.6113       287.6482       286.5923       285.3434       284.4599    
 1869   284.4102       284.6270       285.6876       286.7629       287.9074       288.7161       288.9018       288.6547       287.8786       286.8214       285.6900       284.7022    
 1870   284.3443       284.8366       285.5492       286.4657       287.6502       288.5480       288.7868       288.5286       287.6223       286.6014       285.4835       284.7273    
 1871   284.2780       284.6332       285.5089       286.6541       287.6920       288.6188       288.8354       288.4431       287.7149       286.6465       285.5068       284.5717    
 1872   284.4724       284.8344       285.6054       286.7511       287.8284       288.6981       288.9087       288.7736       287.8756       286.8996       285.6991       284.6596    
 1873   284.5768       284.8033       285.7603       286.8317       287.9840       288.8473       288.9778       288.8294       287.9474       286.9516       285.9554       285.1127    
 1874   284.8261       285.1266       285.7075       286.9346       288.0875       288.9008       289.0662       288.8941       288.1136       286.9940       286.0631       285.0785    
 1875   284.7448       284.9200       285.5784       286.7406       288.0929       288.9556       289.0350       288.7955       288.0822       286.9932       285.8455       284.9504    
 1876   284.4963       284.9375       285.7295       286.7615       287.9406       288.7644       289.0650       288.6754       288.0391       286.9447       285.8450       284.9810    
 1877   284.7937       285.1245       286.0128       286.8415       288.0081       288.9055       289.0049       288.7603       288.0254       287.0829       285.8984       285.2064    
 1878   284.9427       285.3525       285.8974       286.9922       288.1657       288.9933       289.1631       288.9585       288.1181       287.1266       285.8433       285.0258    
 1879   284.5187       285.0317       285.9194       286.9826       288.2525       288.9983       289.2412       288.9507       288.2677       287.1724       286.0965       285.2336    
 1880   284.7407       285.0302       285.6497       286.8401       287.9041       288.8686       289.1111       288.7780       288.0600       286.9712       285.8005       284.9635    
 1881   284.5854       284.8791       285.8119       286.8535       287.7929       288.7353       289.0992       288.8436       288.0895       286.9885       285.6834       284.9965    
 1882   284.7157       284.7973       285.7448       286.7258       287.9586       288.7520       289.0529       288.7677       288.0611       286.9893       285.7332       284.7605    
 1883   284.6203       285.0412       285.6634       286.7020       287.8467       288.6639       288.9248       288.6420       287.9728       286.6496       285.5264       284.6356    
 1884   284.4667       284.5843       285.4192       286.4923       287.6418       288.5276       288.7494       288.4236       287.6835       286.5597       285.3779       284.5620    
 1885   284.2309       284.4609       285.4547       286.5150       287.7437       288.4758       288.7321       288.4636       287.7001       286.6778       285.4720       284.8361    
 1886   284.5489       284.6599       285.4986       286.4372       287.6177       288.6445       288.7729       288.5351       287.7562       286.6159       285.5404       284.6045    
 1887   284.2683       284.7406       285.5356       286.7114       287.7618       288.6647       288.9623       288.6217       287.9419       286.8415       285.7441       284.9004    
 1888   284.5787       284.9192       285.6762       286.7038       287.9029       288.7506       288.9272       288.6325       287.8775       286.7473       285.5670       284.6032    
 1889   284.2893       284.5611       285.3321       286.4751       287.7068       288.5054       288.8448       288.6807       287.8098       286.9232       285.8634       284.7181    
 1890   284.5703       284.8334       285.5973       286.6042       287.7918       288.6698       289.1185       288.7257       288.0048       286.8692       285.6169       284.8846    
 1891   284.6223       284.7523       285.5977       286.5284       287.6461       288.5245       288.8645       288.6778       287.8914       286.8478       285.5447       284.5670    
 1892   284.3903       284.7959       285.5309       286.5907       287.7309       288.7323       288.8392       288.6822       287.8376       286.8260       285.7901       284.8991    
 1893   284.5699       284.8105       285.3333       286.6059       287.8019       288.6364       288.8593       288.6583       287.9754       286.7075       285.6530       284.9331    
 1894   284.7294       285.1420       285.8199       286.6971       287.7689       288.7115       288.9101       288.7675       287.9737       286.8589       285.8145       284.9622    
 1895   284.4443       285.0543       285.5460       286.7751       288.0146       288.8813       289.0052       288.8500       287.9698       286.8771       285.8083       285.1241    
 1896   284.6609       285.0623       285.9716       286.9061       288.0356       288.8292       289.0238       288.6842       287.9426       286.9278       285.7802       284.8788    
 1897   284.6467       285.1338       285.8178       286.8598       287.9220       288.8401       288.9962       288.7500       287.9415       286.9490       285.6757       284.6592    
 1898   284.3840       284.8759       285.6349       286.7964       287.9778       288.7815       288.8978       288.6942       287.9271       286.8590       285.8327       284.9572    
 1899   284.7458       285.1614       286.0983       286.9895       288.0636       288.9186       289.1967       288.9149       288.0547       287.0654       285.8248       284.9478    
 1900   284.5984       285.2445       285.7595       286.8832       287.9886       288.8547       288.9897       288.9368       288.1259       287.1254       285.9729       285.1985    
 1901   284.6711       285.1226       286.1007       286.9816       288.1462       288.9301       289.0869       288.6247       288.0043       287.1146       285.9110       284.9843    
 1902   284.7729       285.0839       285.8219       286.8526       287.9865       288.7463       289.0540       288.7561       287.9618       286.9351       285.7556       284.8712    
 1903   284.3937       284.8097       285.5413       286.7405       287.7198       288.5546       288.7482       288.6550       287.7495       286.5818       285.4375       284.5329    
 1904   284.2385       284.5583       285.4317       286.5192       287.7492       288.5500       288.7855       288.5239       287.6876       286.7085       285.6228       284.7568    
 1905   284.2897       284.6667       285.5416       286.5192       287.7559       288.6588       288.8229       288.4928       287.7907       286.7509       285.5143       284.8255    
 1906   284.5684       284.7753       285.3690       286.4775       287.8734       288.7743       288.7739       288.7346       287.7875       286.6500       285.5577       284.7646    
 1907   284.3979       284.9274       285.4763       286.5807       287.8585       288.7145       289.0697       288.7657       287.9769       286.8676       285.5766       284.8362    
 1908   284.6646       284.8727       285.7921       286.8142       287.9614       288.8588       288.8843       288.6578       287.9159       286.9526       285.6228       284.7528    
 1909   284.6797       284.7962       285.5837       286.8918       287.9546       288.8179       289.0065       288.7341       288.0109       287.0357       285.8246       284.8122    
 1910   284.6668       285.0798       285.9093       287.0279       287.9801       288.7956       289.1786       288.8507       287.9542       286.9700       285.6445       284.8425    
 1911   284.3737       284.5399       285.3926       286.4682       287.8643       288.7462       289.0074       288.7397       287.9972       286.7701       285.6303       284.7292    
 1912   284.5064       284.7122       285.4641       286.6603       287.8568       288.7655       288.9623       288.6120       287.9776       286.8389       285.5142       284.6742    
 1913   284.4224       284.8881       285.4058       286.6410       287.7655       288.6253       288.8032       288.7145       287.8781       286.7634       285.5706       284.5809    
 1914   284.3376       284.7204       285.5127       286.6536       287.6778       288.5490       288.8716       288.5953       287.8473       286.7502       285.4131       284.6632    
 1915   284.4958       284.9402       285.6500       286.5590       287.9436       288.8302       288.9667       288.8696       288.1664       287.1631       285.7845       285.0275    
 1916   284.5906       285.0275       285.8611       287.0497       288.0066       288.9607       289.0713       288.8756       288.1547       287.0803       285.8332       284.9019    
 1917   284.8126       285.1218       285.8257       286.9682       288.1992       289.0466       289.2312       289.0229       288.1551       287.1221       285.8389       284.9765    
 1918   284.9132       285.1448       285.7073       286.7806       287.9485       288.8392       289.1194       288.8062       287.9347       286.9737       285.8470       284.8463    
 1919   284.6484       284.8813       285.6815       286.7901       287.9190       288.8120       289.1100       288.8278       288.1113       287.1453       285.8954       284.9413    
 1920   284.8304       285.0838       285.8058       286.8094       288.1186       288.9182       289.1069       288.6962       287.9850       286.9177       285.7198       284.7226    
 1921   284.5844       285.3092       286.0005       286.7943       287.9386       288.9263       289.0273       288.8796       288.0522       287.0879       285.9102       285.1111    
 1922   284.9110       285.2191       285.9686       287.0132       288.0890       288.8796       289.1123       288.9088       288.1096       287.1025       285.9141       285.1510    
 1923   284.7951       285.0254       285.7405       286.8804       288.1269       289.0596       289.1753       288.9398       288.0298       287.1249       286.0645       285.1320    
 1924   285.0338       285.3624       286.1085       287.1917       288.1891       289.0517       289.3813       289.0297       288.2295       287.2595       286.1218       285.2441    
 1925   285.0799       285.1429       286.1624       286.9388       288.0172       288.9696       289.1002       288.8333       288.1204       287.0401       285.8346       284.9814    
 1926   284.7428       285.1095       285.6929       286.8160       288.1069       289.0044       289.1308       288.9825       288.0622       286.9550       285.8770       285.0952    
 1927   284.7999       285.0383       285.9578       287.0309       288.0557       288.9157       289.1046       288.8655       288.1047       287.1055       285.8369       284.9590    
 1928   284.8123       285.0995       285.7836       286.8307       287.9935       288.9344       289.2510       288.8931       288.2242       287.1851       286.0347       284.9184    
 1929   284.8272       285.2112       285.9282       287.0075       288.2896       289.1231       289.1845       288.9320       288.3007       287.1280       286.0263       285.0089    
 1930   284.8155       285.1728       285.9805       286.9865       288.1636       288.9862       289.1190       288.8841       288.1922       287.1171       285.9380       285.1853    
 1931   284.8700       285.2216       286.0511       287.0268       288.2296       288.9490       289.2604       288.8900       288.2738       287.2415       286.0368       284.9692    
 1932   284.9055       285.0638       285.7440       286.8210       288.0775       288.9030       289.0207       288.8389       288.2419       287.2814       286.1697       285.1985    
 1933   285.0104       285.1288       286.0633       287.0756       288.1748       289.1110       289.4213       288.9550       288.3165       287.3999       286.3934       285.2709    
 1934   284.9478       285.3444       285.9040       287.0752       288.2111       289.0153       289.2638       289.0033       288.2769       287.2151       286.0501       285.2172    
 1935   284.9237       285.1622       285.9073       286.9380       288.0580       288.9940       289.2461       288.8615       288.1568       287.2107       286.0092       285.1559    
 1936   285.0269       285.0998       285.9574       287.1481       288.3189       288.9940       289.2833       289.0029       288.0885       287.0160       286.0221       285.1412    
 1937   284.7756       285.0848       285.7568       286.9542       288.0800       288.9657       289.1217       288.8992       288.1893       287.0195       286.0815       285.2638    
 1938   285.1690       285.1597       285.8745       287.2616       288.3571       289.1447       289.3375       289.0156       288.2523       287.2251       286.1151       285.1351    
 1939   284.9281       285.2037       286.0574       287.2087       288.2928       289.0731       289.3523       289.0323       288.2410       287.2736       286.1603       285.2392    
 1940   284.8301       285.1625       285.9776       287.0780       288.0847       288.9085       289.1917       288.9412       288.1640       287.2629       285.9120       285.1127    
 1941   284.8929       285.1104       285.9295       286.9481       288.1884       289.0699       289.2667       289.0228       288.0741       287.2612       286.2555       285.0769    
 1942   284.8409       285.4308       285.9203       287.2189       288.2749       289.0276       289.3145       288.9887       288.3206       287.0640       286.0706       285.0900    
 1943   284.8650       285.1666       285.9067       287.1166       288.2270       289.0604       289.2538       288.9313       288.2123       287.2476       285.9072       285.0027    
 1944   284.8531       285.2468       285.7988       286.9197       288.1482       289.0099       289.1552       288.9860       288.2101       287.1941       286.0052       285.2132    
 1945   285.0057       285.2398       285.8899       286.9547       288.1576       289.0361       289.1711       288.8325       288.2604       287.0623       286.0017       285.1409    
 1946   284.8833       285.1255       285.8801       287.0034       288.2296       289.0113       289.2108       289.0451       288.3829       287.4225       286.0541       285.3257    
 1947   284.9434       285.2137       286.1732       287.1382       288.2642       289.0567       289.1453       288.9902       288.2784       287.1927       286.1119       285.2547    
 1948   284.8506       285.4291       286.0606       287.1092       288.3109       289.1509       289.3132       289.0804       288.2992       287.1181       285.9256       285.0680    
 1949   284.7994       285.1024       285.9346       287.0582       288.2596       289.1090       289.1709       288.9952       288.2346       287.4088       286.3164       285.2031    
 1950   284.8789       285.0614       285.9460       287.0292       288.1349       288.9387       289.2096       289.0171       288.2287       287.1823       286.1024       285.1666    
 1951   284.8249       285.2242       285.9695       287.0443       288.1000       289.0302       289.1390       288.9902       288.1404       287.0846       285.7673       284.8520    
 1952   284.8183       284.9770       285.7545       286.6501       287.9368       288.8219       289.0977       288.7165       287.9606       287.0273       285.8547       284.9334    
 1953   284.6433       285.0769       285.8072       286.9784       288.0779       288.9172       289.0736       288.8337       288.0704       287.0382       285.7996       285.1190    
 1954   285.0060       285.2416       285.9729       286.9935       288.1374       288.9613       289.1317       288.9371       288.1346       287.0887       285.8811       284.9975    
 1955   284.6492       285.0721       285.8858       287.0920       288.2120       289.0091       289.2297       288.8376       288.0831       287.0077       286.0038       285.0479    
 1956   284.7371       285.1965       285.8071       286.9919       288.1331       289.0827       289.2596       289.0128       288.1768       287.1524       286.1975       285.1290    
 1957   284.9374       285.1756       285.8308       287.0857       288.3016       289.1385       289.2456       289.0510       288.3476       287.2604       286.1795       285.2687    
 1958   284.9102       284.9479       285.6502       286.8036       288.1808       288.9730       289.2863       289.1728       288.2423       287.1737       286.0757       285.0237    
 1959   284.9990       285.2770       285.7406       286.9233       288.1669       288.9042       289.0086       288.8537       288.0566       286.9257       285.6588       284.8552    
 1960   284.6407       284.9118       285.6273       286.5606       287.8549       288.8404       288.9658       288.7930       287.9225       286.9996       285.9044       284.7747    
 1961   284.6451       285.0744       285.7650       286.8047       287.9814       289.0586       289.0913       288.7094       288.1215       287.1462       285.9121       285.0795    
 1962   284.9275       285.1852       285.9785       287.0003       288.2379       288.9424       289.1476       288.8116       288.0695       287.1366       285.9005       285.0341    
 1963   284.7564       285.0888       285.9347       286.9182       288.1295       289.1467       289.2169       288.8357       288.1300       287.0555       285.9644       285.0124    
 1964   284.7618       284.9379       285.7302       286.6231       287.9479       288.7161       288.8705       288.6976       287.8271       286.7789       285.6200       284.5865    
 1965   284.4411       284.8134       285.5847       286.5929       287.6644       288.5991       288.8079       288.5384       287.8251       286.8245       285.5615       284.6986    
 1966   284.6435       284.8698       285.7737       286.6994       287.8362       288.6060       288.8605       288.5338       287.8124       286.5844       285.5130       284.6966    
 1967   284.4639       284.7616       285.5210       286.6462       287.7590       288.7522       288.9324       288.6721       287.8094       286.9567       285.8463       285.1227    
 1968   284.6564       285.0463       285.9101       286.9815       287.9580       288.9212       289.0121       288.7620       288.0044       287.0257       285.8803       285.0353    
 1969   284.6768       285.1009       285.6744       286.7166       288.0345       288.8349       289.0010       288.7332       287.9845       286.9866       285.9894       284.9058    
 1970   284.6608       285.1658       285.8545       286.9967       288.2148       288.9151       289.1089       288.6304       288.0121       286.9105       285.8965       284.8544    
 1971   284.6023       285.0052       285.7267       286.6703       287.8686       288.7941       288.9041       288.6595       287.8941       286.8328       285.8422       284.8887    
 1972   284.6959       285.0673       285.7995       286.9428       287.9937       288.8261       288.9652       288.6381       287.9189       286.9756       285.7048       284.6462    
 1973   284.5793       284.9945       285.5511       286.8057       287.8837       288.6621       288.8197       288.5386       287.7588       286.8994       285.6429       284.7618    
 1974   284.5910       284.8636       285.6255       286.6104       287.9166       288.7731       288.9375       288.7525       287.9965       286.8694       285.8343       284.7556    
 1975   284.7230       284.9728       285.5798       286.6523       287.9286       288.7756       288.9167       288.7791       287.9095       286.9427       285.5960       284.7462    
 1976   284.5312       284.8484       285.5734       286.7506       288.0991       288.7683       289.0006       288.7812       288.0334       287.0765       285.8043       284.9115    
 1977   284.8072       284.9012       285.8059       286.9589       288.0932       288.8929       288.9545       288.7208       287.9949       286.8784       285.7881       285.0089    
 1978   284.5082       284.7337       285.5492       286.7719       287.9576       288.7470       288.8208       288.6321       287.7449       286.8574       285.7823       284.9460    
 1979   284.6331       285.1046       285.8376       286.8726       287.9039       288.7820       289.1543       288.7768       288.0019       287.0410       286.0456       285.2342    
 1980   284.8622       285.2367       285.9905       287.0751       288.1335       289.0380       289.0454       288.8238       288.1217       287.1582       285.9235       285.2052    
 1981   285.0824       285.2684       286.0193       287.0962       288.3573       289.0464       289.1704       288.9656       288.1456       287.1166       286.0674       285.2271    
 1982   285.0818       285.1598       286.1370       287.2698       288.3946       289.0570       289.3536       288.9487       288.1848       287.1728       286.0771       284.9234    
 1983   284.7859       285.0754       285.8861       286.9497       288.2355       288.8597       289.0493       288.9719       288.1918       287.1537       285.9734       285.2362    
 1984   284.7945       285.1249       285.9284       286.9670       288.1730       289.0160       289.1865       289.0468       288.0861       287.1866       286.1864       285.2121    
 1985   284.9467       285.3353       285.9474       286.9120       288.2472       288.9935       289.1745       289.0093       288.1990       287.0807       286.0926       285.2875    
 1986   284.9781       285.2793       285.7972       287.0297       288.1905       289.1637       289.2180       288.9339       288.2257       287.1372       286.0398       285.1388    
 1987   284.8648       285.1601       285.9550       286.9492       288.0596       288.8786       289.1735       288.9821       288.2691       287.2254       286.1464       285.0858    
 1988   284.9742       285.1202       285.9888       287.0768       288.1327       289.0912       289.2889       288.9386       288.1816       287.1064       286.0400       285.3504    
 1989   284.9963       285.2317       285.9888       287.2055       288.2818       289.0840       289.3564       289.1245       288.3715       287.2077       286.0600       285.2830    
 1990   285.0038       285.3140       285.9328       287.0152       288.2629       289.0741       289.2471       289.1471       288.4761       287.4277       286.2707       285.3967    
 1991   285.1642       285.5545       286.0718       287.2085       288.4028       289.2454       289.3483       289.2127       288.3642       287.2879       286.1235       285.2594    
 1992   284.8840       284.9963       285.7823       286.9897       288.0714       288.9205       289.1743       288.9564       288.2625       287.2517       286.1703       285.2346    
 1993   284.8604       285.4107       286.2382       287.2017       288.3539       289.1077       289.2273       288.9419       288.1578       287.1772       286.0935       285.1599    
 1994   284.8320       285.1917       285.8798       286.8657       288.0731       289.0283       289.2557       289.0652       288.4281       287.2862       286.1847       285.4857    
 1995   285.1397       285.4521       286.1237       287.2663       288.3349       289.1495       289.4341       289.1430       288.3920       287.3848       286.2025       285.0857    
 1996   284.8322       285.3401       286.1050       287.3011       288.4322       289.2255       289.3586       289.1640       288.3789       287.2761       286.3113       285.3093    
 1997   284.8889       285.5209       285.9794       287.0981       288.3141       289.0952       289.2897       289.1086       288.2776       287.3637       286.2876       285.2991    
 1998   285.2098       285.4322       285.9248       287.2275       288.5201       289.2421       289.5025       289.3463       288.5867       287.5274       286.4946       285.5009    
 1999   285.1866       285.3114       286.0855       287.2451       288.3340       289.2513       289.4706       289.2616       288.4289       287.4008       286.4171       285.5432    
 2000   284.9883       285.3217       286.0981       287.2918       288.5815       289.4071       289.5383       289.3569       288.6095       287.5691       286.3914       285.4207    
 2001   285.2506       285.5970       286.4364       287.5517       288.6373       289.5288       289.6139       289.4751       288.6904       287.5916       286.6700       285.6060    
 2002   285.4316       285.5862       286.1909       287.4612       288.6866       289.4808       289.3331       289.3003       288.5348       287.7995       286.5467       285.6797    
 2003   285.3925       285.6044       286.3881       287.2539       288.3824       289.3043       289.5269       289.3508       288.6022       287.6367       286.4823       285.6224    
 2004   285.3908       285.7387       286.3347       287.5002       288.6190       289.3064       289.5703       289.3177       288.6673       287.6149       286.5681       285.6003    
 2005   285.3420       285.4875       286.3008       287.3647       288.5926       289.3859       289.5691       289.4171       288.7838       287.7644       286.7158       285.8286    
 2006   285.5884       285.9888       286.6093       287.5248       288.6102       289.3671       289.6395       289.3429       288.7126       287.6190       286.6250       285.7523    
 2007   285.4591       285.7445       286.5192       287.3307       288.4879       289.3534       289.6553       289.4359       288.9265       287.8758       286.5015       285.6734    
 2008   285.2759       285.5323       286.3691       287.2922       288.4987       289.3475       289.4393       289.3717       288.6340       287.6521       286.4669       285.5402    
 2009   285.1133       285.4692       286.1609       287.2651       288.5065       289.2902       289.4940       289.2741       288.5945       287.6142       286.4008       285.3900    
 2010   285.1983       285.4611       286.1674       287.2566       288.4953       289.5157       289.4430       289.2918       288.5553       287.6891       286.5613       285.6263    
 2011   285.2704       285.6577       286.3109       287.3616       288.6619       289.4271       289.5318       289.3072       288.6562       287.7710       286.6487       285.6663    
 2012   285.4081       285.7033       286.4640       287.4768       288.6279       289.5431       289.7009       289.4154       288.6720       287.6145       286.5193       285.7614    
 2013   285.4463       285.6248       286.1950       287.5616       288.7914       289.4930       289.7305       289.4401       288.7888       287.9367       286.9033       286.0054    
 2014   285.7971       285.9738       286.7697       287.7704       288.9357       289.6635       289.8390       289.6125       288.9920       288.0210       286.9084       286.0674    
 2015   285.6848       285.9541       286.6581       287.6818       288.9453       289.7297       289.8994       289.6981       288.9398       288.1073       286.8467       285.8625    
 2016   285.4974       285.9979       286.6118       287.6794       288.8676       289.7639       289.9474       289.6937       288.9209       288.1932       286.9106       286.0947    
 2017   286.0030       286.2392       286.9078       287.8071       288.9369       289.7849       289.9554       289.7995       289.1108       288.0522       287.0237       286.0485    
 2018   285.6137       285.8734       286.7103       287.8712       289.1225       289.8918       289.9901       289.8021       289.1665       287.9926       287.0273       286.0193    
 2019   285.6395       286.0791       286.7472       287.8510       289.0099       289.7656       289.9765       289.7214       289.2377       288.0925       286.9323       286.0898    
 2020   285.8890       285.8983       286.6987       287.8907       289.1080       289.7615       289.8875       289.7164       289.1510       287.9662       287.0330       286.0654    
 2021   285.8713       286.2463       286.9117       288.0514       289.1335       289.9810       290.1703       290.0443       289.3073       288.3549       287.0247       286.2057    
 2022   285.8972       286.2846       286.8851       288.0089       289.0629       289.8127       290.0152       289.9389       289.2621       288.1316       287.1537       286.0543    
 2023   285.7807       286.0695       286.7108       287.9409       289.0668       289.7970       290.0590       289.8619       289.1148       288.1654       287.0411       286.1694    
 2024   285.8710       286.0461       286.8885       288.1179       289.1571       289.9401       290.2554       290.0101       289.2927       288.4100       287.3121       286.5997    
 2025   286.2166       286.3285       286.9701       288.1203       289.1797       289.9928       290.2408       290.0143       289.3699       288.3366       287.2249       286.4323    
 2026   285.9111       286.3589       287.0423       288.0525       289.0578       289.9378       290.1459       290.0318       289.2732       288.2673       287.1590       286.2737    
 2027   286.1363       286.2677       287.0578       288.2296       289.2738       290.1193       290.2945       290.1178       289.3869       288.3989       287.4101       286.5982    
 2028   286.3688       286.7452       287.3100       288.1882       289.3778       290.1135       290.2714       290.2321       289.4889       288.5280       287.3545       286.4660    
 2029   286.0356       286.3539       287.0545       288.0753       289.2766       290.1468       290.3275       290.1242       289.3260       288.3986       287.4314       286.4374    
 2030   286.2453       286.6405       287.1747       288.1569       289.3378       289.9743       290.3493       290.0807       289.3383       288.4178       287.2882       286.5077    
 2031   286.1638       286.5379       287.2590       288.2028       289.3007       290.1431       290.3019       290.0886       289.3697       288.3936       287.3916       286.4656    
 2032   286.3022       286.5716       287.2714       288.3785       289.4409       290.2559       290.3950       290.1640       289.5363       288.5835       287.5437       286.6997    
 2033   286.3114       286.6330       287.4584       288.3714       289.5916       290.2343       290.4391       290.4180       289.5995       288.6251       287.6156       286.5382    
 2034   286.2134       286.6929       287.2846       288.2395       289.4803       290.1634       290.2841       290.1703       289.4792       288.4202       287.4429       286.6864    
 2035   286.3210       286.4610       287.2195       288.3906       289.5905       290.2820       290.4492       290.3249       289.5197       288.3977       287.3579       286.4749    
 2036   286.0787       286.4774       287.1344       288.2292       289.4938       290.1290       290.4010       290.1618       289.5573       288.6824       287.5720       286.7211    
 2037   286.4118       286.6629       287.3383       288.5052       289.4847       290.2256       290.5095       290.2832       289.6316       288.7600       287.5247       286.6947    
 2038   286.3407       286.5796       287.4161       288.3860       289.5866       290.3366       290.4296       290.3760       289.6317       288.6789       287.5302       286.4969    
 2039   286.3111       286.5079       287.1946       288.3414       289.5919       290.2466       290.5263       290.4584       289.6353       288.7263       287.5451       286.6648    
 2040   286.2151       286.6315       287.4920       288.4110       289.6866       290.4675       290.6171       290.5626       290.0064       288.8412       287.8435       286.9575    
 2041   286.4174       286.8740       287.5208       288.7631       289.9525       290.6587       290.8687       290.6935       289.9344       288.9834       287.8174       286.8846    
 2042   286.6094       286.8970       287.4405       288.5038       289.7307       290.5098       290.6267       290.5538       289.7584       288.7161       287.6859       286.9226    
 2043   286.5539       286.7000       287.3979       288.5793       289.6501       290.3578       290.6322       290.4432       289.7397       288.7455       287.7781       286.6408    
 2044   286.5802       286.6193       287.4658       288.4959       289.6120       290.3846       290.5995       290.4550       289.7729       288.8925       287.7713       286.9880    
 2045   286.6312       286.8586       287.5123       288.5519       289.6095       290.3027       290.6165       290.4353       289.7913       288.8506       287.7841       286.8349    
 2046   286.5565       286.8672       287.6091       288.6749       289.8181       290.6234       290.8361       290.8177       290.0224       289.1560       288.0542       287.2645    
 2047   286.8613       286.9074       287.7946       288.8691       289.8709       290.6298       290.8432       290.6915       290.0178       289.2546       287.9634       287.2589    
 2048   286.9687       287.3552       288.0520       288.9811       290.0471       290.7886       290.9468       290.6660       289.9549       289.0376       288.0971       287.3229    
 2049   286.9221       287.1307       287.7842       288.9580       290.0921       290.7962       291.0403       290.8730       290.1372       289.2259       287.9655       287.1657    
 2050   286.7540       287.0274       287.9126       288.8964       289.9286       290.5732       290.8507       290.6637       289.9625       288.9614       287.9422       287.0515    
 2051   286.8749       286.9739       287.8694       288.9910       290.0415       290.6817       290.9482       290.7011       289.8913       288.8608       287.8904       287.0800    
 2052   286.8725       287.0589       287.8665       288.7305       289.8143       290.5653       290.8973       290.6476       290.0507       289.0786       288.0005       287.0775    
 2053   286.7055       287.2261       287.8151       288.8302       289.8309       290.6698       290.8297       290.7277       290.0955       289.2263       288.3013       287.3630    
 2054   287.0660       287.0489       287.8001       288.8578       289.9450       290.6166       290.8685       290.8406       290.0788       289.0923       288.1083       287.1986    
 2055   286.9314       287.3269       287.8567       288.7635       289.9350       290.6426       290.9875       290.7773       290.2355       289.1779       288.1970       287.3746    
 2056   286.9590       287.2513       287.9559       288.9509       290.0384       290.7567       290.9492       290.8073       290.1492       289.2731       288.2872       287.3222    
 2057   287.1076       287.4243       288.0565       289.0015       290.2366       290.9718       291.1419       290.9614       290.1449       289.4157       288.2895       287.4821    
 2058   287.1275       287.5276       288.0081       289.1225       290.0724       290.9510       291.1501       290.8813       290.2204       289.4418       288.3673       287.6207    
 2059   287.2877       287.4162       288.2021       289.1127       290.3028       290.8506       291.2096       290.9776       290.4292       289.5232       288.5513       287.4919    
 2060   287.4028       287.5370       288.1755       289.0797       290.2558       290.9708       291.1805       291.0371       290.3192       289.2839       288.3346       287.6123    
 2061   287.2535       287.5598       288.1833       289.2223       290.2512       290.8585       291.0633       290.9858       290.2515       289.3432       288.3316       287.5610    
 2062   287.0983       287.3485       287.9235       288.8719       290.0331       290.7324       291.0920       290.8753       290.3194       289.3876       288.2473       287.4865    
 2063   286.9046       287.3269       288.1259       289.1946       290.1349       290.9212       291.2177       290.9602       290.4818       289.4968       288.3605       287.3824    
 2064   286.9983       287.3996       288.0367       289.1101       290.1825       291.0847       291.0835       290.9773       290.3411       289.3763       288.4552       287.5157    
 2065   287.1596       287.4633       288.1427       289.0924       290.1864       290.8807       291.1535       291.0422       290.3877       289.5822       288.5179       287.5738    
 2066   287.2155       287.6706       288.3719       289.2256       290.3861       291.0943       291.3600       291.1811       290.5570       289.6745       288.6951       287.6889    
 2067   287.3590       287.4490       288.4243       289.3650       290.4275       291.0147       291.2873       291.1023       290.4807       289.5493       288.4930       287.5730    
 2068   287.3498       287.7011       288.4076       289.2785       290.2956       290.9062       291.1966       291.0998       290.3228       289.3927       288.3114       287.4308    
 2069   287.0125       287.2838       287.9014       289.0093       290.3306       290.9449       291.2111       291.0825       290.5058       289.4954       288.3904       287.5141    
 2070   287.0346       287.3495       287.8552       289.0731       290.1508       290.9565       290.9436       290.9663       290.3592       289.4842       288.2632       287.4927    
 2071   287.3481       287.3780       288.0277       289.2094       290.3064       291.0463       291.2207       291.1265       290.5414       289.5852       288.4356       287.5253    
 2072   287.1141       287.3414       288.0591       289.1184       290.2040       290.9854       291.2802       291.2024       290.5656       289.7057       288.5400       287.7982    
 2073   287.3708       287.5208       288.3051       289.2278       290.4491       291.0603       291.3206       291.1447       290.4481       289.5774       288.6116       287.5094    
 2074   287.4949       287.8155       288.3559       289.5085       290.3903       291.1435       291.4407       291.1112       290.4467       289.6113       288.4494       287.7596    
 2075   287.3517       287.4128       288.1877       289.4212       290.5042       291.1384       291.4170       291.1860       290.5179       289.4811       288.3230       287.6794    
 2076   287.1823       287.5898       288.3646       289.2738       290.2853       291.0886       291.2444       291.0423       290.5281       289.4314       288.3282       287.6512    
 2077   287.4804       287.6506       288.0011       289.1804       290.2951       291.0073       291.2086       290.9307       290.4113       289.4528       288.5012       287.5679    
 2078   287.3947       287.5414       288.4681       289.4828       290.4901       291.1189       291.4492       291.3863       290.7236       289.8592       288.6996       287.7828    
 2079   287.3976       287.4837       288.2287       289.2357       290.3720       291.2276       291.4333       291.3227       290.7263       289.6633       288.6382       287.9844    
 2080   287.4215       287.6740       288.2898       289.3717       290.4275       291.1297       291.5287       291.3219       290.6814       289.6859       288.7390       287.9516    
 2081   287.6118       287.8351       288.3305       289.3439       290.5870       291.2894       291.4770       291.3593       290.7492       289.7319       288.8098       287.8024    
 2082   287.7227       287.8966       288.4635       289.5942       290.5912       291.3318       291.5076       291.4098       290.7863       289.7971       288.8546       287.9393    
 2083   287.7816       287.9603       288.7036       289.6098       290.6064       291.1731       291.4730       291.4937       290.6139       289.8147       288.6886       287.8862    
 2084   287.6695       287.9147       288.5916       289.7220       290.5878       291.2412       291.5836       291.4345       290.8251       289.8221       288.7721       288.1131    
 2085   287.8033       288.0037       288.6429       289.5240       290.6112       291.2796       291.6304       291.4983       290.6822       289.9455       289.0225       288.1389    
 2086   287.7820       288.1231       288.7854       289.8421       290.7973       291.3372       291.6561       291.3210       290.7363       289.7491       288.7189       287.8467    
 2087   287.7638       287.7023       288.2713       289.4270       290.4456       291.2540       291.3747       291.2012       290.6057       289.6098       288.7281       287.7517    
 2088   287.6876       287.6100       288.3716       289.6558       290.5064       291.1529       291.5027       291.2431       290.5428       289.5886       288.5363       287.6637    
 2089   287.2536       287.7400       288.2976       289.3660       290.4581       291.1788       291.4420       291.3382       290.5854       289.5253       288.5648       287.7757    
 2090   287.3296       287.3773       288.2734       289.3082       290.3303       291.0667       291.3006       291.1229       290.5676       289.5449       288.6400       287.7676    
 2091   287.4000       287.8200       288.6783       289.6029       290.5426       291.4281       291.7690       291.5821       290.7470       289.8390       288.7850       287.9166    
 2092   287.7248       287.6362       288.3725       289.5153       290.6637       291.1934       291.4999       291.4310       290.8249       289.8981       288.8904       288.0741    
 2093   287.5731       287.8450       288.5332       289.4372       290.5208       291.1910       291.5493       291.4550       290.7794       289.8626       288.9532       288.0949    
 2094   287.5284       287.7315       288.4999       289.6586       290.7313       291.3984       291.6376       291.5959       290.9030       290.0973       288.9531       288.0810    
 2095   287.8989       288.1295       288.7516       289.5431       290.6318       291.4166       291.5085       291.3696       290.8014       289.9300       288.9216       288.1519    
 2096   287.7995       288.1346       288.8765       289.7483       290.7376       291.4031       291.7066       291.5534       290.8530       289.8823       288.9579       288.0532    
 2097   287.9177       288.1452       288.5646       289.5512       290.5327       291.2571       291.5711       291.5700       290.8424       289.8552       288.9496       288.2037    
 2098   287.8599       288.1706       288.6886       289.7021       290.6523       291.3547       291.5937       291.3056       290.5777       289.6761       288.6042       288.0241    
 2099   287.5626       287.8226       288.3471       289.4910       290.5160       291.1375       291.4441       291.1797       290.5709       289.6213       288.6924       287.7616    
 2100   287.4834       287.9021       288.2302       289.2627       290.3659       290.9637       291.2345       291.0611       290.4405       289.4672       288.5418       287.5578    
