# <a href=http://cmip-pcmdi.llnl.gov/cmip5/>CMIP5</a> global mean temperature computed at <a href=http://www.knmi.nl/selectfield_cmip5.cgi?someone@somewhere>KNMI Climate Explorer</a> tas_Amon_GISS-E2-H_rcp45_r5i1p1
# tas [K] from GISS-E2-H model output prepared for CMIP5 RCP4.5 r5i1p1
# cutting out region lon=    0.000  360.000, lat=  -90.000   90.000
 1850   286.0894       286.5238       287.3376       288.1227       288.9783       289.5235       289.7979       289.5814       288.8156       287.8186       286.7985       286.2027    
 1851   286.0524       286.4749       287.2893       288.1997       288.8410       289.5434       289.8298       289.5947       288.8924       287.8836       286.8018       286.2371    
 1852   286.2673       286.5703       287.2383       288.0633       288.8974       289.4962       289.7271       289.5149       288.7348       287.8013       286.7775       286.1899    
 1853   286.2232       286.6208       287.4305       288.3741       289.0749       289.5887       289.8839       289.7394       288.8883       287.8181       286.8477       286.2481    
 1854   286.1309       286.5865       287.2400       288.2078       288.9778       289.5608       289.8508       289.6147       288.9308       287.8462       286.7917       286.2928    
 1855   286.2896       286.6117       287.4536       288.4151       289.1110       289.5804       289.8647       289.6267       288.9255       287.8817       286.8114       286.2083    
 1856   286.2392       286.5461       287.3436       288.3143       288.9652       289.6132       289.7183       289.5291       288.7263       287.8025       286.7942       286.2314    
 1857   285.9767       286.5292       287.1013       287.9549       288.8153       289.3313       289.6200       289.3390       288.7195       287.6225       286.6028       286.1471    
 1858   285.9627       286.4136       287.0675       288.0333       288.9151       289.4477       289.7021       289.4696       288.8873       287.7912       286.7422       286.1428    
 1859   286.0219       286.6124       287.2684       288.1551       288.8781       289.3961       289.6826       289.5255       288.8576       287.7641       286.7406       286.2281    
 1860   286.2630       286.5363       287.2709       288.2063       289.0272       289.5538       289.7493       289.6673       288.9406       287.8314       286.7886       286.4003    
 1861   286.4590       286.7811       287.4717       288.3833       289.1143       289.6557       289.8889       289.6338       288.9471       287.9519       286.6851       286.1846    
 1862   286.0863       286.3891       287.3941       288.1950       288.9579       289.5188       289.7317       289.5195       288.8766       287.8239       286.7728       286.2329    
 1863   286.3388       286.7322       287.3787       288.2582       289.0370       289.6134       289.8098       289.5817       288.9317       287.9232       286.8441       286.4303    
 1864   286.3493       286.6332       287.3089       288.2501       289.0657       289.4890       289.8128       289.7437       288.9797       287.7431       286.8040       286.3120    
 1865   286.2668       286.6657       287.3530       288.2550       288.9707       289.6521       289.8765       289.5907       288.9505       287.9607       286.8090       286.2857    
 1866   286.1509       286.5499       287.2649       288.1771       289.0423       289.5290       289.8731       289.5432       288.8657       287.7710       286.8893       286.1966    
 1867   286.1205       286.5963       287.3663       288.2962       289.0054       289.5480       289.7947       289.5856       288.9311       287.7697       286.8390       286.3229    
 1868   286.4115       286.6586       287.3575       288.3701       289.0995       289.6154       289.8117       289.5926       288.8497       287.7801       286.8671       286.3161    
 1869   286.1823       286.6255       287.3530       288.2054       288.9734       289.5425       289.7740       289.5540       288.9188       287.8798       286.7812       286.3049    
 1870   286.2184       286.6232       287.2306       288.1992       288.9292       289.5545       289.9084       289.7263       289.0557       287.8372       286.7733       286.3531    
 1871   286.2431       286.5503       287.4767       288.2100       289.0806       289.6092       289.8599       289.7203       288.9731       287.7799       286.7701       286.1393    
 1872   286.0612       286.5529       287.1901       288.1317       288.8938       289.5175       289.8796       289.6714       288.8678       287.8232       286.7372       286.2809    
 1873   286.2360       286.6042       287.3651       288.2000       289.0305       289.6171       289.8957       289.7264       289.0944       287.9227       286.9464       286.4335    
 1874   286.2249       286.7054       287.5423       288.2530       288.9701       289.6823       289.8513       289.6748       288.8874       287.9185       286.8335       286.3998    
 1875   286.1136       286.6976       287.4033       288.2189       289.0052       289.5960       289.7678       289.5577       288.8956       287.8297       286.8225       286.4078    
 1876   286.2196       286.6750       287.5025       288.1062       289.0249       289.5161       289.8272       289.6165       288.8936       287.8066       286.8014       286.4077    
 1877   286.1756       286.6846       287.4875       288.2069       289.0173       289.7092       289.9057       289.6803       288.9714       287.9531       287.0123       286.4557    
 1878   286.2615       286.6005       287.4409       288.4045       289.0764       289.6552       289.8326       289.7287       288.9887       288.0095       286.9843       286.5028    
 1879   286.4642       286.8749       287.4397       288.3388       289.1474       289.7675       289.9146       289.7287       288.9123       287.7987       286.9025       286.1970    
 1880   286.3540       286.7303       287.4919       288.3719       289.1099       289.6606       289.8330       289.6377       288.9765       287.9089       286.9187       286.5109    
 1881   286.3108       286.7727       287.4567       288.3536       289.1288       289.6867       289.9870       289.8132       289.0008       287.9573       287.0089       286.5004    
 1882   286.6314       286.7871       287.6073       288.4839       289.1405       289.6540       289.9446       289.7136       288.9101       287.9770       286.9031       286.2699    
 1883   286.1859       286.6019       287.3486       288.2873       289.0578       289.5930       289.7630       289.5777       288.8747       287.8421       286.7816       286.1744    
 1884   286.1415       286.5570       287.1878       288.0139       288.7229       289.2655       289.4125       289.1204       288.3698       287.4822       286.4076       285.9172    
 1885   285.9628       286.2598       286.8640       287.8162       288.6729       289.2163       289.4684       289.2942       288.5590       287.5392       286.5428       286.0588    
 1886   286.0555       286.3360       287.2184       288.1326       288.8493       289.3758       289.6706       289.3755       288.8224       287.8148       286.7265       286.1412    
 1887   286.0929       286.5282       287.2860       288.0398       288.8420       289.3926       289.7598       289.5192       288.8112       287.7368       286.7094       286.0455    
 1888   286.2598       286.4035       287.3434       288.1545       289.0440       289.5813       289.7684       289.5358       288.7784       287.8508       286.7464       286.2401    
 1889   286.1040       286.6023       287.1264       288.1862       288.9405       289.5081       289.8549       289.5441       288.7276       287.8341       286.7498       286.1405    
 1890   286.1769       286.4722       287.2435       288.2092       288.9202       289.4665       289.7267       289.4604       288.7527       287.8098       286.7054       286.3210    
 1891   286.2781       286.7169       287.3679       288.1835       289.0174       289.4952       289.6679       289.4382       288.6608       287.7209       286.7919       286.1035    
 1892   285.9957       286.5085       287.3274       288.0567       288.8188       289.4091       289.6565       289.4607       288.6535       287.6824       286.5015       285.9686    
 1893   285.9437       286.4541       287.1844       288.2203       289.0332       289.5732       289.7511       289.6245       288.9611       287.7506       286.7453       286.2174    
 1894   286.1899       286.7971       287.5232       288.2991       289.0444       289.7191       289.9049       289.7337       289.0194       287.9045       286.9581       286.4014    
 1895   286.3906       286.7114       287.5336       288.2573       289.0695       289.6603       289.8053       289.6001       288.8172       287.7979       286.7899       286.3593    
 1896   286.3148       286.5809       287.2445       288.1619       289.0317       289.5772       289.7344       289.5693       288.8204       287.7617       286.7809       286.2548    
 1897   286.1514       286.6127       287.1607       288.1792       289.0004       289.5524       289.8700       289.5865       288.8573       287.7889       286.8855       286.4947    
 1898   286.2729       286.7244       287.3168       288.2300       289.0363       289.5749       289.9299       289.6915       289.0265       287.9370       286.8485       286.3657    
 1899   286.2348       286.6983       287.2996       288.1959       289.0823       289.6090       289.8971       289.7322       288.8978       287.9579       286.8992       286.4036    
 1900   286.4081       286.8415       287.4711       288.2111       289.0442       289.6910       290.0050       289.7512       289.0100       288.0281       287.0213       286.4501    
 1901   286.3348       286.6858       287.4380       288.3708       289.0010       289.6643       289.9145       289.6497       288.8872       287.9062       286.9230       286.4008    
 1902   286.3029       286.7671       287.5293       288.2602       289.0378       289.5486       289.8558       289.6773       288.9736       287.9383       287.0006       286.3715    
 1903   286.1837       286.6002       287.3272       288.1856       288.9295       289.4662       289.7046       289.4629       288.7212       287.6480       286.7318       286.2088    
 1904   286.0284       286.4258       287.2262       288.2943       289.0287       289.5618       289.8166       289.6148       288.8621       287.8496       286.7628       286.2879    
 1905   286.1425       286.5535       287.4518       288.3038       289.1838       289.7299       289.9375       289.6150       289.0450       287.8080       286.9035       286.1049    
 1906   286.0960       286.4593       287.1684       288.1860       289.0476       289.5630       289.8458       289.6904       289.0121       287.9568       286.7312       286.4207    
 1907   286.3618       286.6299       287.3822       288.2744       288.9955       289.4916       289.8268       289.5793       288.8652       287.6857       286.7340       286.1800    
 1908   286.0486       286.5344       287.3795       288.1473       288.9125       289.4746       289.7306       289.6038       288.8453       287.8561       286.7728       286.3442    
 1909   286.4653       286.6400       287.4101       288.3264       288.9972       289.5974       289.8645       289.6979       289.0405       287.9127       286.9590       286.3391    
 1910   286.1352       286.5540       287.5401       288.3545       289.0150       289.5374       289.9045       289.7119       288.9598       287.9842       287.0703       286.5015    
 1911   286.5287       286.8340       287.5879       288.4184       289.0776       289.7070       289.8735       289.6139       288.8949       287.8870       286.8545       286.4298    
 1912   286.5081       286.8714       287.4538       288.2063       289.0487       289.5336       289.7526       289.5003       288.8395       287.7962       286.7453       286.4608    
 1913   286.2476       286.5415       287.5147       288.3350       289.0480       289.5687       289.8944       289.6038       288.8260       287.7522       286.7481       286.1977    
 1914   286.1554       286.6332       287.3311       288.0812       288.9730       289.5513       289.7868       289.4768       288.8153       287.7636       286.7851       286.1619    
 1915   286.2434       286.7268       287.3497       288.2989       288.9763       289.5240       289.7889       289.5912       288.9311       287.8147       286.7269       286.3871    
 1916   286.2338       286.6365       287.4280       288.3209       289.0792       289.7526       290.0606       289.8000       289.0942       287.9523       287.0005       286.4599    
 1917   286.4125       286.8258       287.7408       288.5997       289.2646       289.8762       290.0341       289.6929       289.1175       288.1652       287.0573       286.4420    
 1918   286.4473       286.9036       287.5093       288.3257       289.2021       289.6242       289.9435       289.6714       289.0010       287.9848       286.8756       286.3650    
 1919   286.3348       286.8636       287.4098       288.3565       289.0791       289.6885       289.9042       289.7469       289.1988       288.0659       287.0774       286.5023    
 1920   286.3448       286.8845       287.5077       288.3710       289.1599       289.7410       289.8720       289.7181       289.0472       288.0905       286.9718       286.4408    
 1921   286.3889       286.7913       287.5857       288.4213       289.1798       289.7208       289.9751       289.8745       289.0344       288.1314       286.9876       286.4881    
 1922   286.4442       286.9582       287.5443       288.5302       289.2114       289.9071       290.0893       289.8658       289.1115       287.9180       287.0111       286.5540    
 1923   286.3228       286.7308       287.5563       288.3708       289.2365       289.7054       289.9958       289.8198       289.1563       287.9993       286.9782       286.5305    
 1924   286.5309       286.8060       287.4724       288.4061       289.2591       289.6985       290.0335       289.8530       289.0865       288.0784       287.0355       286.6031    
 1925   286.4504       287.0193       287.6008       288.4949       289.2511       289.7556       289.9782       289.7275       288.9760       288.0860       287.1003       286.3944    
 1926   286.4522       286.8370       287.5215       288.6085       289.3636       289.8847       290.1067       289.8153       289.1072       288.1264       287.0724       286.5354    
 1927   286.4412       287.0610       287.6954       288.5715       289.1261       289.7484       289.9720       289.7624       289.0135       288.0753       287.1221       286.5106    
 1928   286.4309       286.9098       287.6665       288.4194       289.2308       289.7878       290.0317       289.8967       289.1404       288.0189       287.1057       286.5303    
 1929   286.2873       286.8610       287.7263       288.5511       289.3744       289.9479       290.0916       289.7910       289.1647       288.1866       287.2756       286.6212    
 1930   286.5526       286.7753       287.7462       288.6348       289.3323       289.9163       290.0627       289.8823       289.1833       288.1613       287.0755       286.4542    
 1931   286.4346       286.9114       287.5910       288.5448       289.1089       289.6972       289.9676       289.8486       289.1551       288.1317       287.2824       286.7237    
 1932   286.6424       286.9898       287.6724       288.6791       289.4368       289.9354       290.1209       289.9504       289.2698       288.1184       287.1898       286.6279    
 1933   286.7711       287.0640       287.6534       288.5044       289.1669       289.6953       290.0258       289.7651       289.1546       288.0768       287.1488       286.4525    
 1934   286.4348       286.7471       287.5836       288.5376       289.2377       289.8752       290.0976       289.9201       289.1595       288.2002       287.1318       286.4522    
 1935   286.5300       286.8982       287.5404       288.3594       289.3010       289.7833       289.9871       289.8069       289.1089       288.0497       287.2010       286.4221    
 1936   286.6201       286.8978       287.6391       288.4354       289.3086       289.7947       290.1052       289.6977       289.1035       288.1232       287.1526       286.5925    
 1937   286.5952       286.8431       287.5643       288.4095       289.1703       289.7921       290.0437       289.8687       289.1660       288.1375       287.2080       286.6510    
 1938   286.5168       287.0150       287.7316       288.5257       289.3805       289.8902       290.0553       289.8839       289.0598       288.0424       286.9819       286.4736    
 1939   286.4775       286.8432       287.4589       288.5120       289.2310       289.7483       290.0687       289.8708       289.1340       288.1616       287.0686       286.5790    
 1940   286.5854       287.0543       287.6696       288.5652       289.2885       289.9022       290.0619       289.9063       289.2811       288.1601       287.1811       286.7103    
 1941   286.5525       286.9801       287.5881       288.4598       289.3349       289.9632       290.1951       289.8597       289.2146       288.1568       287.2566       286.7634    
 1942   286.7931       287.0072       287.7147       288.5185       289.2351       289.9347       290.0542       289.8389       289.1425       288.0429       287.0329       286.5910    
 1943   286.5228       286.8915       287.7093       288.5379       289.2841       289.8380       290.1024       289.8129       289.1627       288.0169       287.1503       286.6248    
 1944   286.5332       286.8192       287.6298       288.5317       289.3232       289.8461       289.9935       289.7373       289.0354       288.0326       286.9930       286.5209    
 1945   286.4392       286.9694       287.5536       288.4116       289.2418       289.8256       290.0043       289.7859       289.1152       288.0803       287.1794       286.7287    
 1946   286.5888       286.7878       287.7192       288.5505       289.3088       289.9762       290.0539       289.8087       289.2080       288.1125       287.0706       286.5940    
 1947   286.7141       287.0143       287.7090       288.4845       289.3163       289.8990       290.1615       289.8860       289.1588       288.2556       287.3563       286.7556    
 1948   286.5803       286.9210       287.7572       288.4485       289.3852       289.9341       290.1699       289.9766       289.1429       288.2702       287.2200       286.6803    
 1949   286.5605       287.0366       287.7560       288.4780       289.2689       289.8295       290.1046       289.9015       289.2639       288.2573       287.2685       286.7280    
 1950   286.8137       287.0477       287.7754       288.7327       289.2471       289.9309       290.1750       289.9001       289.2185       288.1929       287.2625       286.7718    
 1951   286.7126       287.1564       287.7831       288.6281       289.3105       289.9383       290.1267       290.0679       289.2767       288.2771       287.2774       286.7941    
 1952   286.6951       287.0312       287.7898       288.5164       289.3833       289.9946       290.1013       289.9207       289.1395       288.1187       287.1086       286.6252    
 1953   286.6251       286.8860       287.6295       288.4730       289.2856       289.7367       290.0402       289.8036       289.1258       288.1651       287.2397       286.5070    
 1954   286.4808       287.0513       287.6624       288.4467       289.2453       289.7804       290.0356       289.8438       289.1985       288.1356       287.1683       286.6445    
 1955   286.5760       286.9132       287.5697       288.4201       289.2659       289.8205       289.9504       289.7612       289.0362       288.0884       287.1521       286.5144    
 1956   286.5474       287.0296       287.8066       288.7114       289.4057       289.9344       290.1141       289.9082       289.3195       288.2416       287.2729       286.7072    
 1957   286.6042       287.1316       287.6092       288.5864       289.3974       289.9149       290.1997       289.8959       289.2579       288.3152       287.3334       286.7115    
 1958   286.6930       286.9672       287.7684       288.6927       289.3142       289.9166       290.0839       289.9272       289.2375       288.3625       287.3084       286.8377    
 1959   286.7170       287.0193       287.9344       288.7428       289.4485       289.9634       290.1854       289.9348       289.2276       288.3474       287.3319       286.7097    
 1960   286.7151       287.0107       287.6164       288.6029       289.2977       289.8573       290.1107       289.8640       289.1687       288.2627       287.2625       286.8658    
 1961   286.7523       287.1156       287.7710       288.6609       289.3848       289.9164       290.0875       289.8965       289.3117       288.2052       287.2121       286.7234    
 1962   286.5346       286.9652       287.7432       288.5436       289.2906       289.8672       290.1249       289.8916       289.1500       288.1417       287.2227       286.6328    
 1963   286.7401       287.0440       287.7589       288.6005       289.1273       289.8846       290.0099       289.7701       289.0636       288.1339       287.1968       286.4768    
 1964   286.4488       287.0663       287.6410       288.3146       289.1616       289.6288       289.8689       289.6896       288.9999       288.0734       286.9964       286.3606    
 1965   286.4727       286.7660       287.5289       288.2908       289.1055       289.7008       289.9031       289.7482       289.1017       288.1841       287.1893       286.7715    
 1966   286.6066       287.1821       287.8217       288.5655       289.2892       289.9087       290.1030       289.9734       289.2152       288.1915       287.2369       286.6452    
 1967   286.4707       287.1095       287.7411       288.6351       289.3168       289.9453       290.0406       289.9124       289.1378       288.1663       287.2750       286.5189    
 1968   286.6149       286.9109       287.5317       288.2391       289.2642       289.8025       290.0361       289.7429       289.1968       288.1652       287.2316       286.7733    
 1969   286.6430       286.9618       287.6533       288.5746       289.4203       289.8868       290.0555       289.8941       289.1661       288.1710       287.2030       286.6318    
 1970   286.7720       287.1181       287.8471       288.5666       289.3886       289.9507       290.1848       290.0355       289.3350       288.1419       287.2377       286.7469    
 1971   286.7714       287.2981       287.9358       288.8310       289.4974       290.0024       290.3373       289.9916       289.3598       288.3500       287.3152       286.8820    
 1972   286.9911       287.2578       287.7855       288.7094       289.4161       289.8910       290.1912       290.0141       289.3465       288.3973       287.4429       286.8199    
 1973   286.6939       287.2969       287.9040       288.9581       289.4902       290.0062       290.1520       289.9689       289.3925       288.2982       287.3556       286.8257    
 1974   286.8641       287.2558       288.0510       288.7920       289.4625       289.9193       290.1371       289.9955       289.3623       288.2771       287.3367       286.8271    
 1975   286.8976       287.2128       287.7738       288.6961       289.3578       289.9289       290.1050       289.8658       289.0947       288.1938       287.1957       286.8015    
 1976   286.8103       286.9543       287.6750       288.5281       289.3196       289.8648       290.0912       289.8699       289.1930       288.3399       287.3278       286.6898    
 1977   286.6783       287.1408       287.7965       288.7438       289.4128       289.9754       290.2774       290.0514       289.3791       288.5298       287.5919       287.0565    
 1978   286.9262       287.3588       287.9356       288.8212       289.5284       290.1071       290.3697       290.0149       289.3949       288.4448       287.5085       287.0937    
 1979   286.9158       287.3144       288.0222       288.6479       289.4838       289.9722       290.2896       290.1021       289.4940       288.5414       287.5471       287.0457    
 1980   286.9133       287.2258       288.0673       288.9113       289.6544       290.1682       290.4128       290.1595       289.6500       288.6317       287.6950       287.2171    
 1981   287.2613       287.3927       288.1768       288.9656       289.6472       290.2314       290.4680       290.1944       289.5420       288.6275       287.6070       287.0575    
 1982   287.0448       287.3617       288.0577       288.8198       289.6237       290.1105       290.1663       290.0862       289.3758       288.3338       287.3526       286.9482    
 1983   286.9638       287.2044       287.8705       288.6143       289.3760       289.8748       290.1107       289.8462       289.2629       288.3689       287.3608       286.8013    
 1984   286.8251       287.0760       287.8383       288.6095       289.4033       289.9728       290.2864       290.0839       289.3552       288.4499       287.5522       287.0789    
 1985   286.9967       287.4940       287.9972       288.8515       289.6287       290.1484       290.3362       290.0902       289.4155       288.4715       287.5341       287.1238    
 1986   286.9816       287.4232       287.9790       288.7861       289.5240       289.9040       290.2548       290.1820       289.5087       288.4338       287.5032       287.0001    
 1987   286.9668       287.2533       287.9207       288.7631       289.4546       290.1210       290.4317       290.1967       289.4765       288.6608       287.6214       287.0648    
 1988   287.0680       287.5986       288.0906       288.9062       289.6266       290.1640       290.4567       290.1891       289.5486       288.4750       287.5228       287.0175    
 1989   287.0053       287.3704       287.9388       288.8677       289.6239       290.1139       290.3171       290.1953       289.5433       288.6319       287.6686       287.2664    
 1990   287.0957       287.3925       288.1879       289.0070       289.6670       290.2786       290.4743       290.3261       289.7622       288.7455       287.7841       287.2285    
 1991   287.1189       287.3384       288.1771       289.0832       289.8296       290.2906       290.4901       290.2276       289.5398       288.6143       287.5852       286.9557    
 1992   287.0579       287.2807       287.9677       288.5996       289.4003       289.8563       290.0717       289.9665       289.2596       288.4019       287.4029       286.8484    
 1993   286.7820       287.0312       287.8865       288.6699       289.5002       290.1327       290.2656       290.1102       289.4449       288.3491       287.5255       286.9792    
 1994   286.9789       287.3073       287.9444       288.6686       289.4503       289.9614       290.2651       290.0744       289.4199       288.4489       287.5887       287.1967    
 1995   287.1711       287.3206       287.9872       288.8427       289.5972       290.0674       290.3914       290.1656       289.6126       288.5901       287.6777       287.1474    
 1996   287.2299       287.4757       288.2226       288.9891       289.7904       290.2005       290.4540       290.2899       289.5426       288.7525       287.7615       287.2813    
 1997   287.3812       287.5542       288.3241       289.1451       289.7573       290.2893       290.5779       290.3886       289.7325       288.8084       287.8113       287.3813    
 1998   287.1895       287.6264       288.4571       289.0597       289.8655       290.3871       290.6575       290.3768       289.8582       288.9162       287.9289       287.3052    
 1999   287.4445       287.6310       288.3031       289.0357       289.7596       290.3477       290.4845       290.3975       289.6801       288.9262       287.8365       287.3145    
 2000   287.4048       287.5967       288.2958       289.0224       289.7561       290.4309       290.5972       290.4518       289.8102       288.8875       287.8798       287.4926    
 2001   287.3829       287.7156       288.3344       289.1990       289.9455       290.4246       290.6810       290.4359       289.9419       288.8842       288.0856       287.4910    
 2002   287.4374       287.8006       288.3536       289.1844       289.8787       290.5001       290.7789       290.5437       289.9466       288.9163       287.9919       287.4766    
 2003   287.6237       288.0237       288.5539       289.2940       290.0100       290.4833       290.7698       290.5652       289.9831       289.1025       288.0312       287.4241    
 2004   287.3342       287.9548       288.4387       289.3561       289.9846       290.4591       290.6942       290.3847       289.7934       288.9356       287.7988       287.3044    
 2005   287.4132       287.6593       288.1880       288.9333       289.7819       290.3563       290.6030       290.4336       289.7555       288.8987       287.8646       287.3328    
 2006   287.3311       287.6179       288.2226       289.0984       289.8644       290.5419       290.6744       290.5018       289.8397       288.9492       288.0745       287.5785    
 2007   287.4599       287.6842       288.3616       289.2285       289.8921       290.4600       290.6512       290.5685       289.9077       288.9664       288.0031       287.5198    
 2008   287.3751       287.7062       288.4440       289.1348       289.9515       290.4903       290.6014       290.4600       289.8435       289.0797       288.1428       287.4594    
 2009   287.3904       287.8705       288.5218       289.1825       290.0286       290.5331       290.8080       290.6309       289.9900       289.0782       288.0658       287.6940    
 2010   287.5318       287.8319       288.5305       289.2244       289.9819       290.5083       290.8435       290.6424       290.0394       289.2042       288.2908       287.7002    
 2011   287.5602       287.9800       288.6024       289.3448       290.1923       290.6680       290.8702       290.6859       289.9558       289.0746       288.1588       287.7682    
 2012   287.5793       288.1078       288.6117       289.3396       290.0771       290.6536       290.8988       290.7122       290.1177       289.0077       288.2865       287.6390    
 2013   287.6344       287.9719       288.6805       289.4128       290.1042       290.6949       290.9424       290.7344       290.1302       289.2245       288.3294       287.9411    
 2014   287.8883       288.1473       288.5029       289.2731       290.1257       290.6760       290.8667       290.6761       289.9977       289.1315       288.1299       287.6754    
 2015   287.6306       287.9220       288.6373       289.5534       290.1964       290.6600       290.9901       290.7829       290.0759       289.2724       288.3432       287.8846    
 2016   287.6993       288.0850       288.7605       289.3376       290.0944       290.7575       290.9929       290.7456       290.1041       289.1945       288.2672       287.6806    
 2017   287.6427       288.0718       288.6087       289.4716       290.3002       290.7945       290.9821       290.9198       290.1641       289.2621       288.4139       287.9657    
 2018   287.8082       288.1340       288.8456       289.5011       290.3476       290.8939       290.9467       290.7542       290.1860       289.1532       288.1525       287.8021    
 2019   287.7083       288.0767       288.8103       289.4204       290.1435       290.7060       290.9188       290.8038       290.1534       289.1859       288.3487       287.9140    
 2020   287.7565       288.1447       288.8033       289.4462       290.2081       290.8152       291.0708       290.8879       290.2699       289.3560       288.4460       287.8525    
 2021   287.7750       288.2893       288.9384       289.6728       290.3935       290.9572       291.1520       290.8547       290.0973       289.3007       288.4801       287.8915    
 2022   287.8041       288.1414       288.9402       289.5177       290.3026       290.8655       290.9991       290.8499       290.2036       289.3844       288.5539       287.8743    
 2023   288.0152       288.3592       288.8617       289.6985       290.2842       290.8491       291.1202       290.8827       290.2603       289.3662       288.5005       288.0419    
 2024   287.8187       288.1127       288.8662       289.5903       290.3015       290.7698       291.1323       290.9717       290.3521       289.4832       288.5036       287.9348    
 2025   287.8364       288.3195       288.7846       289.6009       290.3067       290.9429       291.1571       290.9321       290.1812       289.4123       288.4511       287.9637    
 2026   287.8210       288.1987       288.8976       289.6712       290.4759       290.8867       291.1591       290.9651       290.2985       289.3999       288.5373       287.8235    
 2027   287.8804       288.2506       288.8843       289.6723       290.2872       290.9821       291.1476       291.0464       290.4767       289.5433       288.6631       288.1928    
 2028   288.2523       288.4825       289.0220       289.6360       290.4194       290.9760       291.2221       290.9686       290.3894       289.4131       288.4079       287.9345    
 2029   287.9585       288.0564       289.0042       289.6428       290.3331       291.0439       291.2445       291.0853       290.4990       289.4992       288.6263       288.1129    
 2030   288.1464       288.4044       288.8911       289.7059       290.4847       291.0345       291.2625       291.0801       290.3583       289.4914       288.5432       287.9937    
 2031   288.0068       288.1945       288.9161       289.7805       290.4821       291.0048       291.1862       290.9726       290.3012       289.3902       288.5264       288.1347    
 2032   287.9196       288.3709       289.0370       289.7581       290.5307       290.9994       291.2661       291.0680       290.5582       289.6369       288.7666       288.1726    
 2033   288.1345       288.4552       289.0889       289.8664       290.4963       291.1042       291.3519       291.1809       290.6559       289.6111       288.5952       287.9316    
 2034   288.2083       288.3295       288.9317       289.7849       290.3859       291.0446       291.2354       290.9799       290.3872       289.5317       288.5760       287.9816    
 2035   288.0016       288.3124       289.0827       289.8464       290.5361       290.9599       291.1793       290.9534       290.4909       289.4446       288.6043       288.2821    
 2036   288.2175       288.4492       289.0933       289.7859       290.4933       291.0591       291.3001       291.0975       290.5331       289.6246       288.7099       288.3037    
 2037   288.2281       288.5059       289.3261       289.8447       290.6731       291.1215       291.3244       291.2088       290.5705       289.6993       288.7925       288.2712    
 2038   288.2545       288.5790       289.0967       289.9102       290.4970       291.0794       291.2834       291.0441       290.5745       289.5551       288.8067       288.2032    
 2039   288.1083       288.5244       289.1575       289.8733       290.6130       291.1506       291.4229       291.1792       290.5195       289.6141       288.7128       288.2640    
 2040   288.1415       288.4872       289.2009       289.9051       290.5759       291.1810       291.3910       291.2157       290.4659       289.6606       288.8335       288.1711    
 2041   288.3315       288.6561       289.2721       289.9138       290.6238       291.1767       291.3715       291.2078       290.5643       289.5926       288.7757       288.3393    
 2042   288.2696       288.5609       289.1651       289.7710       290.5882       291.0487       291.3970       291.1471       290.5851       289.6497       288.6790       288.1857    
 2043   288.3168       288.7337       289.1703       289.6842       290.5068       291.0576       291.3567       291.1746       290.5664       289.7067       288.7322       288.2776    
 2044   288.3219       288.6446       289.2211       289.9136       290.6101       291.1895       291.3361       291.2675       290.6091       289.6994       288.7724       288.3164    
 2045   288.1635       288.5786       289.1648       290.0130       290.6692       291.1385       291.4162       291.2305       290.5537       289.6744       288.8400       288.3529    
 2046   288.2192       288.5880       289.1941       289.9250       290.6355       291.2430       291.5137       291.2234       290.6519       289.7284       288.9308       288.5183    
 2047   288.5529       288.6829       289.2834       289.9315       290.5518       291.1570       291.4499       291.2070       290.7135       289.8111       288.9119       288.3073    
 2048   288.4038       288.9092       289.5199       290.0341       290.8556       291.3232       291.6226       291.2982       290.7183       289.7967       288.8814       288.4051    
 2049   288.3780       288.7100       289.3384       290.1485       290.8246       291.2956       291.5774       291.2786       290.6319       289.7625       289.0512       288.5658    
 2050   288.3689       288.5419       289.2566       290.0318       290.8232       291.2823       291.5022       291.2709       290.7899       289.9707       289.1549       288.5899    
 2051   288.5586       288.9533       289.4568       290.2229       290.8979       291.4238       291.6517       291.4405       290.7745       289.9501       289.0558       288.5541    
 2052   288.5283       288.8036       289.4146       290.1412       290.7247       291.3366       291.6698       291.4711       290.8837       289.9439       288.9716       288.5652    
 2053   288.4693       288.7989       289.4761       290.2535       290.9093       291.4023       291.5324       291.2764       290.7974       289.8323       288.9646       288.3992    
 2054   288.3665       288.7223       289.1696       290.0697       290.7124       291.2524       291.4174       291.3014       290.7120       289.8690       289.0255       288.4911    
 2055   288.4602       288.9015       289.5246       290.2042       290.9261       291.5135       291.7300       291.5746       290.8463       289.9445       289.1515       288.7184    
 2056   288.5160       288.8567       289.4290       290.1052       290.8775       291.3820       291.5640       291.3492       290.7080       289.8563       289.0141       288.5722    
 2057   288.4792       288.6603       289.3109       290.0123       290.6534       291.1976       291.4843       291.3392       290.7874       289.8346       288.9807       288.6247    
 2058   288.4336       288.9273       289.5641       290.1978       290.8734       291.3986       291.5381       291.3855       290.7216       289.8633       289.0808       288.6622    
 2059   288.5562       288.7368       289.4583       290.0766       290.7906       291.3822       291.5312       291.4245       290.8076       289.9727       289.0445       288.5659    
 2060   288.4754       288.8095       289.3926       290.0833       290.7897       291.3130       291.5957       291.4221       290.7259       289.8329       289.0135       288.4041    
 2061   288.4729       288.8632       289.3438       290.0966       290.7819       291.3816       291.6425       291.4433       290.8634       290.0168       289.2202       288.6171    
 2062   288.5876       288.9764       289.4994       290.1373       290.8790       291.4914       291.6701       291.4335       290.8650       289.8190       288.9479       288.3774    
 2063   288.3743       288.6793       289.4903       290.1581       290.9150       291.3814       291.6205       291.4275       290.8682       289.8786       289.0396       288.5565    
 2064   288.6276       288.8984       289.4401       290.2270       290.9930       291.4916       291.6725       291.4692       290.8605       289.9944       289.2113       288.6623    
 2065   288.7810       288.9797       289.5502       290.2277       290.9733       291.4243       291.6334       291.4885       290.8657       289.9815       289.1180       288.6038    
 2066   288.3572       288.7268       289.2606       290.0174       290.8687       291.3929       291.5974       291.4720       290.8156       290.0109       289.0348       288.6228    
 2067   288.3463       288.8357       289.4611       290.1515       290.9155       291.4184       291.6332       291.4095       290.8091       290.0107       289.0443       288.5658    
 2068   288.6034       288.8164       289.4341       290.2194       290.8694       291.3868       291.6825       291.4668       290.7789       289.9631       289.0219       288.3781    
 2069   288.4833       288.8972       289.3887       290.2570       290.9474       291.4896       291.6526       291.3629       290.8008       289.8066       288.9818       288.4923    
 2070   288.5181       288.7761       289.4204       290.1274       290.8391       291.4162       291.5712       291.5077       290.9135       289.9752       289.1153       288.6162    
 2071   288.5955       289.0276       289.5821       289.9568       290.7873       291.4562       291.6242       291.3340       290.8017       290.0101       289.0940       288.6346    
 2072   288.5225       288.8441       289.5952       290.2744       290.9545       291.5782       291.8136       291.6607       291.0847       290.1380       289.2587       288.8324    
 2073   288.7971       289.0879       289.6729       290.4194       291.2117       291.6802       291.8336       291.5393       290.9262       290.1043       289.2856       288.7962    
 2074   288.6327       288.8267       289.4550       290.2963       290.9759       291.4432       291.7446       291.5704       290.9997       289.9580       289.2330       288.7842    
 2075   288.6476       288.8886       289.5524       290.4452       291.0406       291.5742       291.7136       291.5466       290.8177       290.0140       288.9922       288.7170    
 2076   288.7932       289.0484       289.6568       290.3485       291.1182       291.7245       291.8067       291.6201       290.9784       290.0680       289.3253       288.7890    
 2077   288.6640       289.1280       289.6714       290.2661       291.0112       291.5475       291.7963       291.5328       290.8845       290.1992       289.1518       288.6316    
 2078   288.6543       288.8198       289.6211       290.2905       291.0022       291.5745       291.7545       291.5612       290.8958       290.1015       289.3184       288.8358    
 2079   288.7829       289.1609       289.7587       290.3086       291.0164       291.5635       291.8208       291.5932       291.0265       290.1933       289.3134       288.7679    
 2080   288.8389       289.1203       289.7349       290.3990       290.9684       291.5471       291.8498       291.6671       291.0259       290.1331       289.2732       288.9141    
 2081   288.6119       288.9235       289.7032       290.3835       291.0603       291.6928       291.8729       291.6761       290.9892       290.1253       289.2658       288.8928    
 2082   288.8121       289.0191       289.6270       290.3208       291.0472       291.7231       291.8127       291.6099       291.0453       290.1344       289.3737       288.9314    
 2083   288.8186       289.2141       289.6230       290.3575       291.1041       291.5966       291.6649       291.5877       290.9840       290.0626       289.1390       288.5960    
 2084   288.6154       289.0331       289.5731       290.2342       291.0186       291.6098       291.7968       291.5223       290.9666       290.1272       289.3819       288.6967    
 2085   288.7924       289.0771       289.5102       290.4737       291.0373       291.6437       291.8046       291.6894       291.0326       290.2049       289.3515       288.7380    
 2086   288.7573       289.1328       289.6342       290.3545       290.9701       291.5444       291.8003       291.5904       291.0444       290.0661       289.2925       288.7769    
 2087   288.6404       288.9373       289.8216       290.6339       291.1301       291.7338       291.8937       291.6102       291.0427       290.2152       289.3854       288.7017    
 2088   288.7929       289.1426       289.6155       290.3724       291.0809       291.5173       291.8063       291.6116       291.0263       290.0502       289.3248       288.7546    
 2089   288.6859       289.2305       289.6884       290.3473       291.1289       291.5608       291.8054       291.6147       290.9629       290.1908       289.2359       288.7553    
 2090   288.7001       288.8327       289.6914       290.4411       291.0615       291.5957       291.8159       291.6664       291.0983       290.1157       289.4109       288.8122    
 2091   288.7646       289.0720       289.7431       290.2715       291.0686       291.5870       291.7899       291.5959       290.8344       289.9845       289.1009       288.6606    
 2092   288.4901       288.8494       289.4998       290.1335       290.9525       291.4881       291.7230       291.4691       290.8878       290.1135       289.2526       288.7886    
 2093   288.7043       289.0670       289.6900       290.3412       291.1005       291.6831       291.7604       291.5709       291.0047       290.0372       289.2143       288.7883    
 2094   288.7991       289.0069       289.6619       290.3666       291.1237       291.6071       291.7737       291.6036       291.1088       290.1588       289.3442       288.7223    
 2095   288.6874       289.0728       289.7176       290.2975       291.0080       291.6141       291.8758       291.5970       291.0151       290.1479       289.3762       288.8773    
 2096   288.7718       289.0333       289.6745       290.2614       291.0056       291.6455       291.8351       291.6992       291.0249       290.1725       289.1932       288.7904    
 2097   288.7962       289.0623       289.6312       290.3562       291.0297       291.6665       291.8745       291.5751       291.0660       290.0861       289.3042       288.8651    
 2098   288.6346       288.9624       289.5655       290.4311       291.1109       291.6449       291.8579       291.6228       291.0984       290.1190       289.2585       288.8083    
 2099   288.8172       289.0881       289.7537       290.5146       291.1375       291.6637       291.9283       291.7988       291.0970       290.2411       289.3863       288.7704    
 2100   288.8364       289.1348       289.8139       290.4301       291.0862       291.5923       291.8449       291.6990       290.9732       290.2805       289.3858       288.9430    
 2101   288.6148       289.0488       289.6784       290.4274       291.1129       291.5997       291.7792       291.6619       291.0398       290.1440       289.3363       288.9675    
 2102   288.9993       289.2668       289.6657       290.3901       290.9612       291.5842       291.7555       291.5020       290.9565       290.1259       289.1590       288.6853    
 2103   288.6943       288.9766       289.5464       290.3952       291.0657       291.5303       291.8474       291.6471       291.0185       290.1346       289.2399       288.9662    
 2104   288.8849       288.9058       289.6934       290.3932       291.0887       291.6021       291.7135       291.5627       291.0380       290.1998       289.3864       288.8283    
 2105   288.8756       289.0851       289.6818       290.4190       291.0956       291.6367       291.7645       291.5855       291.0117       290.2949       289.4768       288.9779    
 2106   288.9632       289.2504       289.9843       290.4813       291.0333       291.6310       291.7437       291.6070       291.0253       290.1513       289.2576       288.7709    
 2107   288.7826       289.0315       289.5286       290.3074       291.2334       291.6407       291.8638       291.6759       291.0706       290.2680       289.3699       288.8928    
 2108   288.9837       289.3435       289.7525       290.3791       291.0988       291.6063       291.8506       291.6588       291.0180       290.2231       289.3241       288.7927    
 2109   288.7376       288.9663       289.6650       290.4708       291.2563       291.6148       291.9279       291.8034       291.2634       290.3892       289.5155       288.9344    
 2110   288.9967       289.2875       289.7776       290.4530       291.2708       291.7705       292.0106       291.7849       291.1453       290.2915       289.5502       288.9999    
 2111   288.8225       289.2924       289.7299       290.4002       291.0988       291.5787       291.8421       291.7467       291.0198       290.2750       289.4467       288.7708    
 2112   288.7673       289.0202       289.7224       290.4066       291.2371       291.7996       291.9598       291.7657       291.2070       290.2884       289.5901       289.0325    
 2113   289.0443       289.3833       289.8789       290.5209       291.1306       291.6008       291.8786       291.6307       291.0411       290.1076       289.2153       288.7672    
 2114   288.7049       289.1433       289.5254       290.4138       291.0361       291.6616       291.7931       291.8165       291.1309       290.2742       289.3809       289.0380    
 2115   288.8615       289.1303       289.6589       290.4712       291.0672       291.6637       291.8804       291.7449       291.1180       290.2119       289.3106       288.7188    
 2116   288.7827       289.1203       289.7560       290.4869       291.2071       291.8292       291.8843       291.6792       291.0586       290.3210       289.4274       288.9511    
 2117   288.7262       289.2597       289.7630       290.4422       291.1936       291.7327       291.8466       291.7327       291.0196       290.2180       289.3302       288.8651    
 2118   288.8102       289.1493       289.7053       290.5452       291.1934       291.7278       291.8402       291.8077       291.1421       290.1988       289.4698       288.9991    
 2119   288.7963       289.2403       289.9191       290.3939       291.0341       291.6814       291.8368       291.6772       291.0136       290.0520       289.3441       288.8784    
 2120   288.8387       289.0648       289.7787       290.4522       291.0873       291.5962       291.8199       291.4978       290.9600       290.2729       289.3914       288.9424    
 2121   289.0070       289.3837       289.9531       290.6333       291.2144       291.8234       291.9451       291.8625       291.1212       290.3124       289.4509       288.9452    
 2122   288.7956       289.1637       289.8657       290.4099       291.1817       291.7267       291.8657       291.6717       291.0906       290.1971       289.5318       288.9160    
 2123   288.9528       289.1858       289.8092       290.5227       291.2689       291.7738       291.9730       291.8563       291.2243       290.3421       289.4678       289.0230    
 2124   288.8992       289.1049       289.8650       290.5510       291.1785       291.7206       291.9250       291.7538       291.0938       290.3726       289.3121       288.9262    
 2125   288.7443       288.9346       289.7007       290.3801       291.1772       291.6651       291.9466       291.7409       291.1008       290.3380       289.4054       289.0249    
 2126   288.9783       289.2348       289.8931       290.4816       291.2188       291.7026       291.9651       291.8233       291.2861       290.3125       289.3845       289.0337    
 2127   288.8099       289.2701       289.8168       290.4033       291.2431       291.8442       291.9271       291.8248       291.0640       290.1298       289.3230       288.8849    
 2128   288.9552       288.9991       289.6636       290.3896       291.1060       291.6406       291.9651       291.7720       291.2356       290.2141       289.4487       289.0533    
 2129   288.9751       289.1845       289.8731       290.5032       291.2550       291.7810       292.0552       291.8360       291.1591       290.2850       289.2580       288.9039    
 2130   288.8417       289.2572       289.9892       290.5872       291.2471       291.8235       291.9846       291.8271       291.2390       290.2362       289.4622       288.9999    
 2131   289.0451       289.3527       289.8057       290.5807       291.2643       291.8085       291.9608       291.8962       291.2940       290.3923       289.6000       288.9093    
 2132   288.8649       289.2309       290.0133       290.5060       291.2015       291.7776       291.9686       291.7954       291.1977       290.3680       289.5023       288.9539    
 2133   288.8974       289.3720       289.8144       290.4834       291.1350       291.6713       291.9591       291.7780       291.1574       290.3167       289.5734       289.0879    
 2134   289.0409       289.3938       289.8913       290.5179       291.3458       291.7324       291.9777       291.7545       291.1646       290.0109       289.4606       288.9733    
 2135   288.9223       289.2727       289.8908       290.5342       291.1089       291.7280       291.9967       291.8710       291.1811       290.2657       289.3633       288.8839    
 2136   288.9366       289.3214       289.8333       290.4579       291.1327       291.7297       291.9137       291.7079       291.1126       290.2091       289.3864       288.8531    
 2137   288.7493       289.1113       289.8004       290.5544       291.2054       291.7676       291.8375       291.7042       291.1605       290.2048       289.4037       289.1216    
 2138   288.9908       289.1017       289.8633       290.5294       291.2059       291.6064       291.8005       291.8279       291.2501       290.2712       289.4467       288.8759    
 2139   288.9626       289.2600       290.0126       290.6359       291.1469       291.6299       291.8391       291.7288       291.1442       290.2166       289.4624       288.9371    
 2140   288.5869       289.0881       289.7867       290.3536       291.0585       291.6205       291.9767       291.7819       291.2373       290.2635       289.5400       289.0226    
 2141   288.9545       289.2407       289.7856       290.4720       291.0942       291.6632       291.9235       291.7229       290.9485       290.2244       289.3791       289.0275    
 2142   288.8653       289.1066       289.7534       290.4510       291.1895       291.6742       291.9095       291.7165       291.0683       290.2491       289.3979       288.8918    
 2143   288.6761       288.9178       289.5059       290.4771       291.1495       291.6633       291.7995       291.7063       291.1178       290.2794       289.3756       288.8074    
 2144   288.8268       289.1949       289.8118       290.4829       291.2924       291.6894       291.9489       291.8354       291.1894       290.4047       289.4763       289.0292    
 2145   288.8382       289.3374       289.7274       290.4888       291.1139       291.7014       291.8663       291.6654       291.1697       290.2434       289.3393       288.8224    
 2146   288.8189       289.0631       289.7428       290.4104       291.1833       291.6705       291.8153       291.7807       291.1519       290.2415       289.4246       289.0101    
 2147   289.0270       289.2596       289.8568       290.6387       291.2583       291.6876       291.9456       291.9438       291.2480       290.1896       289.3817       289.0438    
 2148   289.0177       289.2190       289.8742       290.4709       291.1142       291.7222       291.9708       291.8478       291.2473       290.3994       289.4927       288.9500    
 2149   289.0645       289.3465       289.7797       290.5527       291.2220       291.8286       292.0149       291.8117       291.1192       290.2527       289.3762       288.9088    
 2150   289.0073       289.2447       289.8052       290.4248       291.1476       291.5655       291.9309       291.7809       291.1982       290.3124       289.4292       289.0709    
 2151   288.9983       289.2740       289.7680       290.5906       291.1730       291.7693       292.0286       291.8409       291.2900       290.2971       289.5374       289.0412    
 2152   289.0654       289.4599       289.8677       290.5232       291.3006       291.8554       292.0472       291.8945       291.2292       290.2791       289.6277       289.0289    
 2153   289.0110       289.2592       289.8151       290.4938       291.1639       291.8272       291.9589       291.7355       291.1883       290.2491       289.3367       289.0911    
 2154   289.0175       289.1270       289.8276       290.6176       291.1981       291.8003       292.0376       291.8839       291.2603       290.3968       289.6052       289.1113    
 2155   288.9299       289.0542       289.9304       290.4570       291.1749       291.7613       291.9429       291.6918       291.0817       290.2939       289.3596       288.9526    
 2156   288.9394       289.2055       289.8788       290.3746       291.0646       291.7304       291.9115       291.8007       291.1424       290.4463       289.5223       289.0110    
 2157   289.0020       289.4913       289.8282       290.7260       291.3511       291.9432       292.0653       291.8864       291.2341       290.4017       289.4992       289.0068    
 2158   289.0034       289.3497       289.9528       290.7408       291.3585       291.7798       292.0173       291.8009       291.2647       290.2722       289.3583       288.9055    
 2159   288.7185       289.3816       289.7184       290.5611       291.3279       291.8633       292.0582       291.8777       291.2279       290.3173       289.5114       289.1068    
 2160   288.9078       289.2913       290.0321       290.5008       291.2781       291.8040       291.9998       291.7444       291.1141       290.2863       289.4474       289.0266    
 2161   288.9302       289.1757       289.8582       290.5045       291.3125       291.8230       292.0393       291.7760       291.2657       290.2398       289.3658       288.9240    
 2162   288.9542       289.3657       289.8667       290.5150       291.1958       291.7117       292.0375       291.8317       291.2198       290.3564       289.5348       288.9773    
 2163   288.9129       289.3309       289.8270       290.6037       291.3066       291.7566       291.9444       291.8683       291.1576       290.4211       289.4740       289.1290    
 2164   288.9912       289.2013       289.8197       290.4980       291.1965       291.7484       291.9777       291.8346       291.1670       290.3751       289.4829       288.9710    
 2165   289.0018       289.1574       289.8428       290.6527       291.2399       291.8580       291.9866       291.8612       291.1814       290.3434       289.4680       289.0052    
 2166   289.0762       289.3851       289.8551       290.6047       291.2861       291.8191       292.0720       291.8890       291.1527       290.3943       289.5246       289.0905    
 2167   289.1815       289.3776       289.7562       290.5020       291.1560       291.7428       292.0270       291.7571       291.2371       290.3609       289.5270       289.0610    
 2168   288.8205       289.1528       289.9077       290.5762       291.2334       291.8358       292.0157       291.8683       291.1219       290.1571       289.4550       288.9600    
 2169   288.9738       289.2170       289.9244       290.5968       291.2644       291.8594       292.0401       291.8482       291.1295       290.4272       289.5924       289.0594    
 2170   288.9913       289.3611       290.1812       290.6644       291.3098       291.7747       291.9114       291.6895       291.1904       290.2893       289.3379       288.8419    
 2171   288.7908       289.2991       289.7728       290.5323       291.2375       291.7643       291.9981       291.8333       291.1301       290.2352       289.4619       288.9570    
 2172   288.9271       289.3708       289.9032       290.5802       291.2209       291.7262       291.8768       291.7137       291.1891       290.3150       289.4970       288.9853    
 2173   289.0689       289.1100       289.7639       290.5588       291.1602       291.7653       292.0507       291.8968       291.1348       290.2521       289.5305       289.1795    
 2174   289.0276       289.2922       289.8802       290.3154       291.1463       291.7766       291.8823       291.7604       291.1974       290.2321       289.3836       288.9632    
 2175   288.9069       289.1304       289.7531       290.5925       291.2995       291.7924       291.9859       291.7296       291.2804       290.3017       289.6075       289.0591    
 2176   289.1492       289.5807       289.9150       290.5287       291.1026       291.6420       291.9427       291.7132       291.0704       290.1410       289.3952       288.9001    
 2177   288.7258       289.2122       289.7812       290.5509       291.1876       291.7776       291.9370       291.8196       291.1747       290.3396       289.5055       289.0360    
 2178   288.9569       289.2750       289.8804       290.6841       291.3896       291.8959       291.9483       291.8191       291.3380       290.3966       289.6786       289.1060    
 2179   288.9664       289.1914       289.8939       290.7657       291.3510       291.8254       292.0540       291.8521       291.2738       290.3943       289.5193       289.1257    
 2180   289.1379       289.2597       289.9904       290.6413       291.2620       291.7674       291.9684       291.8236       291.1305       290.3322       289.5517       289.0018    
 2181   288.8429       289.3837       289.8880       290.4115       291.3252       291.7407       291.9320       291.7902       291.2622       290.4312       289.4024       288.9572    
 2182   288.6595       289.2317       289.8621       290.5667       291.2299       291.7410       292.0419       291.7913       291.2773       290.3554       289.5468       289.0018    
 2183   288.9326       289.2546       289.7650       290.5550       291.1933       291.6977       291.9514       291.6586       291.2006       290.3104       289.3043       288.8405    
 2184   288.7432       289.1410       289.8248       290.6278       291.3277       291.7511       292.0713       291.8073       291.2936       290.3350       289.5447       289.0471    
 2185   289.0534       289.3347       289.7955       290.7366       291.3211       291.8419       291.9675       291.8793       291.1848       290.3622       289.6154       289.1707    
 2186   288.9693       289.3538       289.9126       290.7607       291.2450       291.7412       292.0063       291.8116       291.2759       290.4477       289.6870       289.1230    
 2187   288.9377       289.3303       289.9926       290.6686       291.2327       291.8295       292.0651       291.8011       291.2005       290.3676       289.4860       289.1017    
 2188   289.0394       289.4144       289.7630       290.5591       291.3055       291.8526       291.9645       291.8343       291.2037       290.3145       289.5616       289.2125    
 2189   289.0076       289.2047       289.9151       290.5060       291.2653       291.8017       291.9980       291.8188       291.2197       290.3775       289.4105       288.8986    
 2190   289.0612       289.1432       289.7685       290.5211       291.2629       291.8287       291.9751       291.8568       291.2059       290.2838       289.4811       289.0094    
 2191   288.8528       289.2619       289.9054       290.6226       291.2705       291.7213       291.9896       291.8498       291.2458       290.3842       289.6160       289.0799    
 2192   289.0618       289.2953       289.7547       290.6791       291.3053       291.8091       292.0363       291.8539       291.2023       290.3915       289.5674       289.1564    
 2193   288.9224       289.2353       289.8885       290.3869       291.2817       291.8994       291.9958       291.8853       291.2286       290.4890       289.7071       289.3058    
 2194   289.0623       289.4514       289.9444       290.6440       291.3092       291.8913       292.0058       291.9286       291.2652       290.3983       289.4754       289.0297    
 2195   289.0175       289.2784       289.7588       290.5319       291.2096       291.7383       291.9807       291.9058       291.2910       290.4301       289.6035       289.0435    
 2196   289.0265       289.5347       289.8792       290.5400       291.3415       291.8020       292.1035       291.9121       291.3036       290.4010       289.5956       289.1674    
 2197   289.0485       289.4023       289.9221       290.7965       291.3248       291.8643       292.1251       291.8499       291.3210       290.4721       289.6654       289.1830    
 2198   289.0274       289.4854       290.0220       290.8492       291.4299       291.9071       292.1660       291.9676       291.2432       290.3681       289.6690       289.0890    
 2199   288.9980       289.3557       289.8426       290.5346       291.1693       291.8387       292.0070       291.8255       291.2468       290.3282       289.5782       289.0540    
 2200   288.9912       289.3245       289.8245       290.5771       291.2462       291.7526       292.0281       291.8245       291.1970       290.4099       289.4969       289.1531    
 2201   289.2598       289.4160       289.7168       290.6829       291.3129       291.8585       292.0902       291.8569       291.3302       290.2580       289.5775       289.0710    
 2202   289.0538       289.2636       289.8491       290.5841       291.2899       291.7696       292.0340       291.8633       291.3375       290.3723       289.5573       289.0642    
 2203   288.9834       289.3414       289.9262       290.6808       291.4156       291.8512       292.0138       291.8735       291.3121       290.3844       289.3774       289.0767    
 2204   288.7485       289.3180       289.9073       290.5593       291.2527       291.8098       292.0060       291.8413       291.1050       290.2888       289.5615       289.0593    
 2205   288.8450       289.3206       289.8926       290.5964       291.2423       291.8001       292.0038       291.8350       291.3001       290.4672       289.6904       289.3386    
 2206   289.1463       289.5623       290.0623       290.6478       291.3871       291.8425       291.9905       291.8540       291.3033       290.4679       289.6219       289.1926    
 2207   289.0718       289.4085       289.8401       290.5737       291.2627       291.8242       292.0984       291.9070       291.3215       290.4366       289.4572       288.9401    
 2208   289.0647       289.2179       289.9018       290.5772       291.3292       291.9106       292.1331       291.9544       291.2281       290.4869       289.5990       289.2074    
 2209   289.1450       289.3271       289.9558       290.6889       291.3596       291.9264       292.1575       291.9795       291.4236       290.5779       289.7531       289.1907    
 2210   289.2410       289.6142       289.8930       290.6787       291.3308       291.7944       292.0499       291.7551       291.1603       290.2484       289.4529       289.1120    
 2211   289.0620       289.3126       289.8047       290.5102       291.2449       291.7639       291.9154       291.7787       291.2851       290.3753       289.5951       289.0668    
 2212   289.1787       289.3547       290.0090       290.5492       291.3004       291.8169       291.9808       291.7974       291.2073       290.3281       289.5521       289.0652    
 2213   288.9968       289.3173       290.0005       290.6754       291.3117       291.8459       292.0490       291.9700       291.3540       290.5860       289.5658       289.0732    
 2214   289.0402       289.4073       290.0208       290.7144       291.3137       291.7900       292.0977       291.8708       291.2094       290.2890       289.5227       289.0660    
 2215   288.9041       289.3140       289.8548       290.6230       291.3000       291.8295       292.0229       291.9081       291.3784       290.5251       289.6465       289.2288    
 2216   289.0812       289.4175       290.0450       290.6324       291.3926       291.8778       292.1546       291.9112       291.1434       290.3243       289.6361       289.0899    
 2217   289.0199       289.2837       290.0260       290.5646       291.2466       291.8827       292.1573       291.9633       291.4081       290.3966       289.5257       289.1981    
 2218   289.1428       289.3836       289.9580       290.4752       291.3232       291.7906       292.0157       291.7837       291.1137       290.2550       289.4525       289.0120    
 2219   288.8482       289.2414       289.8701       290.4916       291.2149       291.8365       291.9807       291.8252       291.2796       290.4166       289.5692       289.0553    
 2220   289.0232       289.4948       289.9624       290.5353       291.3309       291.8932       292.1104       291.9849       291.3851       290.4911       289.6993       289.1982    
 2221   289.2170       289.4762       290.0031       290.7422       291.4212       292.0021       292.0981       291.8932       291.2217       290.4563       289.6094       289.1322    
 2222   289.1076       289.3750       290.0757       290.7378       291.3138       291.8554       292.1598       292.0562       291.3974       290.5090       289.6853       289.2515    
 2223   289.1570       289.5525       290.1756       290.9004       291.4260       291.8614       292.1043       291.8569       291.2216       290.3258       289.6117       289.0127    
 2224   289.0514       289.4113       289.8842       290.5978       291.3068       291.8723       292.0598       291.8870       291.3434       290.3952       289.6668       289.2474    
 2225   289.2560       289.4131       290.0649       290.7675       291.4081       291.9936       292.2069       291.9120       291.2964       290.3538       289.5157       289.1718    
 2226   289.0219       289.3821       289.9120       290.6738       291.2615       291.8521       292.0421       291.9162       291.2814       290.3925       289.6198       289.1798    
 2227   289.1854       289.3467       290.1425       290.7440       291.3766       291.8705       292.0124       291.8295       291.2994       290.3137       289.5928       288.9594    
 2228   288.9289       289.3199       289.8825       290.7319       291.3319       291.8223       292.1553       291.9750       291.3230       290.5598       289.6638       289.1180    
 2229   289.0878       289.3719       289.9538       290.6566       291.2259       291.8066       292.0247       291.8848       291.3836       290.4218       289.7097       289.1172    
 2230   289.1656       289.3138       290.0336       290.7196       291.3467       291.9139       292.2226       291.9872       291.4363       290.5198       289.7376       289.2279    
 2231   289.1977       289.4880       289.9199       290.6970       291.2996       291.9038       292.0673       291.9185       291.3817       290.3877       289.5771       289.1376    
 2232   289.0865       289.4610       289.8746       290.5946       291.4139       291.8721       292.0326       291.9389       291.3308       290.3812       289.6666       289.1294    
 2233   289.1843       289.3918       290.1581       290.8385       291.4586       291.9234       292.0502       291.8162       291.2010       290.4084       289.4710       288.9836    
 2234   289.0657       289.3478       289.8669       290.5763       291.2473       291.7842       292.0286       291.8213       291.2955       290.4837       289.6175       289.3667    
 2235   289.2628       289.6135       290.0181       290.7727       291.3201       291.8447       292.0526       291.9406       291.2990       290.4515       289.6626       289.2340    
 2236   288.9589       289.2430       290.0414       290.6196       291.3822       291.8165       292.0884       291.8678       291.3194       290.5380       289.6917       289.1805    
 2237   289.0475       289.5759       290.2202       290.8090       291.4002       291.9139       292.1862       291.9554       291.4551       290.4911       289.6664       289.1736    
 2238   289.1693       289.3834       289.9688       290.6692       291.5062       291.9834       292.1902       292.0283       291.3838       290.3510       289.7674       289.2824    
 2239   289.1244       289.6585       290.0925       290.7642       291.4931       292.0970       292.1678       291.9197       291.3499       290.4144       289.7662       289.3260    
 2240   289.2676       289.4898       290.1512       290.7360       291.4678       291.9314       292.1713       291.8907       291.4231       290.5550       289.7731       289.1971    
 2241   289.1935       289.5434       289.9300       290.6296       291.4074       291.8376       292.0612       291.9402       291.3006       290.3454       289.6617       289.1818    
 2242   288.9791       289.3880       290.0539       290.9286       291.4668       291.9190       292.2311       291.9981       291.3552       290.5402       289.8455       289.3549    
 2243   289.1493       289.6493       290.2072       290.7266       291.4237       291.8745       292.0544       291.7196       291.1755       290.2923       289.5230       288.9695    
 2244   289.0298       289.3002       289.9978       290.6417       291.3293       291.8587       292.0652       291.8582       291.3190       290.4172       289.5548       289.2786    
 2245   289.1793       289.5455       289.9820       290.6346       291.4071       291.9119       292.2018       292.0307       291.4474       290.5097       289.7081       289.1728    
 2246   289.1474       289.4107       290.0551       290.6521       291.3333       291.8106       292.0905       291.9071       291.2372       290.3752       289.5282       288.9879    
 2247   289.0240       289.3775       289.9030       290.6730       291.3793       291.8280       292.0823       292.0009       291.4095       290.3544       289.5950       289.3541    
 2248   289.0499       289.4031       289.9338       290.8097       291.5059       291.9857       292.2408       292.0491       291.4611       290.5538       289.7602       289.2405    
 2249   289.1826       289.5085       289.9828       290.6456       291.3596       291.8325       292.0704       291.8915       291.2735       290.4289       289.5796       289.1730    
 2250   289.1466       289.4258       290.1377       290.8202       291.3476       291.8958       292.1032       291.9813       291.4085       290.5470       289.6925       289.3723    
 2251   289.0671       289.4861       290.0966       290.7533       291.5299       291.9973       292.2090       291.8871       291.2983       290.4732       289.6182       289.1398    
 2252   289.1189       289.5618       289.9960       290.7120       291.3473       291.8889       292.1322       291.9117       291.2875       290.4817       289.6420       289.3997    
 2253   289.2430       289.4297       290.1054       290.6685       291.2993       291.7892       292.0473       291.9315       291.2591       290.4057       289.7016       289.1471    
 2254   289.0922       289.4222       290.0034       290.7487       291.3828       292.0149       292.1878       292.0779       291.4441       290.6233       289.6984       289.3392    
 2255   289.2145       289.6816       290.0911       290.7337       291.3881       291.8600       292.0582       291.9820       291.3072       290.4804       289.5559       289.2503    
 2256   289.0482       289.4780       289.9642       290.7010       291.3853       291.8442       292.0805       291.9706       291.2843       290.3846       289.7873       289.4003    
 2257   289.3788       289.6825       290.3337       290.8217       291.5151       291.9852       292.1312       291.8784       291.3126       290.3500       289.7627       289.0414    
 2258   289.0829       289.3784       289.8745       290.6198       291.2789       291.8107       292.0587       291.9277       291.3378       290.4859       289.7075       289.3108    
 2259   289.2273       289.3890       290.0419       290.7014       291.3708       291.8126       292.0550       291.9131       291.2972       290.3195       289.6093       289.2371    
 2260   289.1833       289.4603       289.9232       290.6812       291.2728       291.9118       292.0497       291.9062       291.2753       290.4225       289.5981       289.2182    
 2261   289.0841       289.5070       289.9885       290.6473       291.3399       291.9551       292.1091       292.0183       291.3788       290.4224       289.7994       289.1875    
 2262   289.1339       289.4746       290.1300       290.5994       291.2708       291.8701       292.0614       291.9359       291.3138       290.3944       289.4826       288.9956    
 2263   289.0179       289.1505       289.7107       290.4564       291.2504       291.7916       291.9850       291.8948       291.2265       290.4083       289.6086       289.1744    
 2264   288.9749       289.5914       290.0881       290.8159       291.3601       292.0747       292.2582       291.9731       291.4006       290.4788       289.7340       289.1081    
 2265   289.1558       289.5594       290.0937       290.5923       291.3231       291.8355       292.0803       291.9238       291.3151       290.5345       289.7560       289.1900    
 2266   289.2192       289.5396       289.9111       290.5792       291.3412       291.9169       292.0884       291.9083       291.3036       290.4105       289.6486       289.1448    
 2267   288.9942       289.3626       290.1152       290.7516       291.3951       291.9669       292.0804       292.0617       291.4285       290.4873       289.7240       289.2082    
 2268   289.2091       289.4070       290.0221       290.6319       291.3650       291.8071       292.0941       291.9142       291.2796       290.3674       289.6139       289.0667    
 2269   288.8652       289.2737       289.9904       290.7022       291.3296       291.8319       292.0504       291.9186       291.2279       290.5179       289.5912       289.1547    
 2270   289.0640       289.3301       290.1053       290.7818       291.4259       291.8907       292.1363       291.9099       291.2967       290.3747       289.6501       289.1617    
 2271   289.2452       289.5249       290.0493       290.6075       291.3704       291.7570       292.0813       291.9917       291.4282       290.2819       289.6013       289.2055    
 2272   289.0961       289.3797       289.9648       290.6442       291.3825       291.9666       292.1151       291.9021       291.2864       290.3221       289.5912       289.1749    
 2273   289.1532       289.6307       290.0015       290.7802       291.4203       291.8282       292.0602       291.8615       291.3067       290.4479       289.5654       289.3310    
 2274   289.1707       289.3255       289.9420       290.6130       291.3819       291.9006       292.0832       291.8476       291.4114       290.4345       289.8270       289.1400    
 2275   289.0164       289.5174       289.8944       290.8447       291.5638       291.9286       292.0884       291.9828       291.3360       290.4095       289.4948       289.0718    
 2276   289.0112       289.3005       289.9814       290.8053       291.3704       291.9696       292.0625       291.9856       291.3511       290.5345       289.6177       289.1247    
 2277   289.1573       289.4420       289.9896       290.6861       291.4137       291.8787       292.1818       291.9058       291.3044       290.4580       289.5589       289.0973    
 2278   289.0645       289.4532       290.0453       290.6958       291.3801       291.8913       292.0976       292.0230       291.4192       290.4436       289.7538       289.3386    
 2279   289.2141       289.5342       290.0504       290.8138       291.3358       291.8660       292.1021       291.9726       291.3761       290.5322       289.6904       289.0742    
 2280   289.0984       289.5035       290.1083       290.7738       291.3759       291.8811       292.1866       291.9911       291.3992       290.5799       289.7441       289.1484    
 2281   289.1518       289.5630       290.1584       290.6613       291.2914       291.8300       292.0200       291.8858       291.2899       290.4275       289.6231       289.2275    
 2282   289.0743       289.5229       289.9548       290.6053       291.2259       291.8504       292.1407       291.9323       291.3138       290.4683       289.5939       289.1660    
 2283   289.1239       289.6133       289.9833       290.7207       291.3512       291.9240       292.0655       291.9188       291.2856       290.4910       289.6537       289.2499    
 2284   289.1910       289.6441       290.0992       290.6759       291.4421       291.9802       292.1003       291.9611       291.3343       290.4213       289.6136       289.1885    
 2285   289.1151       289.4245       289.9613       290.7195       291.3431       291.9162       292.1044       291.8463       291.3275       290.3736       289.7432       289.1694    
 2286   289.1216       289.5952       290.0979       290.6448       291.4136       291.9675       292.1433       291.8736       291.3089       290.4534       289.6610       289.2128    
 2287   289.0737       289.4391       289.9912       290.7603       291.3075       291.8844       292.1372       291.9324       291.2733       290.4608       289.6690       289.1370    
 2288   289.0820       289.4529       290.0423       290.6206       291.2653       291.8964       292.0746       291.9380       291.3859       290.4374       289.6702       289.1629    
 2289   289.0481       289.3953       290.0822       290.7527       291.3349       291.9735       292.0609       291.8712       291.2723       290.4900       289.6252       289.1869    
 2290   289.1787       289.3540       289.9989       290.6497       291.4535       291.9047       292.1282       291.9306       291.3036       290.4734       289.6226       289.1740    
 2291   289.2293       289.3229       289.9597       290.8145       291.4411       291.9352       292.1569       292.0314       291.4026       290.5974       289.6625       289.3707    
 2292   289.2551       289.4913       290.1334       290.8540       291.5018       291.9750       292.1745       291.9057       291.3292       290.3889       289.4744       289.0013    
 2293   288.9633       289.4002       289.9416       290.6286       291.3241       291.8658       292.0892       292.0199       291.4053       290.5067       289.7831       289.1527    
 2294   289.2428       289.4640       289.9861       290.5994       291.3410       291.9866       292.0485       291.9550       291.3162       290.5118       289.6966       289.2101    
 2295   289.2419       289.5424       290.1770       290.7858       291.5316       291.9654       292.2103       292.0893       291.4358       290.4954       289.6688       289.2242    
 2296   289.1966       289.5683       290.1684       290.7699       291.4366       291.8716       292.0918       291.8992       291.3082       290.4004       289.5907       289.1053    
 2297   289.1820       289.3853       290.0382       290.6735       291.3899       291.8699       292.1622       291.9713       291.2836       290.4712       289.6118       289.0974    
 2298   289.0290       289.4576       290.0874       290.8296       291.4861       291.9753       292.1821       291.9324       291.2695       290.4364       289.6072       289.1342    
 2299   289.1391       289.4212       289.9918       290.6488       291.3310       291.9310       292.0702       292.0201       291.3476       290.4162       289.7490       289.2830    
 2300   289.1427       289.4655       290.1042       290.7305       291.3701       291.9171       292.1743       292.0766       291.4143       290.4445       289.7555       289.2784    
