# <a href=http://cmip-pcmdi.llnl.gov/cmip5/>CMIP5</a> global mean temperature computed at <a href=http://www.knmi.nl/selectfield_cmip5.cgi?someone@somewhere>KNMI Climate Explorer</a> tas_Amon_CSIRO-Mk3-6-0_rcp26_r3i1p1
# tas [K] from CSIRO-Mk3-6-0 model output prepared for CMIP5 RCP2.6 r3i1p1
# cutting out region lon=   -0.938  359.062, lat=  -89.497   89.497
 1850   283.6561       283.9095       284.6313       285.9290       286.9431       287.6616       287.8592       287.4193       286.6745       285.7627       284.8663       284.3560    
 1851   284.0110       284.2521       284.9261       286.1287       287.1910       287.9637       288.0142       287.6103       286.7708       285.8349       284.7695       283.9755    
 1852   283.6435       284.0747       284.7874       285.8500       287.1610       287.7273       287.8019       287.5238       286.7934       285.7903       284.6945       283.8922    
 1853   283.7198       284.0258       284.6677       286.0553       287.2406       287.9055       288.1063       287.6231       286.7469       285.8121       284.7249       284.0063    
 1854   283.6426       283.9570       284.8704       286.1573       287.2018       287.8773       287.9340       287.4946       286.7455       285.8024       284.7938       283.9758    
 1855   283.7896       283.9187       284.8696       285.8780       287.0899       287.8275       287.8870       287.6618       286.8084       285.9162       284.8768       284.1633    
 1856   283.9106       283.9944       284.8089       285.9250       286.9342       287.8343       287.9359       287.6230       286.8381       285.8333       284.7209       284.0097    
 1857   283.7627       283.9792       284.7834       285.9297       286.9995       287.7024       287.8472       287.5251       286.6416       285.6568       284.7042       283.7260    
 1858   283.9556       283.9105       284.6958       285.9371       287.0670       287.7530       287.8570       287.4369       286.6336       285.4968       284.3682       283.7542    
 1859   283.5299       283.8614       284.5677       285.6141       286.8061       287.5216       287.6958       287.4721       286.5909       285.4569       284.4944       283.8591    
 1860   283.6296       283.8384       284.5881       285.8568       287.0972       287.6674       287.7943       287.4879       286.6784       285.7092       284.5960       283.8393    
 1861   283.6093       283.9824       284.7614       285.8948       287.1209       287.5713       287.7634       287.6523       286.6203       285.4643       284.3732       283.7707    
 1862   283.4621       283.7865       284.6837       285.8496       286.9429       287.5876       287.6882       287.4069       286.7215       285.4622       284.5652       283.7781    
 1863   283.5149       283.6481       284.5110       285.8821       286.9605       287.5371       287.8383       287.5073       286.6608       285.6685       284.5178       283.7952    
 1864   283.5522       283.9951       284.7315       285.8630       287.0674       287.6608       287.8512       287.5332       286.7441       285.6686       284.7752       283.9847    
 1865   283.8369       284.1611       284.9475       286.0233       287.0380       287.7770       287.9557       287.7247       287.0081       285.8299       284.9285       284.0219    
 1866   283.7952       283.9993       284.9359       286.0986       287.2622       287.8717       287.9594       287.6260       286.8807       285.8537       284.8477       284.2551    
 1867   284.0043       284.1386       284.9424       285.9930       287.0865       287.7867       287.8898       287.5569       286.8290       285.8423       284.7668       284.0311    
 1868   283.9159       284.1894       284.9722       286.0961       287.1230       287.8867       288.0392       287.6064       286.9330       285.8983       284.9623       284.2049    
 1869   284.0410       284.2049       284.8562       285.9503       287.0096       287.8199       287.8853       287.4795       286.7509       285.7303       284.6342       283.8675    
 1870   283.7462       283.9188       284.7086       285.8150       286.9036       287.6499       287.7073       287.5483       286.6344       285.6453       284.5146       284.0060    
 1871   283.7398       283.8995       284.6985       285.9728       286.9470       287.7576       287.9592       287.6740       286.8348       285.7175       284.7143       283.9420    
 1872   283.7823       284.2239       284.9942       286.1477       287.2019       287.9478       288.1268       287.8769       287.0300       285.8783       284.9745       284.1552    
 1873   284.0885       284.2841       284.9337       285.9662       287.1802       287.9027       288.2072       287.8881       287.1111       286.0451       285.1144       284.3978    
 1874   284.1666       284.3803       285.0995       286.1603       287.3866       288.0113       288.1985       287.7947       287.0035       286.1074       285.0546       284.2661    
 1875   284.0816       284.3781       285.0561       286.3619       287.5121       288.1455       288.2872       287.9881       287.1313       286.0639       285.0520       284.4570    
 1876   284.0075       284.4024       285.1501       286.1611       287.3390       288.0674       288.2427       287.8422       287.0009       285.8206       284.8609       284.2284    
 1877   283.8633       284.2004       284.9151       286.0645       287.2145       287.9612       288.0903       287.7010       287.0635       285.9960       284.9481       284.2638    
 1878   284.0587       284.3076       285.1728       286.0993       287.3932       288.0609       288.2324       287.9800       287.1150       286.1905       285.0414       284.4812    
 1879   284.1286       284.5162       285.0889       286.2543       287.3136       288.0781       288.0300       287.7838       286.9415       285.8939       284.9243       284.2389    
 1880   283.7820       284.1790       284.8969       286.1581       287.2050       287.8200       287.8763       287.4727       286.8532       285.7694       284.7506       283.9309    
 1881   283.7833       284.0268       284.9103       286.0433       287.0681       287.7547       287.9352       287.7379       286.9514       285.9167       284.9777       284.5108    
 1882   284.2346       284.5108       285.1042       286.1833       287.2305       287.8826       288.1395       287.8903       287.1191       286.0408       284.8081       284.0850    
 1883   283.8164       284.1388       285.0193       286.0625       287.1475       287.9896       288.1768       287.7708       286.9210       286.0063       284.8243       284.2388    
 1884   283.9833       284.0489       284.7453       285.9406       286.9694       287.6426       287.5962       287.4370       286.6139       285.6483       284.5933       283.7692    
 1885   283.6720       283.9387       284.4757       285.6840       286.7726       287.5973       287.7773       287.3561       286.5771       285.5111       284.5672       283.8292    
 1886   283.5076       283.8635       284.6892       285.7701       287.0176       287.6673       287.8929       287.5823       286.7203       285.6630       284.6590       283.9684    
 1887   283.7685       284.0936       284.8467       285.9073       286.9500       287.6149       287.8671       287.5801       286.7247       285.6660       284.7681       284.0264    
 1888   283.9305       284.0770       284.6209       285.7233       286.8629       287.7508       287.8208       287.5428       286.8345       285.8452       284.6677       283.9510    
 1889   283.8223       284.0260       284.8703       286.0864       287.2510       287.7277       287.9394       287.6082       286.7491       285.8134       284.7472       284.0970    
 1890   283.9452       284.2299       284.9128       285.9333       287.0501       287.6373       287.7819       287.3885       286.7192       285.6285       284.5216       283.8156    
 1891   283.3981       283.5826       284.4294       285.6141       286.7277       287.4833       287.6688       287.3557       286.5160       285.5210       284.5444       283.8150    
 1892   283.4794       283.8331       284.7440       285.8163       286.8768       287.6889       287.8787       287.5657       286.6329       285.6384       284.5110       283.8097    
 1893   283.7289       283.9807       284.7427       286.0238       287.2637       287.8106       287.8043       287.5261       286.6931       285.7153       284.6444       284.1659    
 1894   283.8029       284.1578       284.7733       285.9509       287.0553       287.6530       287.8069       287.6360       286.7762       285.8410       284.9676       284.1044    
 1895   283.9875       284.1953       284.9759       286.1039       287.1307       287.7808       287.9905       287.8002       286.8124       285.8939       284.8329       283.9805    
 1896   283.7889       283.9411       284.9306       285.8990       287.0559       287.5926       287.8716       287.5263       286.6927       285.7560       284.7961       284.1919    
 1897   284.1449       284.0286       284.8236       286.0344       287.1736       287.7724       287.8697       287.5325       286.6891       285.7569       284.8683       283.9901    
 1898   283.8902       284.0650       284.7957       285.8492       287.0229       287.6993       287.7509       287.4533       286.7347       285.5595       284.6360       284.0231    
 1899   283.7876       283.9705       284.8570       285.9103       287.0470       287.7942       288.0106       287.7128       286.8761       285.7540       284.6810       284.1759    
 1900   283.9608       284.1496       285.0969       286.2287       287.2253       287.9323       288.0617       287.8015       286.9492       285.9087       284.8554       284.3096    
 1901   284.0729       284.1846       285.0323       286.0295       287.2584       287.8629       288.1884       287.7802       286.8495       286.0492       284.9131       284.0565    
 1902   283.8668       284.1181       284.7570       285.9862       287.1413       287.6780       287.8781       287.5945       286.7287       285.6565       284.5534       283.8905    
 1903   283.4818       283.8640       284.3747       285.6080       286.7641       287.5115       287.7007       287.3767       286.4999       285.5287       284.4437       283.7434    
 1904   283.7326       284.1038       284.7449       285.7706       286.9338       287.6725       287.7871       287.5807       286.5808       285.7353       284.6981       283.8764    
 1905   283.7690       284.0522       284.7951       285.9369       287.1030       287.7310       287.9093       287.5003       286.8486       285.8046       284.7860       284.1349    
 1906   283.7551       283.9108       284.6895       285.9467       287.0810       287.6789       287.8685       287.5569       286.7774       285.8669       284.8326       284.2096    
 1907   284.0081       284.3694       285.0890       286.1313       287.2304       287.9707       288.0447       287.6654       286.9757       286.0816       284.8979       284.3255    
 1908   284.0370       284.5413       285.2463       286.2276       287.3351       287.9815       288.2184       287.9014       286.9214       285.8980       284.9659       284.4232    
 1909   284.0943       284.2703       285.0638       286.2675       287.3000       288.0294       288.1431       287.7019       286.9459       285.9383       284.8918       284.1971    
 1910   284.0201       284.3185       284.9732       286.1164       287.3698       287.8376       287.9655       287.6517       286.7593       285.7881       284.9135       284.3189    
 1911   283.8660       284.1720       284.8701       286.2285       287.3749       287.9849       287.9224       287.7200       286.9980       285.8807       284.9115       284.1564    
 1912   284.0443       284.3113       285.1414       286.3178       287.4351       288.0208       288.1291       287.7452       287.0309       285.9527       284.8792       284.2266    
 1913   284.0666       284.3568       284.8590       286.1191       287.2603       287.9249       288.1320       287.7337       286.9298       285.8356       284.9860       284.1242    
 1914   284.0591       284.2814       285.0490       286.2525       287.2787       287.9323       287.9313       287.6656       286.8573       285.9502       284.7817       284.2005    
 1915   283.9107       284.2002       285.0602       286.3217       287.2781       287.9294       287.9903       287.7705       286.9018       285.7190       284.8372       284.2022    
 1916   283.9217       284.1498       284.8709       285.9982       286.9942       287.8515       288.0085       287.7508       286.6945       285.6830       284.6291       284.0071    
 1917   283.6573       283.9902       284.9282       285.8380       287.0958       287.7920       288.0397       287.6367       286.9041       285.7710       284.8074       284.1562    
 1918   283.9554       284.2693       284.9895       286.0824       287.2109       288.0285       287.9654       287.7737       286.9546       285.8987       284.7470       283.9586    
 1919   283.6704       284.2077       284.8959       286.0033       287.0331       287.7970       287.9456       287.6903       286.7503       285.6722       284.7642       284.0104    
 1920   283.7098       283.9926       284.8849       285.9195       287.2614       287.9187       288.1069       287.6982       286.7530       285.8423       284.8813       284.1569    
 1921   284.1591       284.4599       285.0233       286.3011       287.4165       288.0274       288.1141       287.8661       287.1325       286.1573       285.0932       284.2966    
 1922   284.2309       284.3265       285.0394       286.2891       287.2673       288.0600       288.1325       287.7000       286.9630       285.8745       284.9225       283.9147    
 1923   283.8670       284.1860       284.8460       285.9685       287.0162       287.6350       287.9288       287.5771       286.7566       285.6743       284.7007       283.9180    
 1924   283.7120       283.8712       284.6840       285.9682       287.0886       287.8531       288.0022       287.6528       286.7646       285.7013       284.6451       284.0078    
 1925   283.8093       284.0804       284.9630       286.0954       287.1988       287.9780       288.1518       287.7566       286.8434       285.9616       284.8177       284.1438    
 1926   283.8799       284.2279       284.8531       286.1320       287.1400       287.8614       288.1093       287.7007       286.7440       285.6994       284.5652       283.8549    
 1927   283.8380       283.9620       284.7436       286.0568       287.0515       287.7898       287.9602       287.6879       286.8353       285.7960       284.7208       283.8723    
 1928   283.9318       284.2037       284.8222       285.9733       287.0969       287.8951       287.9464       287.7170       287.0032       286.0330       284.9670       284.1022    
 1929   283.9640       284.1614       284.9902       286.0163       287.1482       287.7184       287.9658       287.6571       286.6841       285.6481       284.6812       283.9138    
 1930   283.6992       283.9531       284.7017       286.0301       287.2411       287.8210       287.8591       287.6350       286.8148       285.8456       284.7609       284.0114    
 1931   283.8610       284.0021       284.8901       285.9885       287.1094       287.6616       287.9587       287.7934       287.0268       285.8553       284.9533       284.2554    
 1932   283.9513       284.2892       284.9733       286.1632       287.2148       287.9910       288.0883       287.9118       286.9958       285.9384       285.0505       284.2224    
 1933   283.9813       284.1826       284.9312       286.2343       287.2658       288.0060       288.0060       287.6424       286.9662       285.8591       284.7368       284.2531    
 1934   283.8593       284.1031       285.0793       286.0723       287.2036       287.8884       288.2072       287.8710       287.0404       285.9622       284.9032       284.1974    
 1935   284.0309       284.4252       285.0823       286.2966       287.3891       288.0203       288.1554       287.7807       287.0358       286.1266       285.0736       284.2861    
 1936   284.0910       284.3967       285.0838       286.1779       287.2752       288.0926       288.1862       287.8926       287.0979       286.0434       284.8920       284.2837    
 1937   284.1541       284.2512       285.0495       286.1355       287.2993       288.1162       288.1973       287.8268       286.9482       285.9511       285.0240       284.1271    
 1938   283.9658       284.3398       285.1618       286.3737       287.5738       288.1562       288.2091       288.0444       287.2016       286.1162       285.2321       284.5821    
 1939   284.3745       284.4750       285.1829       286.4894       287.5329       288.2014       288.3488       288.0856       287.1741       286.3090       285.3361       284.5721    
 1940   284.3241       284.6464       285.4403       286.4620       287.4256       288.0583       288.2287       287.9165       287.0131       285.9178       285.1024       284.2048    
 1941   284.0651       284.3154       285.0830       286.2261       287.2257       288.0338       288.0812       287.9580       287.0903       285.8858       284.9605       284.3308    
 1942   284.1487       284.5152       285.0167       286.1698       287.4017       288.0606       288.2194       287.9483       287.2486       286.0366       284.9733       284.2514    
 1943   284.0400       284.3337       285.0216       286.2714       287.2481       287.8762       288.0433       287.8783       287.0631       286.1107       285.1797       284.3578    
 1944   284.2084       284.4369       285.1719       286.1643       287.3253       288.0589       288.2373       287.9309       287.1400       286.1527       285.2195       284.2995    
 1945   284.1529       284.4966       285.1450       286.3306       287.3739       288.0682       288.1536       287.8210       287.1727       286.2509       285.2812       284.4286    
 1946   284.2705       284.4363       285.2307       286.4323       287.4525       288.1126       288.2541       288.0161       287.2524       286.3019       285.3302       284.5868    
 1947   284.2379       284.6801       285.2239       286.3610       287.4632       288.1982       288.1926       287.8882       287.1622       286.0480       285.0428       284.4444    
 1948   284.2001       284.3679       285.0613       286.1318       287.2766       287.8899       288.1280       287.9788       287.1779       286.1166       285.1015       284.3708    
 1949   284.1387       284.3404       285.1117       286.2555       287.3000       288.1823       288.4317       287.9496       287.1055       286.0310       285.1621       284.3880    
 1950   284.0057       284.4437       285.1364       286.2451       287.3840       288.1039       288.1564       287.9102       287.0229       286.0327       284.8431       284.1788    
 1951   284.0344       284.1427       284.9536       286.0658       287.2169       287.9901       288.2568       288.0071       287.1723       286.1944       285.1248       284.6022    
 1952   284.2568       284.5967       285.2419       286.2760       287.4596       288.2215       288.2369       287.9279       287.1191       286.2628       285.0165       284.3577    
 1953   284.2745       284.3969       285.1562       286.3055       287.2697       288.0753       288.2058       287.9052       287.1684       286.1648       285.0829       284.3483    
 1954   284.0862       284.3814       285.1513       286.1043       287.2232       287.9389       288.1135       287.7713       287.0482       286.0339       285.0371       284.3302    
 1955   284.1668       284.2690       285.2231       286.3338       287.3501       288.0392       288.2671       287.8101       287.1413       286.0597       285.1482       284.3826    
 1956   284.1293       284.5898       285.2460       286.2712       287.4559       288.1134       288.1791       288.0465       287.0722       285.9265       284.9676       284.2355    
 1957   284.0143       284.2812       284.9635       286.1733       287.2242       287.9203       288.1307       287.9011       287.1159       285.9988       284.8616       284.1838    
 1958   283.9753       284.4120       285.0123       286.1135       287.1147       287.8871       288.0147       287.7756       286.9851       285.9865       284.9733       284.1330    
 1959   284.0369       284.2124       285.0244       286.1060       287.2567       287.8584       287.9561       287.7675       286.9813       286.0723       285.0966       284.3740    
 1960   284.1294       284.2960       285.1549       286.2894       287.5219       288.1177       288.2371       287.8849       287.1217       286.0608       285.2826       284.4781    
 1961   284.2447       284.3337       285.2072       286.3027       287.3518       288.0855       288.1913       287.8791       286.9421       286.0235       284.8757       284.2405    
 1962   284.0493       284.3369       284.9323       286.1876       287.2205       288.0630       288.0880       287.6668       287.0819       285.9807       284.9818       284.1779    
 1963   284.1073       284.2833       284.8951       286.2573       287.2214       287.9153       288.1187       287.8606       287.0259       285.9932       284.8609       284.2557    
 1964   284.1349       284.2907       285.0157       286.1692       287.2072       287.9294       288.0562       287.7892       286.9856       286.0262       285.0655       284.2471    
 1965   284.1784       284.2523       284.8540       286.0363       287.1114       287.7097       287.9236       287.5669       286.6716       285.6391       284.5900       283.9856    
 1966   283.5720       283.8195       284.6759       285.7705       286.8994       287.5781       287.7746       287.3726       286.7020       285.4870       284.5514       283.8449    
 1967   283.7257       283.8837       284.7963       286.0279       287.1943       287.7963       287.8623       287.6128       286.9230       285.8268       284.8465       284.1837    
 1968   284.0099       284.1544       284.8853       286.0432       287.1360       287.8410       287.8839       287.6270       286.7124       285.5976       284.6320       283.7784    
 1969   283.6959       283.8430       284.6722       285.8159       286.8608       287.6609       287.7178       287.3912       286.7263       285.7898       284.7952       284.0082    
 1970   283.8624       284.1232       284.9296       286.1927       287.2495       288.0484       288.0200       287.7152       286.8921       286.0115       285.0358       284.2922    
 1971   283.9819       284.1416       284.8055       286.2479       287.3025       287.9463       288.0367       287.8065       286.9561       285.8970       284.8471       284.0677    
 1972   283.9621       284.2203       284.7354       286.0514       287.1566       287.9248       288.0581       287.8521       287.0536       286.0334       284.9576       284.1130    
 1973   283.9127       284.0910       285.0131       286.1143       287.0421       287.7536       287.8909       287.6744       286.8416       285.8014       284.8300       284.0371    
 1974   283.7833       284.0198       284.8184       285.9990       287.1298       287.8075       287.8904       287.6343       286.7946       285.8093       284.7539       284.0142    
 1975   283.8187       284.0168       284.8322       285.8770       287.1053       287.8414       288.0093       287.7846       286.9277       285.7810       284.6992       284.0948    
 1976   283.9586       284.1491       285.0623       286.0222       287.2392       287.8039       288.0284       287.7101       286.8808       285.8200       284.7012       284.0841    
 1977   284.0726       284.0865       285.1277       286.0570       287.2332       287.9095       288.0471       287.7650       286.9251       285.9014       284.9075       284.1260    
 1978   283.9176       284.3342       285.2000       286.2666       287.3620       288.0222       288.1012       287.8785       286.9075       285.9485       285.0690       284.2477    
 1979   283.9922       284.0994       284.9549       286.1732       287.2268       287.9580       288.1612       287.8072       286.8618       285.8873       284.8568       284.2589    
 1980   283.9800       284.3003       284.9518       286.1378       287.2805       288.0213       288.0723       287.9450       287.1122       285.9301       284.9306       284.3307    
 1981   284.0180       284.4467       285.1305       286.2177       287.4512       288.1086       288.2101       287.8663       287.1567       286.0863       285.1493       284.4454    
 1982   284.3033       284.6365       285.2607       286.3591       287.5353       288.2631       288.3708       287.9542       287.1941       286.2049       285.2049       284.4638    
 1983   284.4609       284.6694       285.3242       286.2130       287.3056       288.0580       288.1992       287.8869       286.9104       285.8189       284.8051       284.1803    
 1984   284.2311       284.3933       285.1416       286.2102       287.3632       288.0536       288.2718       287.9455       287.0820       286.0388       285.1464       284.2699    
 1985   284.1300       284.5656       285.2464       286.4106       287.3546       288.1729       288.2130       287.9087       287.2319       286.0167       284.9471       284.2599    
 1986   284.1855       284.4952       285.1016       286.3821       287.4166       288.1581       288.2748       287.9645       287.0965       286.1010       285.1497       284.4812    
 1987   284.2675       284.5124       285.2277       286.2583       287.4267       288.1833       288.3581       288.2479       287.3686       286.2845       285.3375       284.6096    
 1988   284.3509       284.4914       285.3140       286.3274       287.5354       288.1313       288.2423       288.1035       287.2188       286.3276       285.3128       284.4457    
 1989   284.3993       284.5404       285.5069       286.6254       287.6257       288.2151       288.5039       288.1327       287.1939       286.3019       285.4023       284.6430    
 1990   284.4046       284.7146       285.3851       286.5096       287.6067       288.1848       288.3454       288.1259       287.3367       286.3896       285.2018       284.5309    
 1991   284.3235       284.5638       285.3322       286.5785       287.5060       288.2542       288.4618       288.1063       287.3506       286.2508       285.4021       284.6458    
 1992   284.2990       284.5533       285.3557       286.3797       287.3812       288.1723       288.2065       287.7636       287.0799       286.2390       285.1167       284.3404    
 1993   284.2010       284.5487       285.3068       286.3691       287.3733       288.0256       288.2327       287.8896       287.0672       286.0033       285.1079       284.3345    
 1994   284.0160       284.2638       285.2324       286.3849       287.5275       288.0964       288.2505       287.9714       287.1898       286.1757       285.3376       284.4834    
 1995   284.3252       284.4109       285.2843       286.4026       287.5829       288.2567       288.3814       288.0859       287.4275       286.4386       285.2827       284.7756    
 1996   284.3654       284.7365       285.3129       286.5579       287.5710       288.3321       288.4722       288.1944       287.2869       286.3216       285.2829       284.5569    
 1997   284.2534       284.5388       285.2080       286.5477       287.6180       288.3251       288.4757       288.1634       287.4331       286.4669       285.3209       284.6815    
 1998   284.5399       284.8089       285.4804       286.6004       287.7240       288.3312       288.5642       288.2611       287.5174       286.5851       285.3894       284.9616    
 1999   284.5130       284.9956       285.5263       286.7436       287.8573       288.4730       288.6458       288.2805       287.5377       286.6748       285.5313       284.8641    
 2000   284.3402       284.8205       285.5858       286.6990       287.6927       288.2314       288.5637       288.3135       287.4679       286.3841       285.3734       284.7117    
 2001   284.3503       284.6642       285.5100       286.6224       287.7346       288.4335       288.4901       288.3958       287.5262       286.5560       285.4758       284.9045    
 2002   284.7333       284.9647       285.7347       286.8287       287.9453       288.6484       288.8830       288.4830       287.7630       286.7729       285.8071       284.9942    
 2003   284.6881       285.0218       285.6567       286.7593       287.8649       288.6789       288.7227       288.3994       287.6302       286.5938       285.4937       284.7850    
 2004   284.5869       284.8051       285.6485       286.8749       287.7862       288.4566       288.6234       288.3451       287.5733       286.6803       285.7884       285.1399    
 2005   284.8517       285.0832       285.7902       287.0104       288.0623       288.5974       288.7815       288.5043       287.8550       286.9438       285.8693       284.9255    
 2006   284.6829       285.1544       285.8618       287.0745       288.1728       288.8265       288.8984       288.5079       287.7212       286.7080       285.6113       284.9694    
 2007   284.5984       284.9978       285.7464       286.8703       287.7636       288.6243       288.7748       288.5046       287.5555       286.8149       285.5623       284.8746    
 2008   284.7932       284.9424       285.5374       286.8080       287.8676       288.4678       288.4998       288.2079       287.6662       286.5502       285.4832       284.6564    
 2009   284.5615       284.9729       285.7138       286.7361       287.7699       288.3392       288.5287       288.3141       287.5243       286.5047       285.4551       284.7506    
 2010   284.6806       284.7636       285.5468       286.7757       287.9219       288.6710       288.8893       288.5916       287.7682       286.8346       285.7986       285.0946    
 2011   284.9345       285.2730       285.9466       287.0483       288.0831       288.7009       288.9243       288.5845       287.7347       286.8436       285.8288       284.9654    
 2012   284.7875       285.0575       285.9508       287.0371       288.1400       288.7843       288.8329       288.6067       287.8895       286.8512       285.8995       285.0729    
 2013   284.8842       285.0999       285.8457       287.0347       288.1572       288.8282       288.8304       288.4490       287.8871       286.7981       285.9130       285.1236    
 2014   284.7936       285.1472       286.0473       287.0292       288.2010       288.7106       288.7964       288.5379       287.8326       286.7093       285.8996       284.9707    
 2015   284.8152       285.0188       285.7907       286.8416       287.9679       288.5478       288.7711       288.3916       287.6492       286.6915       285.6359       284.7952    
 2016   284.6270       284.7159       285.3806       286.7767       287.9243       288.6025       288.6742       288.3917       287.6873       286.5262       285.4495       284.9646    
 2017   284.7149       284.8908       285.7216       287.0899       288.2079       288.8096       289.0676       288.8864       288.1299       287.0350       286.0486       285.2422    
 2018   284.9146       285.2235       286.1118       287.0734       288.3376       289.1037       289.0511       288.9555       288.0378       287.0992       286.0503       285.3376    
 2019   284.9294       285.4270       286.2424       287.1167       288.4144       288.9598       289.1844       288.8934       287.9720       287.0352       285.9734       285.5147    
 2020   285.1667       285.3996       286.2532       287.3559       288.3497       289.0772       289.0434       288.9828       288.1548       287.0832       286.0327       285.5026    
 2021   285.0711       285.4072       286.0635       287.0838       288.1743       288.9472       289.1510       288.8763       288.2210       287.2802       286.2191       285.3989    
 2022   285.2074       285.4741       286.2942       287.3564       288.4867       289.2642       289.3830       289.1019       288.3259       287.3537       286.2753       285.5224    
 2023   285.3682       285.5762       286.2892       287.3610       288.5325       289.2065       289.4313       289.0485       288.4890       287.4579       286.4742       285.5926    
 2024   285.3662       285.6667       286.4080       287.5525       288.6736       289.2531       289.4307       289.1052       288.4352       287.4227       286.3685       285.6721    
 2025   285.4671       285.7791       286.3670       287.4888       288.4307       289.2126       289.3033       289.2065       288.2299       287.2985       286.4364       285.6221    
 2026   285.3217       285.6234       286.3457       287.3048       288.4387       289.1462       289.3210       289.0681       288.1935       287.2069       286.2007       285.5173    
 2027   285.1388       285.5078       286.2276       287.3802       288.5324       289.1243       289.2185       288.9727       288.2140       287.3060       286.3536       285.6562    
 2028   285.6741       285.9461       286.3875       287.4406       288.6422       289.1683       289.4231       289.1131       288.3521       287.3834       286.4715       285.6288    
 2029   285.2765       285.5609       286.2806       287.3564       288.4661       289.1458       289.3738       289.0168       288.2544       287.2901       286.1595       285.4604    
 2030   285.2558       285.3259       286.3720       287.3504       288.3603       289.1327       289.3424       289.1099       288.2391       287.2102       286.1147       285.2638    
 2031   285.0536       285.4357       286.0953       287.3374       288.4169       289.1499       289.2007       288.9494       288.2385       287.2078       286.1807       285.6068    
 2032   285.1714       285.3172       286.0335       287.2824       288.2809       288.9197       289.1819       288.8194       288.0463       287.0744       285.9417       285.0313    
 2033   285.0125       285.2206       285.9160       287.1097       288.1541       288.7756       288.9783       288.8344       288.1601       286.9342       285.8317       285.2666    
 2034   285.1133       285.3979       286.1259       287.2950       288.2480       289.0333       289.3795       289.1444       288.3226       287.2948       286.3612       285.5902    
 2035   285.3012       285.5876       286.2180       287.4285       288.6290       289.3070       289.6225       289.2929       288.4693       287.6157       286.6417       285.7297    
 2036   285.5627       285.7762       286.5100       287.5730       288.7552       289.4798       289.4386       289.0903       288.4666       287.3824       286.2173       285.3504    
 2037   285.2842       285.4349       286.1418       287.3460       288.4053       289.0201       289.2095       289.0965       288.3172       287.2553       286.3111       285.5757    
 2038   285.3992       285.8469       286.5089       287.4831       288.5326       289.1942       289.2762       289.0913       288.3929       287.3631       286.3823       285.7065    
 2039   285.4642       285.6954       286.4106       287.5510       288.6508       289.3665       289.4857       289.3365       288.6032       287.4915       286.5706       285.8131    
 2040   285.5437       285.7250       286.4965       287.5124       288.7453       289.4374       289.7163       289.4048       288.6671       287.7319       286.7280       286.0482    
 2041   285.9001       286.2278       286.8183       287.8276       288.9469       289.5956       289.8304       289.4290       288.7377       287.7859       286.6947       285.9196    
 2042   285.8011       285.7584       286.9634       287.8775       289.1055       289.6277       289.8769       289.5688       288.9258       287.8761       286.9584       286.1286    
 2043   285.7197       285.8144       286.7274       287.7067       288.7476       289.4055       289.5947       289.4403       288.6281       287.5028       286.5675       285.8376    
 2044   285.6835       285.7832       286.4344       287.5155       288.6867       289.4206       289.6393       289.2975       288.3502       287.4893       286.4290       285.7344    
 2045   285.4126       285.6920       286.4138       287.6494       288.6344       289.2622       289.4102       289.2071       288.4970       287.4367       286.3921       285.6929    
 2046   285.4984       285.7580       286.4391       287.5512       288.8034       289.3275       289.6317       289.3587       288.5385       287.6727       286.5605       285.8611    
 2047   285.6171       286.0271       286.5986       287.9154       288.8201       289.5591       289.7634       289.4353       288.7053       287.7795       286.7127       286.0192    
 2048   285.6102       285.8332       286.5069       287.6612       288.7081       289.4242       289.6345       289.4368       288.5783       287.5755       286.5887       285.7533    
 2049   285.6782       286.0262       286.6282       287.6100       288.7489       289.2996       289.5511       289.3659       288.5401       287.6551       286.5440       285.8829    
 2050   285.5748       285.9846       286.7217       287.8071       288.8558       289.5887       289.6923       289.3268       288.5580       287.6093       286.5441       285.7578    
 2051   285.5106       285.7194       286.4536       287.5413       288.7551       289.4052       289.6196       289.3711       288.5773       287.5932       286.5718       285.9078    
 2052   285.5987       285.9589       286.7166       287.7101       288.7078       289.4840       289.7094       289.4047       288.5538       287.5612       286.6152       285.7387    
 2053   285.5425       285.7162       286.5359       287.6541       288.6017       289.2952       289.5533       289.2721       288.6074       287.7000       286.8047       285.9188    
 2054   285.7893       286.0001       286.7033       287.8238       288.9941       289.5545       289.7225       289.4036       288.6493       287.7724       286.6257       285.7858    
 2055   285.5715       285.8419       286.7219       287.8122       288.7716       289.4604       289.6804       289.3395       288.5852       287.5942       286.6042       285.8275    
 2056   285.8195       286.0413       286.5564       287.6962       288.8958       289.4803       289.6992       289.4984       288.6553       287.6256       286.6176       285.8872    
 2057   285.6175       285.9602       286.3384       287.6280       288.8286       289.4110       289.6230       289.2962       288.5650       287.4780       286.2899       285.5665    
 2058   285.2973       285.5339       286.3494       287.5313       288.6047       289.3325       289.6098       289.2464       288.4182       287.6062       286.6154       285.7534    
 2059   285.5991       285.7252       286.4450       287.4379       288.8029       289.3986       289.6549       289.2908       288.5204       287.5825       286.4403       285.7197    
 2060   285.4083       285.6477       286.3914       287.5990       288.6255       289.3633       289.4749       289.2690       288.5548       287.5309       286.4515       285.7050    
 2061   285.4632       285.6572       286.3081       287.4826       288.7269       289.3276       289.4370       289.1252       288.3136       287.3969       286.3238       285.4382    
 2062   285.2358       285.6753       286.3154       287.6839       288.7874       289.4944       289.5526       289.2698       288.4775       287.4037       286.4709       285.7346    
 2063   285.4043       285.6274       286.3044       287.3969       288.5908       289.2189       289.4305       289.1658       288.3205       287.2886       286.2561       285.4549    
 2064   285.2174       285.4552       286.1704       287.2999       288.4044       289.0468       289.4256       289.1757       288.3902       287.3940       286.5370       285.7134    
 2065   285.3721       285.6730       286.4102       287.5775       288.8079       289.4883       289.6537       289.5102       288.6958       287.6771       286.5013       285.8663    
 2066   285.6353       285.9608       286.5851       287.8115       288.9363       289.5970       289.7425       289.4459       288.6109       287.7188       286.4503       285.7125    
 2067   285.3623       285.7423       286.5568       287.5723       288.6262       289.3741       289.5584       289.2718       288.4689       287.4642       286.5192       285.7782    
 2068   285.3515       285.7280       286.4116       287.7012       288.7298       289.5536       289.7820       289.3315       288.5566       287.5202       286.5238       285.8762    
 2069   285.6661       285.8853       286.6107       287.7161       288.7980       289.4785       289.6065       289.3982       288.5206       287.6502       286.5344       285.6655    
 2070   285.5001       285.7840       286.4830       287.7022       288.7968       289.4028       289.6795       289.3022       288.5650       287.5558       286.4744       285.5786    
 2071   285.3075       285.7303       286.4393       287.6331       288.7047       289.4958       289.6838       289.3363       288.6395       287.6207       286.6049       285.8427    
 2072   285.5119       285.8831       286.4991       287.6481       288.9725       289.5642       289.6984       289.4296       288.6626       287.7196       286.7796       285.8886    
 2073   285.7483       285.8728       286.5342       287.6357       288.9311       289.4088       289.6814       289.2966       288.5302       287.5664       286.3680       285.4641    
 2074   285.1710       285.5552       286.3990       287.4595       288.6172       289.1635       289.2680       289.1447       288.3423       287.2383       286.1891       285.4566    
 2075   285.1378       285.4429       286.3375       287.5593       288.7142       289.4479       289.6601       289.3446       288.5265       287.4360       286.4364       285.6913    
 2076   285.3688       285.7034       286.4643       287.5568       288.7284       289.4038       289.6083       289.1756       288.3951       287.4625       286.6119       285.8506    
 2077   285.4520       285.7184       286.2915       287.4872       288.8249       289.5050       289.5129       289.3022       288.5071       287.5176       286.3959       285.8552    
 2078   285.5027       285.7574       286.3902       287.6071       288.7039       289.4710       289.6718       289.3499       288.5744       287.6470       286.6743       286.0419    
 2079   285.7892       285.9262       286.5932       287.8646       289.0015       289.7888       289.9441       289.7007       288.9533       288.0951       287.2015       286.3014    
 2080   285.9444       286.3049       286.9986       288.0912       289.0053       289.7409       289.9607       289.5080       288.6101       287.5613       286.6226       285.7392    
 2081   285.5950       285.9556       286.7188       287.5719       288.7066       289.4055       289.7619       289.4861       288.6709       287.6340       286.5440       285.8467    
 2082   285.7211       285.6765       286.6072       287.7645       288.8586       289.5944       289.8474       289.3799       288.6147       287.6601       286.5723       285.8157    
 2083   285.6175       285.8132       286.5930       287.7443       288.8471       289.5311       289.7094       289.4298       288.6699       287.6034       286.4960       285.8023    
 2084   285.6570       286.0096       286.5522       287.5716       288.8375       289.4658       289.6418       289.3471       288.6232       287.5908       286.5337       285.9108    
 2085   285.7337       286.0492       286.6688       287.7144       288.7923       289.4512       289.5922       289.4257       288.5703       287.5934       286.6172       285.9111    
 2086   285.6953       285.8980       286.4630       287.5828       288.8066       289.5739       289.8008       289.4975       288.7495       287.8165       286.9198       286.1052    
 2087   285.8711       286.1293       286.7471       287.9334       288.9960       289.6646       289.9388       289.5695       288.7439       287.7003       286.7793       286.0474    
 2088   285.9141       286.1225       286.8992       287.9385       289.0043       289.6970       290.0412       289.5609       288.9162       287.8902       286.8087       285.9772    
 2089   285.7649       286.1573       286.6122       287.8316       288.9344       289.6664       289.9007       289.5668       288.6877       287.6565       286.7561       286.0447    
 2090   285.6018       286.2671       286.8755       287.9397       289.1351       289.8484       289.9353       289.6053       288.8935       287.9065       287.0013       285.9236    
 2091   285.6210       285.9366       286.6867       287.7716       288.8840       289.5956       289.7394       289.2986       288.6805       287.7047       286.6221       285.8146    
 2092   285.5651       285.5964       286.2701       287.5221       288.6520       289.2406       289.4813       289.2487       288.5325       287.6720       286.7213       285.9066    
 2093   285.6198       285.9249       286.6307       287.8756       288.9814       289.5253       289.7078       289.4135       288.5898       287.7209       286.7200       285.8873    
 2094   285.8173       285.8858       286.5367       287.8333       288.9246       289.5561       289.7156       289.5073       288.7097       287.8366       286.7151       285.8579    
 2095   285.6343       285.9097       286.6240       287.7314       288.8872       289.6349       289.7915       289.3747       288.8241       287.8698       286.6476       285.9072    
 2096   285.7341       285.8771       286.6539       287.6370       288.7257       289.4472       289.6155       289.2711       288.4430       287.4756       286.3695       285.6506    
 2097   285.4613       285.6125       286.2109       287.5144       288.5938       289.2697       289.5093       289.2790       288.5241       287.6916       286.6097       285.7402    
 2098   285.6292       285.8816       286.7430       287.7488       288.9308       289.6149       289.8704       289.4553       288.8751       287.8045       286.8854       286.1712    
 2099   286.0746       286.2159       286.8140       288.1671       289.2951       289.8513       290.0398       289.7402       288.9663       287.9082       287.0116       286.2700    
 2100   286.0743       286.2190       286.9494       287.9414       289.1088       289.7589       289.9529       289.6765       288.8422       287.8539       286.6659       285.9993    
