# ensemble mea of file global_tas_Amon_CCSM4_rcp60_%%.dat
# using members   0 to   5
# <a href=http://cmip-pcmdi.llnl.gov/cmip5/>CMIP5</a> global mean temperature computed at <a href=http://www.knmi.nl/selectfield_cmip5.cgi?someone@somewhere>KNMI Climate Explorer</a> tas_Amon_CCSM4_rcp60_r1i1p1
# tas [K] from CCSM4 model output prepared for CMIP5 RCP6 r1i1p1
# cutting out region lon=   -0.625  359.375, lat=  -90.000   90.000
 1850   284.6941       285.0205       285.5396       286.4164       287.2421       288.0794       288.5285       288.2373       287.5067       286.4798       285.4343       284.8415    
 1851   284.8027       285.1748       285.7077       286.5803       287.4312       288.1764       288.5621       288.2710       287.5234       286.4793       285.4852       284.8255    
 1852   284.8008       284.8867       285.6217       286.3366       287.3039       288.0304       288.4481       288.2538       287.4624       286.4759       285.4747       284.7447    
 1853   284.7043       285.0417       285.6886       286.4855       287.3355       288.1316       288.5042       288.2372       287.5031       286.4134       285.3949       284.8083    
 1854   284.5978       284.9081       285.5107       286.2727       287.1700       287.8760       288.2978       288.1253       287.3964       286.2783       285.3054       284.6458    
 1855   284.6192       284.9157       285.5507       286.4268       287.2964       288.0031       288.4819       288.2969       287.5431       286.3905       285.3395       284.8986    
 1856   284.7455       284.9961       285.6551       286.4290       287.3842       288.1172       288.5382       288.3439       287.6452       286.4779       285.3495       284.7306    
 1857   284.7626       284.9694       285.7063       286.4496       287.3612       288.0443       288.4469       288.2632       287.4552       286.3521       285.3697       284.8468    
 1858   284.6321       284.8417       285.5273       286.3445       287.2372       287.9362       288.4591       288.1847       287.4554       286.3936       285.3806       284.7643    
 1859   284.7077       284.9004       285.5190       286.3203       287.2628       288.0004       288.4292       288.2896       287.4975       286.3420       285.3367       284.6865    
 1860   284.6720       284.9520       285.5510       286.3543       287.2491       288.0211       288.4461       288.2078       287.4305       286.4052       285.3970       284.7452    
 1861   284.6601       284.9621       285.6164       286.3521       287.2928       288.0284       288.4961       288.2758       287.4418       286.3802       285.3386       284.7159    
 1862   284.5562       284.9362       285.5057       286.3926       287.3169       288.0717       288.4502       288.2318       287.5221       286.4177       285.4198       284.7598    
 1863   284.6643       284.9309       285.5831       286.4291       287.2948       288.0331       288.5003       288.2885       287.5139       286.4484       285.4795       284.8159    
 1864   284.7402       284.9435       285.5638       286.4343       287.3495       288.0280       288.4370       288.1941       287.4666       286.4228       285.3908       284.7001    
 1865   284.5628       284.8615       285.5409       286.3936       287.2449       288.0716       288.4822       288.2845       287.4709       286.3846       285.4370       284.8604    
 1866   284.7765       284.9851       285.4849       286.3479       287.2872       287.9435       288.4262       288.2239       287.4806       286.4215       285.3564       284.8372    
 1867   284.6830       284.9359       285.5388       286.4276       287.2741       288.0362       288.4790       288.2961       287.4758       286.4381       285.5347       284.8559    
 1868   284.7043       284.9298       285.6581       286.4791       287.3006       288.0675       288.5285       288.3238       287.5568       286.5669       285.5427       285.0183    
 1869   284.8759       285.1857       285.6832       286.4909       287.3393       288.0519       288.5115       288.3233       287.5379       286.4678       285.4079       284.8695    
 1870   284.5945       284.9922       285.5193       286.2954       287.2010       287.8996       288.4490       288.2890       287.4812       286.3912       285.3529       284.6958    
 1871   284.5684       285.0015       285.5591       286.4537       287.2639       288.0029       288.5007       288.2943       287.5405       286.4386       285.5011       284.8672    
 1872   284.6299       284.8730       285.6626       286.4311       287.3153       288.2009       288.5326       288.3322       287.5249       286.5187       285.5346       284.8885    
 1873   284.7948       285.1086       285.7175       286.5355       287.3779       288.2050       288.5956       288.3832       287.5715       286.4862       285.4731       284.9207    
 1874   284.8090       284.9881       285.7083       286.6130       287.3459       288.1216       288.5503       288.3063       287.5503       286.4349       285.4656       284.8229    
 1875   284.6931       284.9912       285.6023       286.5524       287.4167       288.1590       288.5870       288.2907       287.5923       286.5580       285.5782       284.9265    
 1876   284.8147       285.1609       285.7933       286.5035       287.3791       288.2291       288.5840       288.3319       287.5482       286.5494       285.5504       284.7758    
 1877   284.7342       285.0633       285.6697       286.5502       287.4174       288.1263       288.5403       288.3206       287.5042       286.4091       285.4495       284.7825    
 1878   284.6248       284.8878       285.4915       286.2984       287.2734       288.0314       288.4330       288.2964       287.4757       286.3965       285.3783       284.7329    
 1879   284.6565       284.8728       285.6132       286.4066       287.2960       288.0409       288.5170       288.2976       287.5770       286.5017       285.4909       284.7968    
 1880   284.7754       285.0896       285.6407       286.5009       287.4333       288.1463       288.5941       288.3967       287.5880       286.5216       285.4711       284.8070    
 1881   284.8291       285.0356       285.7059       286.5782       287.4577       288.1851       288.5989       288.4083       287.6246       286.5758       285.4796       284.9350    
 1882   284.7980       285.0903       285.6878       286.5050       287.4239       288.1092       288.5915       288.3582       287.6170       286.5471       285.5700       284.9605    
 1883   284.7667       285.1128       285.6420       286.5262       287.3944       288.1011       288.4996       288.2611       287.4660       286.3116       285.1895       284.5548    
 1884   284.2896       284.4701       285.1046       285.9200       286.7180       287.4069       287.8833       287.7083       286.9113       285.9834       284.9554       284.3650    
 1885   284.4140       284.6896       285.2970       286.1545       286.9379       287.7499       288.1861       288.0287       287.2518       286.1620       285.2463       284.5233    
 1886   284.4940       284.8254       285.4087       286.1839       287.0392       287.8017       288.3058       288.0340       287.2993       286.2504       285.2377       284.6346    
 1887   284.3450       284.7814       285.3468       286.1914       287.1405       287.8141       288.2334       288.0761       287.3620       286.2857       285.2040       284.6363    
 1888   284.5107       284.7812       285.4451       286.3971       287.2970       287.9927       288.4973       288.2828       287.4759       286.3955       285.3251       284.6710    
 1889   284.5329       284.8253       285.4198       286.3460       287.2495       287.9987       288.4920       288.2799       287.4738       286.4462       285.4806       284.8056    
 1890   284.7251       284.9870       285.4801       286.3850       287.1640       287.8338       288.3014       288.0562       287.2418       286.1721       285.0508       284.4869    
 1891   284.4546       284.8312       285.3495       286.2274       287.0527       287.8702       288.2627       288.0840       287.2804       286.1757       285.2299       284.5585    
 1892   284.5298       284.8069       285.4338       286.2613       287.1380       287.9125       288.2916       288.1126       287.3627       286.2482       285.2538       284.6356    
 1893   284.4261       284.7582       285.4682       286.3047       287.2065       287.9891       288.4426       288.1750       287.4188       286.2741       285.3014       284.7446    
 1894   284.7016       284.9945       285.5741       286.3662       287.2690       287.9991       288.4751       288.2727       287.4265       286.4362       285.4655       284.7405    
 1895   284.7072       284.9978       285.6384       286.4990       287.3414       288.1011       288.5014       288.2917       287.4876       286.4317       285.4174       284.8323    
 1896   284.7325       284.8996       285.5858       286.5136       287.4089       288.1455       288.5940       288.3587       287.5291       286.4188       285.5124       284.9571    
 1897   284.7896       284.9263       285.6589       286.4747       287.3316       288.1382       288.5142       288.2179       287.4939       286.4334       285.4069       284.8133    
 1898   284.6717       284.9778       285.5857       286.4255       287.2882       288.0503       288.4875       288.3255       287.5074       286.5299       285.5369       284.8772    
 1899   284.7248       285.1243       285.6599       286.4570       287.3858       288.1183       288.5328       288.3747       287.5486       286.5173       285.5030       284.8857    
 1900   284.6369       284.9293       285.4987       286.4083       287.2951       288.0319       288.4676       288.3358       287.5252       286.4572       285.4118       284.8702    
 1901   284.6414       285.0357       285.5986       286.5064       287.3546       288.0995       288.5727       288.3710       287.5265       286.4933       285.5710       284.8873    
 1902   284.7585       285.1620       285.7411       286.4904       287.3940       288.1646       288.5374       288.2613       287.5355       286.4223       285.2936       284.6458    
 1903   284.4806       284.6618       285.2838       286.1244       286.9049       287.6200       288.0622       287.8746       287.0709       285.9866       284.9640       284.3077    
 1904   284.1807       284.5215       285.1989       286.0182       286.9948       287.7587       288.2168       288.0143       287.2366       286.1831       285.1590       284.4726    
 1905   284.5036       284.8233       285.4678       286.2113       287.1794       287.9071       288.3495       288.1580       287.3560       286.3704       285.3177       284.7797    
 1906   284.5496       284.8753       285.4095       286.3409       287.2601       287.9436       288.3909       288.2279       287.4773       286.3784       285.3527       284.7464    
 1907   284.6230       284.9545       285.4323       286.3480       287.2497       287.9390       288.3857       288.1390       287.4113       286.3631       285.3447       284.7052    
 1908   284.5444       284.9873       285.5034       286.3784       287.2262       288.0353       288.4359       288.2710       287.4653       286.4193       285.4538       284.8426    
 1909   284.7801       285.0356       285.6136       286.4936       287.3933       288.1957       288.6160       288.4121       287.5969       286.5318       285.5054       284.9978    
 1910   284.7415       285.1548       285.7929       286.6635       287.4907       288.1934       288.6289       288.3375       287.5739       286.5124       285.4580       284.8614    
 1911   284.7297       284.9483       285.6485       286.4227       287.3069       288.0346       288.4607       288.2636       287.4665       286.3935       285.4755       284.6970    
 1912   284.6091       284.8764       285.6734       286.4636       287.3272       288.0380       288.4488       288.1907       287.3726       286.2141       285.3352       284.7162    
 1913   284.7032       285.0111       285.6240       286.4235       287.3126       288.0890       288.4369       288.2442       287.4714       286.3900       285.4593       284.9169    
 1914   284.8495       285.0347       285.6237       286.5657       287.4283       288.1943       288.5844       288.2761       287.5250       286.4676       285.4747       284.9597    
 1915   284.6627       284.9922       285.6281       286.5369       287.4192       288.1355       288.5361       288.3549       287.5747       286.4001       285.5384       284.8447    
 1916   284.7119       284.9836       285.6427       286.4651       287.3965       288.1057       288.6069       288.3922       287.6399       286.4619       285.3720       284.8125    
 1917   284.6678       285.0405       285.6993       286.5177       287.4396       288.2416       288.6737       288.5043       287.6749       286.5639       285.6073       284.9676    
 1918   284.7329       285.1172       285.6942       286.5263       287.4325       288.2805       288.6895       288.4982       287.6548       286.6518       285.6475       284.8909    
 1919   284.8531       285.0595       285.8052       286.5946       287.4558       288.2475       288.6515       288.4711       287.7004       286.5860       285.5265       284.9071    
 1920   284.8240       285.1624       285.6501       286.5787       287.4352       288.2339       288.6464       288.4675       287.5759       286.4639       285.5397       284.9298    
 1921   284.7412       285.0232       285.7545       286.4960       287.3882       288.1093       288.6246       288.4359       287.6664       286.5505       285.5612       284.9531    
 1922   284.8788       285.2119       285.8154       286.6998       287.5379       288.2584       288.6422       288.5141       287.6919       286.6797       285.5762       284.9947    
 1923   284.8187       285.0715       285.7265       286.5639       287.4533       288.2647       288.6058       288.4002       287.6407       286.6118       285.5048       284.9229    
 1924   284.8827       285.1729       285.7658       286.5973       287.4771       288.1781       288.5743       288.4437       287.6321       286.5127       285.6225       284.9811    
 1925   284.8329       285.2075       285.8117       286.6048       287.4548       288.2450       288.6700       288.4590       287.7022       286.6358       285.6229       284.9847    
 1926   284.8318       285.2642       285.7721       286.5205       287.5007       288.2256       288.7174       288.4496       287.7091       286.6855       285.6980       285.1135    
 1927   285.0121       285.4048       285.8933       286.7290       287.5754       288.3377       288.6939       288.4890       287.7193       286.6912       285.7086       285.1150    
 1928   285.0356       285.1736       285.8556       286.6426       287.5014       288.2773       288.7170       288.5239       287.7061       286.6834       285.5926       284.9758    
 1929   284.9199       285.1022       285.6828       286.5266       287.4013       288.1602       288.6891       288.3531       287.6079       286.5444       285.4742       284.8917    
 1930   284.8979       285.1258       285.8232       286.6019       287.4733       288.2709       288.6295       288.4186       287.6847       286.6874       285.6424       284.9921    
 1931   285.0298       285.2893       285.8181       286.6879       287.5387       288.3137       288.7253       288.4991       287.7446       286.7079       285.7041       285.0730    
 1932   284.8588       285.1734       285.7182       286.6199       287.4900       288.2270       288.6510       288.4452       287.6371       286.5353       285.5351       284.9955    
 1933   284.8421       285.0179       285.6588       286.4897       287.3941       288.1598       288.6048       288.3891       287.7037       286.6067       285.6084       285.0194    
 1934   285.0171       285.2517       285.7777       286.6148       287.5350       288.2687       288.6858       288.4781       287.7433       286.6579       285.6599       285.0768    
 1935   284.8716       285.1680       285.7888       286.6404       287.5070       288.2799       288.7046       288.4659       287.7306       286.6688       285.6923       285.0442    
 1936   284.8170       285.1750       285.8295       286.6867       287.5348       288.3412       288.7177       288.4679       287.6927       286.6309       285.6539       284.9829    
 1937   284.8276       285.2812       285.7612       286.6535       287.5594       288.3001       288.7354       288.4911       287.7031       286.6614       285.7100       285.0684    
 1938   284.9300       285.2281       285.9057       286.6754       287.4622       288.3428       288.7233       288.5044       287.7358       286.6547       285.6057       285.0180    
 1939   284.9311       285.1729       285.8228       286.6415       287.5202       288.2401       288.6711       288.4777       287.7181       286.6852       285.6880       285.0946    
 1940   284.9625       285.2147       285.8228       286.6057       287.5561       288.3018       288.7688       288.5878       287.7520       286.6674       285.6964       284.9886    
 1941   284.9788       285.1866       285.8618       286.6339       287.5575       288.3242       288.7597       288.5028       287.7757       286.7515       285.7266       285.2039    
 1942   285.0806       285.2890       285.9477       286.7391       287.6210       288.4262       288.8059       288.5758       287.8117       286.7665       285.8749       285.2108    
 1943   285.1128       285.3321       285.9165       286.8544       287.6184       288.3731       288.7519       288.4920       287.7645       286.7434       285.6274       285.0974    
 1944   284.8971       285.1608       285.8247       286.5941       287.5625       288.2704       288.7539       288.4986       287.7090       286.6429       285.6384       284.9723    
 1945   284.9274       285.2726       285.8144       286.6707       287.5638       288.2784       288.6944       288.5324       287.8438       286.7200       285.8199       285.2316    
 1946   285.0564       285.3497       285.9471       286.8209       287.6849       288.3989       288.8145       288.6437       287.8946       286.7625       285.7352       285.0849    
 1947   284.8741       285.2910       285.8413       286.7633       287.6460       288.3914       288.7897       288.5517       287.7212       286.7277       285.6759       285.1695    
 1948   285.0418       285.2931       285.9154       286.6856       287.5987       288.3008       288.7415       288.5281       287.8103       286.7066       285.7147       285.1237    
 1949   284.8871       285.2721       285.7999       286.6495       287.5164       288.2770       288.7248       288.5748       287.7490       286.6881       285.7561       285.0793    
 1950   285.0494       285.3021       285.8819       286.6914       287.5638       288.3309       288.7495       288.5143       287.8326       286.7823       285.7968       285.2183    
 1951   285.1154       285.3150       285.8947       286.6943       287.6265       288.3679       288.7816       288.5631       287.8304       286.8026       285.7548       285.1543    
 1952   285.0711       285.4396       286.0059       286.7463       287.6512       288.3440       288.7383       288.5120       287.8445       286.7174       285.7317       285.1996    
 1953   285.0584       285.3581       285.8503       286.7108       287.5757       288.2678       288.6879       288.4904       287.7610       286.7137       285.7500       285.0498    
 1954   285.0011       285.3313       285.9259       286.5945       287.5479       288.2730       288.6852       288.5333       287.6697       286.7311       285.7171       285.1733    
 1955   285.0493       285.3313       285.9999       286.7303       287.6493       288.3692       288.7681       288.5446       287.8220       286.7425       285.7679       285.2213    
 1956   285.0382       285.3004       285.9486       286.7740       287.7076       288.3821       288.7892       288.5689       287.8388       286.7776       285.8055       285.2445    
 1957   285.0496       285.3433       286.0802       286.8904       287.6844       288.4783       288.8666       288.6282       287.8950       286.8362       285.8870       285.1649    
 1958   285.1104       285.4336       286.0397       286.8572       287.6812       288.4337       288.7325       288.6005       287.7968       286.7793       285.7357       285.1133    
 1959   284.9251       285.2634       285.8734       286.6649       287.5439       288.3752       288.7707       288.5760       287.8612       286.7267       285.7386       285.1664    
 1960   285.0302       285.2389       285.9320       286.7536       287.6697       288.4353       288.7793       288.6386       287.8173       286.8114       285.8535       285.2687    
 1961   285.2072       285.4207       286.0049       286.8190       287.6572       288.4003       288.8329       288.6364       287.8308       286.8143       285.8869       285.1905    
 1962   285.0075       285.3125       286.0224       286.8441       287.6871       288.4204       288.8306       288.6142       287.8411       286.8147       285.8326       285.0960    
 1963   285.0073       285.3103       285.9165       286.6927       287.5273       288.2427       288.6653       288.3701       287.6496       286.6368       285.5659       284.9124    
 1964   284.8232       285.0604       285.7236       286.5150       287.4084       288.1201       288.5652       288.3204       287.5645       286.5698       285.6459       284.9786    
 1965   284.8665       285.0633       285.7131       286.5824       287.4456       288.2027       288.6525       288.4150       287.6976       286.6487       285.6319       284.9737    
 1966   284.8747       285.2355       285.8043       286.6977       287.5339       288.2989       288.7382       288.5155       287.7586       286.6965       285.7435       285.0723    
 1967   285.0181       285.1573       285.7855       286.6632       287.5841       288.3963       288.7425       288.5320       287.7545       286.7281       285.7685       285.1282    
 1968   285.0124       285.3709       285.9037       286.6904       287.6036       288.4162       288.7965       288.6054       287.8485       286.7872       285.8073       285.2328    
 1969   285.2057       285.4322       286.0499       286.8139       287.7030       288.4474       288.8042       288.6481       287.8164       286.7912       285.8474       285.3203    
 1970   285.1077       285.2904       285.9737       286.8494       287.6780       288.4021       288.8211       288.5733       287.8734       286.7463       285.7018       285.1823    
 1971   284.9610       285.2789       285.9844       286.7925       287.6560       288.3440       288.8282       288.6125       287.8716       286.7588       285.7734       285.1571    
 1972   285.1062       285.3761       286.0960       286.8725       287.6916       288.3777       288.8853       288.7176       287.8298       286.8759       285.8349       285.2516    
 1973   285.0928       285.3795       285.9102       286.7950       287.7262       288.5448       288.9608       288.8091       288.0162       286.9760       285.8805       285.4047    
 1974   285.3221       285.4944       286.1218       286.9146       287.8009       288.6109       288.9917       288.7735       287.9409       286.9601       286.0229       285.4388    
 1975   285.1808       285.5039       286.1477       287.0394       287.8035       288.4885       288.9622       288.7240       287.9832       286.9107       285.8549       285.3361    
 1976   285.1855       285.4853       286.0990       286.8518       287.7608       288.5199       288.9384       288.7589       288.0318       286.9527       286.0043       285.3787    
 1977   285.2167       285.5940       286.2395       286.9770       287.8943       288.6231       289.0367       288.8466       288.1306       287.0797       286.0839       285.4557    
 1978   285.3327       285.6545       286.3441       287.1457       288.0535       288.7266       289.1906       288.8599       288.1081       287.1027       286.1440       285.4631    
 1979   285.4046       285.6385       286.2775       287.0167       287.8958       288.6144       289.0568       288.8978       288.1587       287.0667       286.0963       285.4598    
 1980   285.4326       285.6480       286.3606       287.0303       287.9818       288.6880       289.1531       288.8760       288.1450       287.1833       286.1620       285.5448    
 1981   285.4610       285.7162       286.2825       287.1441       287.9334       288.7336       289.1586       288.9583       288.1812       287.1908       286.1886       285.5501    
 1982   285.4400       285.6802       286.4025       287.2105       287.9716       288.7385       289.1611       288.8095       288.0217       286.9467       285.9357       285.1731    
 1983   285.1904       285.4759       286.0769       286.9160       287.7882       288.5343       288.9651       288.7597       288.0099       287.0032       285.9622       285.4778    
 1984   285.2710       285.5084       286.1717       287.0819       287.9311       288.6134       289.0330       288.8350       288.1142       287.0830       286.0573       285.4800    
 1985   285.3383       285.5676       286.2415       287.0646       287.9009       288.6734       289.0934       288.8741       288.0829       287.1540       286.1446       285.6031    
 1986   285.4326       285.6769       286.3557       287.1877       287.9543       288.7149       289.1577       288.9392       288.2053       287.1348       286.1337       285.6933    
 1987   285.5537       285.7861       286.4569       287.2592       288.1292       288.8643       289.2173       288.9991       288.3135       287.2303       286.2403       285.7417    
 1988   285.6029       285.8725       286.4344       287.2799       288.1637       288.8532       289.3270       289.0859       288.3695       287.3133       286.3034       285.7708    
 1989   285.6247       285.8503       286.4352       287.3420       288.1200       288.8548       289.2904       289.0898       288.2868       287.2375       286.2448       285.7127    
 1990   285.6627       285.9114       286.4549       287.3233       288.1495       288.9117       289.3731       289.1523       288.4546       287.3869       286.3872       285.8179    
 1991   285.6517       285.9639       286.4726       287.2558       288.2281       288.9569       289.3354       289.0885       288.2530       287.1496       286.1252       285.4876    
 1992   285.3956       285.5858       286.2118       286.9786       287.7909       288.4729       288.9050       288.7034       287.9887       286.9508       286.0844       285.4162    
 1993   285.4149       285.7165       286.2745       287.1461       287.9680       288.7591       289.1407       288.8782       288.1267       287.1360       286.1570       285.5838    
 1994   285.4775       285.7395       286.3896       287.1908       288.0835       288.8484       289.1877       288.9669       288.1737       287.2549       286.1948       285.5788    
 1995   285.5250       285.7692       286.4114       287.2034       288.0888       288.8014       289.2875       289.0850       288.3117       287.2655       286.3539       285.7329    
 1996   285.6696       285.8285       286.6193       287.2998       288.1587       288.8667       289.3748       289.1344       288.3970       287.3596       286.3118       285.7841    
 1997   285.6625       285.8855       286.5543       287.3294       288.2191       288.9634       289.4067       289.1512       288.4564       287.3770       286.4010       285.8730    
 1998   285.7108       285.9636       286.5744       287.4650       288.3092       289.1446       289.5118       289.3102       288.5678       287.5099       286.5598       285.9684    
 1999   285.7950       286.0136       286.7048       287.5525       288.3902       289.1513       289.5591       289.3608       288.6004       287.5409       286.5852       285.9928    
 2000   285.7521       285.9811       286.7317       287.5479       288.4636       289.2102       289.6130       289.3857       288.6255       287.6099       286.6424       285.9501    
 2001   285.8603       286.2111       286.8043       287.6555       288.4957       289.2462       289.6178       289.4563       288.6881       287.6714       286.7114       286.0068    
 2002   285.8654       286.2137       286.7390       287.6519       288.5635       289.3496       289.7309       289.4579       288.6398       287.6577       286.6435       286.1138    
 2003   285.8202       286.1621       286.8221       287.6396       288.4805       289.2100       289.6030       289.4584       288.6900       287.6207       286.7229       286.0885    
 2004   285.9711       286.1847       286.8916       287.6465       288.4845       289.2320       289.6322       289.4798       288.7323       287.6964       286.7155       286.1649    
 2005   286.0590       286.2223       286.8134       287.7473       288.5320       289.2316       289.6514       289.4190       288.6559       287.6986       286.8256       286.1700    
 2006   286.1488       286.3004       286.8555       287.6409       288.5550       289.3328       289.7234       289.5094       288.7688       287.7126       286.7890       286.2297    
 2007   286.0295       286.2608       286.8628       287.7066       288.5930       289.3393       289.7127       289.5172       288.7622       287.7172       286.7558       286.1162    
 2008   285.8884       286.1501       286.8968       287.7323       288.5370       289.2948       289.6866       289.4936       288.7020       287.6930       286.7130       286.1720    
 2009   286.0276       286.3336       286.9386       287.7199       288.5902       289.3368       289.7250       289.5461       288.7770       287.7624       286.8059       286.2153    
 2010   286.1530       286.4547       287.0713       287.8596       288.5642       289.4408       289.7758       289.6237       288.8765       287.8671       286.9330       286.2607    
 2011   286.1678       286.4431       286.9517       287.8344       288.6741       289.4330       289.8406       289.5906       288.8817       287.9369       286.9087       286.2798    
 2012   286.0986       286.3654       286.9294       287.7893       288.6263       289.4268       289.8154       289.5506       288.7613       287.8798       286.8623       286.2768    
 2013   286.1471       286.4096       286.9370       287.7292       288.5654       289.3554       289.8173       289.6145       288.8368       287.8405       286.8304       286.2081    
 2014   286.1458       286.4190       287.0884       287.8754       288.7125       289.4296       289.8644       289.6818       288.9264       287.9073       286.9204       286.3352    
 2015   286.2428       286.4260       287.0463       287.8557       288.7675       289.5217       289.8948       289.6303       288.8937       287.9080       286.8427       286.2459    
 2016   286.1667       286.5121       287.1073       287.8619       288.7373       289.5188       289.8473       289.6981       288.9010       287.9552       286.9115       286.3271    
 2017   286.1015       286.4552       287.1474       287.9720       288.7883       289.5673       289.9200       289.7694       288.9843       288.0073       287.0018       286.4083    
 2018   286.2953       286.4880       287.0714       287.9080       288.7639       289.5312       289.9214       289.6920       288.9466       287.9646       286.9852       286.2666    
 2019   286.1935       286.6019       287.1296       287.8617       288.7905       289.5151       289.9354       289.7454       288.9373       287.9062       286.9814       286.3282    
 2020   286.2418       286.5832       287.1512       288.0176       288.8268       289.5933       289.9554       289.7499       289.0802       288.0258       287.0617       286.5204    
 2021   286.3955       286.5290       287.2162       288.0284       288.8651       289.5537       290.0000       289.7596       289.0134       288.0658       287.0182       286.4321    
 2022   286.2886       286.5894       287.1060       287.9712       288.7561       289.5056       289.9835       289.6928       289.0111       288.0585       286.9949       286.4404    
 2023   286.3429       286.5775       287.2212       288.0089       288.8692       289.5815       290.0531       289.8373       289.0578       288.1271       287.0924       286.5164    
 2024   286.3557       286.6488       287.2749       288.0248       288.8536       289.6578       290.0171       289.8274       289.0759       288.1029       287.0622       286.4693    
 2025   286.3623       286.6314       287.1762       288.0722       288.9070       289.6251       290.0161       289.8273       289.0388       288.0279       287.1163       286.4759    
 2026   286.4383       286.5638       287.1629       287.9864       288.8586       289.6584       290.0404       289.8313       289.1017       288.1011       287.1823       286.6479    
 2027   286.3336       286.5784       287.2209       288.0879       288.9637       289.6038       290.0199       289.8152       289.1236       288.0879       287.1292       286.5335    
 2028   286.5124       286.7457       287.2392       288.1298       288.9479       289.7084       290.1054       289.9415       289.1374       288.1479       287.1664       286.4353    
 2029   286.4132       286.6899       287.3933       288.1057       288.9652       289.6814       290.1239       289.8359       289.1588       288.1528       287.2338       286.6088    
 2030   286.4831       286.6731       287.3757       288.1582       289.0124       289.7757       290.1761       289.9551       289.2099       288.2229       287.3036       286.7656    
 2031   286.6375       286.8431       287.4316       288.2467       289.0951       289.7828       290.1528       289.9728       289.1789       288.2218       287.2558       286.6382    
 2032   286.4104       286.7218       287.3887       288.2418       289.0352       289.7895       290.1775       289.9898       289.1948       288.1645       287.1889       286.6475    
 2033   286.5051       286.8676       287.4079       288.2078       289.0055       289.7554       290.1875       289.9618       289.1997       288.2334       287.1669       286.5582    
 2034   286.5175       286.8022       287.3297       288.1397       288.9896       289.7633       290.2099       290.0098       289.2230       288.2603       287.2235       286.6485    
 2035   286.4428       286.7474       287.3658       288.1809       288.9725       289.7999       290.2740       290.0226       289.3084       288.3207       287.3714       286.7342    
 2036   286.6117       286.8490       287.4900       288.2295       289.1009       289.8824       290.3187       290.0551       289.2826       288.1897       287.2686       286.6729    
 2037   286.4817       286.7391       287.3996       288.2685       289.0264       289.7850       290.1317       289.9658       289.2972       288.2679       287.2650       286.6917    
 2038   286.5625       286.8562       287.3974       288.2234       289.0511       289.8206       290.2754       290.0754       289.3369       288.3625       287.4133       286.8510    
 2039   286.6850       286.9535       287.5166       288.4454       289.3126       290.0555       290.3744       290.1707       289.4684       288.4981       287.4060       286.8820    
 2040   286.7348       287.1710       287.6060       288.3635       289.2105       289.9488       290.3881       290.1308       289.3898       288.4103       287.4070       286.7682    
 2041   286.6325       286.8432       287.4679       288.2487       289.1174       289.8839       290.3029       290.0610       289.2400       288.3293       287.4149       286.7220    
 2042   286.5631       286.8397       287.4937       288.2810       289.1694       289.8850       290.2936       290.1283       289.3333       288.3587       287.3253       286.7588    
 2043   286.6331       286.9174       287.6125       288.3453       289.1926       289.9621       290.4020       290.1973       289.4275       288.4703       287.5824       286.8245    
 2044   286.7126       286.9794       287.5768       288.4192       289.1836       289.9843       290.3604       290.1484       289.4207       288.4786       287.4381       286.9168    
 2045   286.7040       287.0642       287.5872       288.4416       289.2104       289.9720       290.3632       290.1517       289.5041       288.4574       287.5705       286.9793    
 2046   286.7622       286.9922       287.7075       288.5078       289.3412       290.0537       290.4110       290.2423       289.5039       288.5003       287.5400       286.9373    
 2047   286.6727       287.0084       287.6850       288.4598       289.3234       290.0593       290.4636       290.2285       289.5574       288.5129       287.6187       286.9986    
 2048   286.8000       286.9831       287.6271       288.5251       289.2731       289.9978       290.4677       290.2419       289.5439       288.5804       287.6456       287.0180    
 2049   286.7716       287.0576       287.6761       288.5148       289.4253       290.1123       290.5508       290.3322       289.5685       288.6347       287.6579       286.9609    
 2050   286.8194       287.0899       287.6142       288.4265       289.3494       290.1209       290.5028       290.2997       289.5950       288.6243       287.6128       286.9658    
 2051   286.8994       287.0768       287.6616       288.5181       289.3276       290.0464       290.4606       290.2682       289.5411       288.5450       287.6392       286.9928    
 2052   286.8725       287.1288       287.7137       288.4051       289.2378       290.0611       290.4886       290.2598       289.5265       288.5242       287.5101       286.9220    
 2053   286.8599       287.0396       287.6647       288.5167       289.3242       290.1433       290.5672       290.3286       289.6209       288.6288       287.6109       287.0338    
 2054   286.8318       287.2251       287.6879       288.5321       289.3143       290.0685       290.5344       290.3417       289.5865       288.6219       287.6141       287.1591    
 2055   286.9536       287.2351       287.7913       288.5897       289.4958       290.2226       290.6061       290.3802       289.6786       288.8108       287.7793       287.1013    
 2056   286.9171       287.2214       287.8188       288.6237       289.4418       290.1648       290.6001       290.3638       289.6138       288.6598       287.6273       287.0553    
 2057   286.9020       287.1942       287.8324       288.5930       289.4306       290.2439       290.5763       290.4322       289.6908       288.6552       287.7493       287.1465    
 2058   286.9604       287.2075       287.9215       288.6297       289.4951       290.2026       290.6413       290.4443       289.6920       288.7308       287.7550       287.1103    
 2059   286.8999       287.2956       287.9170       288.6955       289.5030       290.3216       290.7212       290.4980       289.7754       288.8388       287.8116       287.1425    
 2060   287.0528       287.3810       287.9032       288.7649       289.5508       290.3092       290.7174       290.4293       289.6501       288.7318       287.7449       287.1984    
 2061   286.9414       287.1605       287.7931       288.5611       289.4982       290.2174       290.6214       290.4244       289.7010       288.7107       287.7784       287.0760    
 2062   287.0148       287.3081       287.8645       288.7757       289.5656       290.3330       290.6154       290.5248       289.8009       288.7706       287.8029       287.2331    
 2063   287.0663       287.3722       287.8955       288.7089       289.5255       290.2723       290.7049       290.4619       289.7267       288.7564       287.8978       287.2692    
 2064   287.2542       287.3310       287.9469       288.8297       289.5978       290.2939       290.7345       290.5195       289.8116       288.8376       287.8922       287.1976    
 2065   287.1133       287.3283       288.0446       288.7451       289.6002       290.3736       290.8250       290.5843       289.8220       288.8361       287.9059       287.2021    
 2066   287.0363       287.4271       287.9906       288.8294       289.5817       290.3798       290.8031       290.5773       289.8299       288.8827       287.9934       287.3967    
 2067   287.2185       287.4957       288.1176       288.8370       289.7143       290.4851       290.8652       290.6310       289.8938       288.9766       287.9329       287.4073    
 2068   287.2665       287.4718       288.0668       288.9025       289.7126       290.4509       290.8805       290.6500       289.9717       289.0404       288.0952       287.5834    
 2069   287.3405       287.5130       288.1089       288.9536       289.7732       290.4838       290.9302       290.7132       289.9534       289.0459       288.0964       287.4272    
 2070   287.3108       287.5708       288.1176       288.8908       289.7168       290.4544       290.8723       290.6443       289.9349       288.9580       288.0191       287.5307    
 2071   287.2102       287.5196       288.1648       289.0150       289.7661       290.5161       290.9330       290.7683       290.0181       289.0750       288.0479       287.5294    
 2072   287.4887       287.4845       288.1224       288.9664       289.7776       290.4916       290.9520       290.7820       290.0523       289.0961       288.1908       287.5945    
 2073   287.4331       287.5314       288.2392       289.0952       289.8872       290.6726       291.0625       290.8295       290.0524       289.1128       288.3665       287.6532    
 2074   287.4547       287.6792       288.2688       289.0829       289.8812       290.6438       291.0920       290.8022       290.0607       289.1702       288.1858       287.6047    
 2075   287.3918       287.6182       288.2022       289.0108       289.7783       290.5865       291.0210       290.7973       290.0393       289.1185       288.1349       287.5703    
 2076   287.3766       287.6496       288.2430       289.0669       289.8555       290.6353       291.0510       290.9247       290.1604       289.1907       288.2857       287.7521    
 2077   287.6746       287.7825       288.3845       289.1796       289.9564       290.7512       291.1495       290.9389       290.2068       289.2227       288.2618       287.5546    
 2078   287.5038       287.6939       288.2556       289.1190       289.9883       290.7414       291.1198       290.9350       290.1960       289.2652       288.3292       287.7016    
 2079   287.5761       287.7544       288.3407       289.1068       289.9910       290.8008       291.1574       290.9380       290.2280       289.2788       288.2607       287.7031    
 2080   287.5837       287.7683       288.3583       289.1530       290.0222       290.7853       291.1391       290.9560       290.2359       289.2693       288.2843       287.6619    
 2081   287.5187       287.7435       288.3078       289.1519       290.0138       290.8301       291.1687       290.9945       290.2195       289.2722       288.3998       287.6910    
 2082   287.6515       287.8260       288.4536       289.1670       290.0734       290.8532       291.2352       291.0720       290.2969       289.3767       288.4238       287.8992    
 2083   287.8051       287.9283       288.4323       289.2886       290.1305       290.9433       291.2530       291.0630       290.2939       289.4598       288.5003       287.8299    
 2084   287.6045       287.9514       288.4906       289.2904       290.1268       290.8921       291.2727       291.0650       290.2881       289.3712       288.4842       287.7839    
 2085   287.6941       287.8521       288.4046       289.3532       290.1891       290.9152       291.3205       291.0466       290.3434       289.4095       288.4903       287.8655    
 2086   287.7635       287.9143       288.5533       289.3044       290.1796       290.9252       291.3499       291.0901       290.3195       289.4153       288.4389       287.8617    
 2087   287.7294       287.9932       288.5464       289.3882       290.1719       290.9575       291.4424       291.2048       290.5337       289.5327       288.7106       288.0992    
 2088   287.8347       288.0600       288.6272       289.4454       290.2187       291.0577       291.3913       291.1486       290.4347       289.5197       288.6729       288.0057    
 2089   287.8450       288.1198       288.6505       289.3703       290.2633       290.9961       291.4482       291.2314       290.5096       289.5761       288.6415       288.0648    
 2090   287.8589       288.1385       288.6359       289.4945       290.3122       291.0442       291.4603       291.2455       290.4795       289.5346       288.6103       287.9921    
 2091   287.8715       288.0111       288.6980       289.4188       290.2818       291.0881       291.4904       291.2658       290.5125       289.6110       288.6506       288.0227    
 2092   287.8930       288.1219       288.7260       289.5221       290.3660       291.0495       291.4378       291.2208       290.5275       289.5440       288.5809       287.9369    
 2093   287.8329       288.1151       288.6701       289.4500       290.2818       291.0775       291.4693       291.2899       290.5967       289.5654       288.7046       288.0303    
 2094   287.9341       288.1941       288.6916       289.4841       290.3081       291.0735       291.5237       291.2780       290.5966       289.6341       288.6916       288.0226    
 2095   287.8525       288.1772       288.6489       289.4828       290.3886       291.0844       291.5078       291.3164       290.5434       289.5751       288.6975       288.0802    
 2096   287.9563       288.1833       288.6847       289.5858       290.3740       291.1960       291.5656       291.3026       290.5968       289.6800       288.7513       288.2223    
 2097   288.0414       288.2242       288.7815       289.5535       290.3293       291.1574       291.5520       291.2633       290.5517       289.6527       288.7484       288.1315    
 2098   287.9277       288.1837       288.7505       289.5889       290.3594       291.1284       291.5186       291.3080       290.5953       289.6006       288.6962       288.0735    
 2099   288.0216       288.2444       288.8033       289.5938       290.3982       291.1481       291.5310       291.3385       290.6180       289.6807       288.8397       288.2542    
 2100   288.0363       288.3204       288.9392       289.6920       290.5028       291.2072       291.6394       291.4305       290.6421       289.7307       288.8097       288.1696    
