# <a href=http://cmip-pcmdi.llnl.gov/cmip5/>CMIP5</a> global mean temperature computed at <a href=http://www.knmi.nl/selectfield_cmip5.cgi?someone@somewhere>KNMI Climate Explorer</a> tas_Amon_GFDL-ESM2G_rcp60_r1i1p1
# tas [K] from NOAA GFDL GFDL-ESM2G, RCP6 (run 1) experiment output for CMIP5 AR5 r1i1p1
# cutting out region lon=    0.000  360.000, lat=  -90.000   90.000
 1861   284.6279       284.8730       285.6638       286.3599       287.3772       288.1609       288.4617       288.1480       287.4369       286.2643       285.2299       284.3984    
 1862   284.2982       284.6592       285.5839       286.4875       287.3932       288.0381       288.3551       288.1505       287.3881       286.3608       285.1759       284.5812    
 1863   284.4306       284.8626       285.6877       286.5290       287.4595       288.2004       288.4109       288.0874       287.3436       286.2055       285.1351       284.4598    
 1864   284.4552       284.6776       285.4664       286.2969       287.2724       287.8766       288.2688       288.0669       287.2062       286.0146       284.9551       284.3739    
 1865   284.3170       284.6671       285.4002       286.0798       287.0597       287.7809       288.1624       287.9831       287.1412       285.9396       284.8919       284.4739    
 1866   284.2950       284.5598       285.5101       286.3396       287.4031       288.1611       288.3712       288.1097       287.3119       286.3300       285.1762       284.5917    
 1867   284.5630       284.7681       285.6500       286.4948       287.5532       288.2817       288.3954       288.1852       287.4467       286.4878       285.3495       284.8025    
 1868   284.6530       284.9743       285.5818       286.5093       287.5579       288.3322       288.4078       288.1251       287.3898       286.3043       285.1663       284.7451    
 1869   284.7148       285.0404       285.7289       286.6758       287.4955       288.2672       288.3748       288.1802       287.4994       286.2005       285.1196       284.4612    
 1870   284.2438       284.7930       285.5258       286.3486       287.4653       288.2642       288.3507       288.1654       287.4250       286.0795       285.1256       284.5698    
 1871   284.5295       284.8911       285.5306       286.4991       287.4166       288.1133       288.3220       288.3078       287.3069       286.2117       285.0240       284.5624    
 1872   284.2491       284.6398       285.4606       286.4176       287.5984       288.2186       288.5156       288.2245       287.4204       286.2451       285.1735       284.7275    
 1873   284.8328       284.9179       285.6284       286.4656       287.4976       288.2137       288.4681       288.2208       287.4422       286.3375       285.3448       284.7605    
 1874   284.5661       284.7890       285.4229       286.4803       287.5049       288.1523       288.3925       288.2075       287.4878       286.3168       285.1985       284.4881    
 1875   284.4981       284.7454       285.5794       286.4477       287.3915       288.0966       288.4406       288.2195       287.5578       286.3619       285.3248       284.7158    
 1876   284.5652       284.9563       285.6274       286.6450       287.5122       288.3025       288.4882       288.2574       287.5605       286.4176       285.3083       284.6157    
 1877   284.8624       285.2954       285.7814       286.7200       287.7810       288.4688       288.6059       288.3620       287.5654       286.4415       285.2287       284.6722    
 1878   284.5560       285.0371       285.7351       286.5961       287.5155       288.2990       288.4759       288.1658       287.3708       286.1807       285.2324       284.7603    
 1879   284.9094       285.0869       285.6155       286.5371       287.7398       288.3462       288.7036       288.2880       287.4976       286.3017       285.3870       284.7021    
 1880   284.8673       285.1773       285.7462       286.7418       287.7283       288.3109       288.5587       288.2915       287.4241       286.2703       285.1623       284.6802    
 1881   284.5999       284.7516       285.7606       286.6036       287.5595       288.0590       288.3457       288.2527       287.6554       286.4530       285.4372       284.9064    
 1882   285.0286       285.3589       286.0028       286.8246       287.7609       288.4543       288.6161       288.5498       287.5815       286.4854       285.5925       285.0207    
 1883   284.8694       285.1995       285.9008       286.7183       287.7356       288.3364       288.6451       288.3257       287.5348       286.2309       285.2056       284.6805    
 1884   284.2285       284.7589       285.4367       286.2700       287.0876       287.7233       287.8640       287.8178       286.9437       285.6693       284.5010       284.0273    
 1885   283.8913       284.1123       284.9825       285.9148       286.9408       287.5581       288.0256       287.8902       286.9269       285.8305       284.8923       284.2142    
 1886   284.2432       284.7076       285.2239       286.0529       287.0955       287.8797       288.1919       288.0435       287.2940       286.0445       284.9377       284.2960    
 1887   284.1789       284.8108       285.3374       286.2709       287.2128       287.8750       288.0719       287.9415       287.1399       285.9888       284.6358       284.0759    
 1888   284.0468       284.5164       285.0467       286.0776       287.0643       287.7881       288.1747       288.0242       287.2995       286.0778       284.7867       284.0723    
 1889   284.3570       284.6592       285.3125       286.3493       287.3694       288.0755       288.2821       288.1063       287.0757       286.0412       284.8222       284.2530    
 1890   284.1966       284.6377       285.2565       286.2789       287.3194       288.0674       288.3145       288.2055       287.4496       286.2901       285.1168       284.5535    
 1891   284.5235       284.8440       285.4959       286.5204       287.4582       288.0445       288.2174       288.0414       287.1593       286.0245       285.0148       284.3313    
 1892   284.1365       284.4041       285.1865       286.3061       287.3322       287.9949       288.3003       288.1361       287.3380       286.1713       285.0238       284.3693    
 1893   284.3604       284.5496       285.4499       286.4087       287.3766       288.1348       288.4077       288.1675       287.3185       286.1812       285.1134       284.5102    
 1894   284.4689       284.6644       285.4734       286.5508       287.6118       288.2177       288.4229       288.1543       287.4137       286.2853       284.9716       284.5709    
 1895   284.4986       284.8457       285.5087       286.3657       287.4362       288.1506       288.4241       288.3249       287.4698       286.3480       285.1207       284.4778    
 1896   284.3494       284.9604       285.6070       286.5695       287.5072       288.1597       288.5276       288.1691       287.3006       286.1814       284.9009       284.2957    
 1897   284.0391       284.6328       285.6063       286.5388       287.4125       288.2073       288.4811       288.2447       287.4552       286.1869       285.0379       284.3736    
 1898   284.3243       284.7186       285.5142       286.3042       287.4033       288.1433       288.3976       288.1968       287.3356       286.1717       285.0567       284.3285    
 1899   284.3614       284.5609       285.4642       286.4236       287.3787       288.1749       288.3734       288.1065       287.3846       286.1949       284.9818       284.3607    
 1900   284.5224       284.8302       285.4306       286.4507       287.3911       288.0964       288.2895       288.0993       287.3620       286.1564       284.8998       284.4010    
 1901   284.4030       284.9535       285.4648       286.2986       287.4121       288.1920       288.4982       288.2876       287.5023       286.2457       285.1840       284.6494    
 1902   284.6521       285.0485       285.4776       286.4439       287.3650       288.3341       288.6447       288.3972       287.4705       286.3510       285.2181       284.6880    
 1903   284.5789       285.1019       285.7285       286.5390       287.4391       287.9961       288.2277       287.9695       287.2889       286.0224       284.9688       284.3215    
 1904   284.4268       284.7767       285.4314       286.3843       287.3493       288.0153       288.2900       288.2200       287.4205       286.2902       285.1354       284.5945    
 1905   284.6264       284.9010       285.5623       286.4069       287.4746       288.1267       288.3554       288.3181       287.4691       286.2268       285.2258       284.4326    
 1906   284.4400       284.7975       285.5521       286.4747       287.4842       288.2829       288.6160       288.2490       287.4285       286.2297       285.2715       284.5668    
 1907   284.6153       285.0113       285.7050       286.4040       287.4252       288.2228       288.4585       288.3292       287.4005       286.2630       285.0301       284.4194    
 1908   284.4059       284.6682       285.3891       286.3382       287.5487       288.2081       288.4095       288.1277       287.3609       286.1446       285.1135       284.5463    
 1909   284.3765       284.7386       285.6461       286.7198       287.6133       288.2248       288.3852       288.1208       287.3633       286.2284       285.1596       284.4852    
 1910   284.3634       284.8766       285.3828       286.4644       287.5719       288.3582       288.4676       288.2768       287.4489       286.2465       285.2694       284.7235    
 1911   284.6107       285.1717       285.7582       286.7127       287.6301       288.3169       288.5800       288.3719       287.6759       286.4695       285.3051       284.7638    
 1912   284.8184       285.0944       285.7875       286.6596       287.5747       288.2316       288.4256       288.2863       287.3961       286.2816       285.2912       284.8719    
 1913   284.5135       284.9333       285.4289       286.2822       287.2709       287.9004       288.2859       288.0831       287.1340       285.9763       285.0767       284.4223    
 1914   284.1935       284.7311       285.3750       286.4268       287.5261       288.0942       288.2545       288.0925       287.3592       286.0996       285.2110       284.8389    
 1915   284.6975       285.2059       285.9449       286.7749       287.7234       288.4165       288.6776       288.3827       287.6417       286.4215       285.3828       284.8500    
 1916   284.9319       285.3275       285.7069       286.7465       287.6374       288.2005       288.4883       288.2741       287.4719       286.4377       285.4154       284.9851    
 1917   284.8229       285.0778       285.8427       286.8186       287.7466       288.5645       288.7492       288.4641       287.6193       286.5037       285.3603       284.9683    
 1918   284.9458       285.2518       285.8702       286.7958       287.6766       288.3893       288.6395       288.4472       287.7281       286.5190       285.4620       284.8690    
 1919   284.7077       284.9971       285.9374       286.8089       287.6969       288.2481       288.5575       288.4513       287.6473       286.3699       285.2621       284.6762    
 1920   284.3502       284.9311       285.6704       286.6246       287.4903       288.3353       288.5231       288.4913       287.5535       286.4409       285.4927       284.6973    
 1921   284.8168       285.2284       285.9636       286.8798       287.8475       288.4316       288.7223       288.5394       287.6955       286.4879       285.2806       284.7952    
 1922   284.6851       284.9288       285.6486       286.5352       287.5605       288.1788       288.4469       288.2652       287.5301       286.3200       285.1969       284.5875    
 1923   284.6214       285.1098       285.6420       286.7297       287.7484       288.4491       288.5690       288.3794       287.6689       286.5707       285.3614       284.6525    
 1924   284.7996       285.1505       286.0391       286.9420       287.8900       288.5142       288.7758       288.5891       287.8372       286.7385       285.7111       285.1262    
 1925   285.1443       285.6042       286.1531       287.0558       288.0069       288.6379       288.9370       288.6209       287.7426       286.6029       285.5428       285.0406    
 1926   285.2467       285.8793       286.2097       287.0521       288.0011       288.6286       288.8450       288.6265       287.8050       286.6534       285.5119       285.0301    
 1927   285.0340       285.3001       285.8800       286.8897       287.7931       288.4769       288.6811       288.4325       287.6054       286.3766       285.4359       284.7925    
 1928   284.8112       285.1413       285.6444       286.7166       287.8087       288.4682       288.7698       288.5530       287.7693       286.6661       285.5009       284.9278    
 1929   284.7844       285.2454       285.6994       286.8716       287.5522       288.2332       288.6209       288.4381       287.6694       286.4956       285.4107       284.8300    
 1930   284.7843       285.1671       285.8938       286.7227       287.8064       288.3955       288.5396       288.4228       287.7888       286.5910       285.4980       284.7725    
 1931   284.8054       284.9736       285.5944       286.6393       287.5920       288.1656       288.4732       288.2827       287.6918       286.4103       285.1684       284.7805    
 1932   284.3995       284.8860       285.6467       286.4317       287.5497       288.2366       288.5374       288.3207       287.5768       286.4165       285.4094       284.8857    
 1933   284.7513       285.0952       285.7285       286.5703       287.4869       288.2929       288.4525       288.2605       287.5356       286.3899       285.3562       284.5028    
 1934   284.4562       284.8439       285.4885       286.5406       287.5244       288.1759       288.4154       288.2047       287.4019       286.2653       285.1649       284.7833    
 1935   284.7589       285.0544       285.8421       286.6905       287.7000       288.2115       288.4808       288.4677       287.6161       286.4973       285.4609       284.8862    
 1936   284.6515       285.2204       285.7388       286.7201       287.7385       288.4520       288.5073       288.3656       287.6134       286.5572       285.3359       284.8063    
 1937   284.8022       285.1367       285.9520       286.8399       287.8675       288.4956       288.6805       288.6633       287.6084       286.5031       285.4537       284.8873    
 1938   284.6818       284.9967       285.7662       286.6353       287.6453       288.2717       288.6314       288.4255       287.6090       286.3702       285.3376       284.6127    
 1939   284.4844       284.5904       285.5664       286.6238       287.4725       288.1721       288.3941       288.2737       287.4308       286.2619       285.1676       284.6301    
 1940   284.5175       284.9770       285.7784       286.7116       287.6822       288.4599       288.6298       288.3849       287.6566       286.6781       285.7937       285.0685    
 1941   285.1061       285.4463       286.0311       286.8091       287.8893       288.5386       288.7605       288.5211       287.5750       286.4290       285.5066       284.9149    
 1942   284.8487       285.1055       285.8166       286.6799       287.5920       288.3830       288.5484       288.4192       287.6216       286.4108       285.4063       284.9079    
 1943   284.7052       284.9226       285.8433       286.6587       287.6516       288.3718       288.5117       288.3751       287.5627       286.3751       285.1938       284.6312    
 1944   284.5866       284.8218       285.4160       286.5490       287.5552       288.1551       288.3047       288.1693       287.5158       286.3095       285.1699       284.5379    
 1945   284.3445       284.8050       285.6898       286.6988       287.6867       288.2768       288.5047       288.3036       287.5612       286.4388       285.3007       284.5695    
 1946   284.3886       284.7749       285.4604       286.3418       287.4348       288.1577       288.3772       288.1896       287.5256       286.3410       285.3056       284.7853    
 1947   284.7378       285.0668       285.9379       286.8174       287.7395       288.5135       288.6820       288.5179       287.6229       286.4527       285.3365       284.7636    
 1948   284.8417       285.1898       285.8920       286.7524       287.8392       288.3532       288.6356       288.2224       287.5573       286.2167       285.2600       284.5580    
 1949   284.5908       284.9381       285.6332       286.6630       287.5981       288.3292       288.5672       288.1992       287.5025       286.3861       285.2383       284.6520    
 1950   284.5457       284.8453       285.5225       286.7186       287.6551       288.4471       288.5810       288.4244       287.5401       286.3487       285.2027       284.6423    
 1951   284.7423       284.6791       285.4282       286.4447       287.4282       288.0823       288.4666       288.1822       287.4625       286.3691       285.1486       284.3673    
 1952   284.4049       284.8141       285.5834       286.7890       287.5488       288.1984       288.3739       288.1325       287.2142       286.0743       285.0599       284.4804    
 1953   284.6528       284.9895       285.7488       286.6234       287.4446       288.1348       288.4163       288.2321       287.5748       286.3014       285.3190       284.5331    
 1954   284.7480       284.8672       285.6424       286.5135       287.5702       288.2240       288.5508       288.3022       287.4622       286.4912       285.1963       284.7405    
 1955   284.5618       285.0608       285.7600       286.6840       287.6859       288.3044       288.4053       288.2961       287.4331       286.3050       285.3362       284.5844    
 1956   284.5202       285.0694       285.6528       286.6770       287.7561       288.3448       288.6463       288.2807       287.3906       286.4151       285.4765       284.7044    
 1957   284.7737       284.8846       285.7628       286.6851       287.6325       288.3425       288.5606       288.2351       287.5803       286.2932       285.2866       284.7462    
 1958   284.5778       284.8816       285.4859       286.5099       287.6750       288.3670       288.6049       288.4780       287.5733       286.5071       285.4051       284.5976    
 1959   284.7514       285.0395       285.6981       286.7399       287.6638       288.2149       288.4270       288.2018       287.3820       286.2292       285.3383       284.4705    
 1960   284.6723       284.8011       285.5305       286.6002       287.5642       288.2288       288.5507       288.3338       287.6536       286.4354       285.3192       284.7651    
 1961   284.8129       285.1877       285.7636       286.6864       287.6766       288.3276       288.4202       288.2446       287.5811       286.4220       285.4087       284.7448    
 1962   284.6492       285.0503       285.7934       286.6209       287.6481       288.3191       288.5095       288.3185       287.5556       286.4154       285.3553       284.8418    
 1963   284.8125       284.9795       285.7126       286.7310       287.6804       288.1762       288.3142       288.1881       287.3997       286.1821       285.2006       284.3841    
 1964   284.1418       284.6806       285.2394       286.3194       287.2357       287.9429       288.1726       287.9063       287.1598       286.0380       285.1256       284.7094    
 1965   284.3551       284.8965       285.4234       286.4957       287.5336       288.1311       288.3083       288.1902       287.2964       286.1374       285.2141       284.7876    
 1966   284.7475       284.9828       285.7497       286.5525       287.4237       288.3210       288.4515       288.2157       287.3669       286.2359       284.8500       284.3628    
 1967   284.3091       284.6998       285.3610       286.4385       287.3766       288.1447       288.4711       288.2368       287.3069       286.1659       285.1349       284.3907    
 1968   284.2578       284.6549       285.3246       286.4168       287.4780       288.1911       288.3065       288.1551       287.2421       286.1979       285.0615       284.3647    
 1969   284.3402       284.5716       285.2900       286.3743       287.3419       287.9261       288.3361       288.0565       287.3374       286.0637       285.0220       284.4874    
 1970   284.5570       285.0223       285.6140       286.5580       287.6676       288.3484       288.6186       288.3262       287.5044       286.2775       285.2139       284.4949    
 1971   284.4628       284.8393       285.6123       286.5659       287.5572       288.2243       288.5153       288.4032       287.5859       286.3676       285.3282       284.5593    
 1972   284.5696       284.9384       285.7782       286.6818       287.6699       288.4124       288.4863       288.3543       287.4616       286.4674       285.3665       284.6526    
 1973   284.8835       285.1702       285.9055       286.8086       287.7777       288.4393       288.5055       288.3759       287.4921       286.2846       285.2357       284.7913    
 1974   284.5297       284.7859       285.5644       286.6180       287.5114       288.2299       288.5134       288.4149       287.5672       286.3979       285.1920       284.5507    
 1975   284.5082       285.0124       285.8653       286.5151       287.5961       288.3352       288.7034       288.4633       287.7993       286.6649       285.6211       285.0002    
 1976   284.9907       285.2957       285.9066       286.8790       287.8416       288.4692       288.5620       288.4117       287.6301       286.4582       285.2271       284.5850    
 1977   284.4602       284.6508       285.3340       286.5273       287.5844       288.1699       288.4932       288.2969       287.5211       286.3534       285.1632       284.5958    
 1978   284.2897       284.7354       285.5225       286.6324       287.6443       288.2884       288.4350       288.3136       287.5799       286.3144       285.2915       284.5655    
 1979   284.5280       284.7346       285.7166       286.7036       287.7235       288.2986       288.6138       288.3732       287.6075       286.3390       285.2894       284.5038    
 1980   284.2830       284.7189       285.5820       286.7458       287.5786       288.3691       288.6183       288.3157       287.7559       286.5391       285.5074       284.9294    
 1981   284.7843       285.1979       286.2013       286.9449       288.0450       288.6809       288.7252       288.5589       287.8575       286.5520       285.4825       284.7363    
 1982   284.8471       284.9473       285.9684       286.9320       287.9846       288.4386       288.5942       288.4247       287.4747       286.3420       285.2522       284.6758    
 1983   284.6340       284.9359       285.5454       286.5278       287.3889       288.0481       288.2777       287.9744       287.3707       286.1360       285.2011       284.6177    
 1984   284.4916       284.8156       285.6973       286.6075       287.6163       288.3535       288.5847       288.4210       287.6919       286.6821       285.5264       284.9711    
 1985   284.9100       285.5497       286.1208       287.0384       288.0927       288.6143       288.8476       288.7377       287.7136       286.8947       285.7980       285.0964    
 1986   285.1392       285.4579       285.9469       287.0561       288.1654       288.7431       288.7931       288.6583       287.6747       286.6841       285.6538       284.8673    
 1987   284.8577       285.0150       285.9855       286.7809       287.7244       288.4466       288.6286       288.4786       287.7673       286.6651       285.6219       284.9300    
 1988   284.8825       285.4201       285.9591       287.0667       287.9654       288.6648       288.7604       288.5735       287.8323       286.5703       285.6382       284.8741    
 1989   284.8626       284.9947       285.8388       286.9228       287.8965       288.6080       288.7792       288.4994       287.8174       286.8297       285.5866       284.7935    
 1990   284.8581       285.1054       285.9384       287.0607       288.0697       288.6338       288.8425       288.8362       288.0883       286.9932       286.0413       285.5504    
 1991   285.3984       285.8181       286.2161       287.2283       288.1547       288.7449       288.9968       288.7953       287.7896       286.6880       285.4452       284.9633    
 1992   284.6732       284.9840       285.6406       286.6379       287.5097       288.1403       288.4414       288.3270       287.6143       286.5000       285.4435       284.9033    
 1993   284.7719       285.0594       285.7134       286.7462       287.8122       288.3703       288.6590       288.2836       287.6691       286.4494       285.2050       284.8072    
 1994   284.9631       285.0299       285.7264       286.9070       287.9302       288.5676       288.9155       288.6929       287.7892       286.7215       285.5485       284.8874    
 1995   284.9333       285.3024       285.9812       286.9321       288.0407       288.7960       288.8957       288.7420       288.0184       286.7061       285.8929       285.2067    
 1996   285.1456       285.4012       286.0523       287.2066       288.0930       288.7558       288.9089       288.7942       288.0832       286.8615       285.8491       285.1355    
 1997   285.0905       285.6640       286.2428       287.1806       288.1204       288.8124       289.1771       288.9439       288.1099       286.9819       285.9091       285.3216    
 1998   285.0821       285.4459       286.1718       287.1480       288.2595       288.8950       289.2668       288.9612       288.1292       287.1107       285.9786       285.2573    
 1999   285.3116       285.4886       286.1317       287.0814       288.1832       288.9329       289.0159       288.9078       288.1655       286.9150       285.9166       285.3334    
 2000   284.9951       285.1941       286.1328       287.2882       288.2218       288.8248       289.2038       289.0977       288.3981       287.1136       286.1063       285.4370    
 2001   285.4905       285.8187       286.4317       287.4593       288.5320       289.0854       289.3355       289.2115       288.3309       287.2706       286.3537       285.7241    
 2002   285.7832       286.1013       286.7412       287.6108       288.5392       289.1779       289.4318       289.2355       288.5082       287.2912       286.2404       285.5807    
 2003   285.6611       285.8317       286.4586       287.5309       288.3661       289.0503       289.1847       288.9682       288.4073       287.2752       286.0834       285.5462    
 2004   285.5188       285.7629       286.4735       287.3299       288.3401       288.9884       289.2494       289.0272       288.3062       287.2354       286.2964       285.4766    
 2005   285.3620       285.9337       286.6199       287.6801       288.4962       289.2194       289.4886       289.2261       288.3160       287.2390       285.9659       285.4099    
 2006   285.5210       285.8839       286.3519       287.3315       288.3170       288.9608       289.0983       289.0117       288.2076       286.8848       285.7338       285.3210    
 2007   285.3314       285.4696       286.2947       287.2501       288.2652       288.9355       289.2962       289.1259       288.3915       287.1614       286.1899       285.6072    
 2008   285.5954       285.8158       286.5570       287.5033       288.4477       289.0186       289.1906       288.9551       288.1918       287.0356       286.0426       285.2773    
 2009   285.3298       285.6366       286.4028       287.2456       288.2026       288.8331       289.3044       289.0137       288.3312       287.2972       286.2543       285.7006    
 2010   285.6312       285.7491       286.3565       287.4317       288.5011       289.0305       289.2075       289.0043       288.2149       287.1461       286.1277       285.4559    
 2011   285.4049       285.6504       286.3855       287.2765       288.1537       288.8694       289.1475       288.9859       288.2427       287.1590       285.9898       285.4203    
 2012   285.3580       285.5744       286.4124       287.4038       288.2226       288.9565       289.1364       288.9618       288.3148       287.0530       285.8875       285.5140    
 2013   285.3220       285.6240       286.2841       287.3258       288.1973       288.9219       289.1821       288.9536       288.1312       287.1602       286.0045       285.4854    
 2014   285.3330       285.4660       286.5750       287.4046       288.4732       288.9690       289.2241       289.0599       288.1661       287.2597       286.0703       285.7548    
 2015   285.6965       285.7910       286.3603       287.5061       288.3677       289.0912       289.2404       289.0361       288.4240       287.4148       286.4031       285.7750    
 2016   285.7370       285.8917       286.5979       287.6535       288.6297       289.1875       289.2960       289.1864       288.4909       287.3960       286.3519       285.5367    
 2017   285.2700       285.6523       286.4048       287.3878       288.3928       289.0470       289.2291       288.9378       288.2504       287.2554       286.1503       285.4688    
 2018   285.4759       285.5104       286.2504       287.1516       288.3097       289.0549       289.2895       288.9856       288.2032       287.2976       286.1645       285.7038    
 2019   285.4185       285.6694       286.4274       287.4816       288.3481       288.9642       289.2068       289.0541       288.4214       287.3182       286.2524       285.5264    
 2020   285.6077       285.7470       286.4390       287.3735       288.3951       288.9937       289.2149       289.1253       288.4320       287.3539       286.2221       285.7389    
 2021   285.7616       286.1140       286.9224       287.7641       288.6700       289.2967       289.3976       289.0886       288.4046       287.3794       286.1693       285.7766    
 2022   285.5652       285.6931       286.3237       287.2834       288.2585       288.9862       289.2132       288.9469       288.4089       287.3810       286.4784       285.5528    
 2023   285.7412       285.9715       286.5689       287.6708       288.6057       289.0752       289.1622       289.0334       288.2811       287.2724       286.2245       285.6414    
 2024   285.6023       285.8222       286.4206       287.2764       288.2560       288.9774       289.3122       288.9935       288.2730       287.1318       286.1291       285.4846    
 2025   285.3982       285.6137       286.3496       287.4255       288.3197       288.7774       289.1627       288.9728       288.1692       287.1278       286.0500       285.2143    
 2026   285.2115       285.5289       286.3461       287.2582       288.2999       289.0753       289.2479       288.9708       288.2268       287.2770       286.1318       285.5196    
 2027   285.4021       285.4484       286.2545       287.3177       288.3186       288.9374       289.2588       289.0741       288.3886       287.3579       286.1683       285.7953    
 2028   285.5967       285.9091       286.4953       287.5955       288.4905       289.1349       289.2756       289.1732       288.3423       287.3129       286.2051       285.6075    
 2029   285.5602       286.0465       286.4989       287.4951       288.1419       288.8525       289.2588       289.0438       288.3518       287.2396       286.2428       285.7006    
 2030   285.6509       286.0063       286.4425       287.3314       288.5037       289.0504       289.3102       289.1411       288.5269       287.3276       286.2581       285.8019    
 2031   285.6573       286.0262       286.6998       287.5460       288.5076       289.2293       289.2729       289.0479       288.2852       287.2952       286.1745       285.5902    
 2032   285.5381       285.7667       286.6194       287.6452       288.4915       289.1436       289.4890       289.2494       288.5189       287.4322       286.3979       285.7263    
 2033   285.6904       285.8721       286.3915       287.4892       288.5952       289.1583       289.3010       289.1706       288.3614       287.3280       286.2401       285.5468    
 2034   285.4078       285.8066       286.3047       287.3662       288.5118       289.0465       289.3420       289.1622       288.4901       287.4726       286.4966       285.8797    
 2035   285.4995       286.2093       286.7829       287.5735       288.6377       289.0153       289.3352       289.1772       288.4043       287.3638       286.3582       285.7330    
 2036   285.6456       285.7744       286.5528       287.5837       288.6054       289.2216       289.4841       289.2140       288.5463       287.4393       286.4789       285.8177    
 2037   285.4870       285.9501       286.5566       287.6496       288.5254       289.3789       289.4747       289.2926       288.5419       287.4004       286.3128       285.6974    
 2038   285.6703       286.0434       286.5947       287.4941       288.5555       289.0748       289.3670       289.2879       288.6056       287.4785       286.3166       285.7295    
 2039   285.6671       285.8892       286.5978       287.5505       288.5344       289.1905       289.4196       289.3441       288.6730       287.5782       286.5174       285.8091    
 2040   285.7802       286.0964       286.7586       287.6287       288.4807       289.0837       289.4726       289.4006       288.6136       287.3857       286.3500       285.7705    
 2041   285.6219       285.9110       286.7121       287.6665       288.6324       289.1823       289.4561       289.2954       288.6721       287.5566       286.4567       285.9670    
 2042   286.0734       286.1700       286.9828       287.8565       288.7664       289.4146       289.5638       289.4456       288.6743       287.6422       286.4337       286.0577    
 2043   285.7985       286.0107       286.7775       287.7818       288.7589       289.1940       289.4872       289.1740       288.5983       287.5595       286.5186       285.7722    
 2044   285.5400       285.9037       286.6588       287.4951       288.5315       289.1505       289.4790       289.3239       288.5793       287.3760       286.5836       286.0119    
 2045   285.7508       286.1673       286.8877       287.7590       288.6795       289.2811       289.4736       289.3445       288.6253       287.5113       286.5734       286.0700    
 2046   286.1668       286.3551       286.7844       287.8617       289.0448       289.5698       289.7855       289.6387       288.7996       287.7182       286.7902       286.2170    
 2047   285.9462       286.3746       286.8476       287.8327       288.6952       289.3193       289.5575       289.3667       288.7204       287.5725       286.6679       285.9783    
 2048   285.7448       286.1589       286.8586       287.8103       288.6293       289.1878       289.4176       289.3132       288.6007       287.5836       286.5037       285.8670    
 2049   285.8842       285.9974       286.8372       287.9958       288.8368       289.3168       289.5544       289.4953       288.6970       287.5886       286.4572       285.8192    
 2050   285.6971       285.8790       286.7881       287.6223       288.5908       289.4018       289.6965       289.5096       288.9428       287.7355       286.6606       286.4006    
 2051   286.2353       286.6289       287.2118       288.1162       289.0394       289.6461       289.8951       289.5490       288.5546       287.5945       286.4404       285.9188    
 2052   285.6599       285.9701       286.5535       287.6049       288.5527       289.1364       289.4435       289.4650       288.7812       287.8052       286.6273       285.8502    
 2053   285.8336       285.8846       286.7677       287.7724       288.6870       289.4266       289.5326       289.1835       288.6581       287.6701       286.4104       285.8632    
 2054   285.8783       285.8850       286.6790       287.7173       288.7130       289.3285       289.4112       289.2476       288.5472       287.4952       286.4680       285.8321    
 2055   285.8157       285.9599       286.6445       287.8163       288.7122       289.4800       289.5802       289.4212       288.7802       287.6214       286.7101       286.1956    
 2056   286.0201       286.1623       287.0771       287.8708       288.9299       289.5292       289.7210       289.5245       288.8649       287.7236       286.6475       285.9904    
 2057   286.0798       286.1708       286.9312       287.9268       288.8333       289.4758       289.7270       289.4884       288.8128       287.8269       286.8217       286.3109    
 2058   286.1147       286.2643       286.7765       287.7518       288.6506       289.4056       289.6806       289.5321       288.7399       287.7135       286.8045       286.2008    
 2059   286.0325       286.2978       287.0212       288.1567       289.0836       289.5806       289.8065       289.6089       288.7870       287.6328       286.5355       286.0637    
 2060   285.9656       286.0039       286.9343       287.8926       288.7206       289.6129       289.6832       289.6032       288.9187       287.8736       286.9239       286.2197    
 2061   285.9942       286.3789       286.9462       287.9602       289.0861       289.5829       289.7865       289.6222       289.0036       287.9731       287.0741       286.3442    
 2062   286.2294       286.3478       287.1048       288.0201       289.0617       289.5859       289.7712       289.5759       288.9547       287.7667       286.6792       286.1447    
 2063   286.0429       286.2328       286.8413       287.8821       288.7968       289.5356       289.8339       289.5693       288.9514       287.9028       286.7493       286.3132    
 2064   286.0626       286.3005       286.9978       288.1796       288.9891       289.5346       289.7552       289.5533       288.9434       287.8822       287.0066       286.2734    
 2065   286.1935       286.3474       287.0627       287.9988       288.9893       289.5903       289.8099       289.5518       288.8662       287.8901       286.8663       286.2640    
 2066   286.1536       286.3472       287.0425       288.1607       288.8939       289.5479       289.9166       289.7060       289.0216       287.9657       286.9163       286.3538    
 2067   286.2441       286.4237       287.1130       288.0984       289.1181       289.6788       289.9814       289.7820       289.0955       288.0757       287.0575       286.3039    
 2068   286.2238       286.5240       287.1927       288.0855       289.0274       289.6360       289.8686       289.7328       289.0372       288.0327       286.9920       286.3017    
 2069   286.1996       286.4833       287.0692       288.0181       289.0511       289.5547       289.8028       289.6710       288.9316       288.0541       287.0119       286.2117    
 2070   286.1678       286.4025       287.3360       288.0917       289.1185       289.6736       290.0106       289.7721       289.0334       287.9970       286.8569       286.2914    
 2071   286.3666       286.2609       287.2302       288.1935       289.1554       289.7995       289.9291       289.7583       289.1314       288.0906       286.7466       286.1687    
 2072   286.1771       286.2928       287.1743       287.9779       289.0986       289.6943       290.0568       289.8963       289.2786       288.1076       287.1507       286.5143    
 2073   286.5805       286.5862       287.1896       287.9984       289.1432       289.8344       290.1432       289.7874       289.1845       288.1520       287.0637       286.5195    
 2074   286.3107       286.5672       287.1504       288.0669       289.0582       289.7838       290.1429       290.0321       289.2368       288.2517       287.2656       286.6389    
 2075   286.6150       286.7055       287.4080       288.3556       289.2314       289.9229       290.1080       289.8384       289.0517       287.9971       286.8285       286.1432    
 2076   286.1534       286.4091       287.1743       288.1519       289.1115       289.8076       289.9765       289.8922       289.1826       288.0545       287.0904       286.4709    
 2077   286.4072       286.5352       287.4021       288.3387       289.2025       289.9451       290.2310       289.9877       289.2950       288.3479       287.2904       286.6233    
 2078   286.5586       286.6890       287.1931       288.2133       289.1023       289.8041       290.0992       289.9308       289.2288       288.2375       287.3390       286.8133    
 2079   286.8183       287.2370       287.7601       288.6163       289.5504       290.2487       290.5309       290.0423       289.2642       288.2963       287.2338       286.7977    
 2080   286.6393       286.7688       287.2962       288.3965       289.3474       289.8723       290.0193       289.9309       289.3670       288.2270       287.1439       286.6791    
 2081   286.7721       286.7717       287.3963       288.4047       289.4185       289.9924       290.2940       290.1037       289.5210       288.5786       287.3708       286.8207    
 2082   286.8810       286.9201       287.4041       288.3319       289.3664       289.9456       290.3186       289.9784       289.3189       288.2154       287.2458       286.5521    
 2083   286.7907       286.6711       287.5256       288.3279       289.3536       289.8798       290.0526       290.0232       289.3128       288.1108       287.3589       286.8526    
 2084   286.5900       286.8839       287.4454       288.3544       289.3304       289.9900       290.1198       290.1036       289.4610       288.5269       287.5041       286.7542    
 2085   286.5334       287.0179       287.4110       288.5196       289.5587       290.0625       290.2457       290.1592       289.4047       288.5394       287.4048       286.8964    
 2086   286.7905       286.8888       287.5349       288.4404       289.4584       289.9364       290.1209       290.1134       289.5241       288.5352       287.5958       286.7411    
 2087   286.8741       286.7766       287.6255       288.4676       289.4521       289.9997       290.3661       290.2215       289.5051       288.6126       287.5102       286.8962    
 2088   286.6526       286.7933       287.6082       288.3430       289.3230       289.8744       290.1494       290.0528       289.3933       288.5525       287.5670       286.8916    
 2089   286.7524       287.2233       287.6893       288.5332       289.4101       289.9262       290.2326       290.0038       289.3580       288.3894       287.3181       286.5808    
 2090   286.5358       286.8051       287.4676       288.4601       289.4690       289.8630       290.2068       289.9588       289.4325       288.5115       287.5443       286.8813    
 2091   286.9127       287.1009       287.8661       288.5968       289.6161       290.3046       290.4781       290.4211       289.6823       288.8536       287.7706       287.0613    
 2092   286.9246       287.2332       287.7565       288.6459       289.6035       290.1761       290.2404       290.1159       289.4446       288.2878       287.3846       286.7556    
 2093   286.6817       286.9855       287.5795       288.4557       289.1663       289.8701       290.1595       289.9990       289.3530       288.4168       287.3750       286.7878    
 2094   286.7303       287.0186       287.8202       288.5562       289.5753       289.9871       290.3304       290.2954       289.6300       288.5303       287.5555       287.0900    
 2095   287.1734       287.1107       287.9495       288.8963       289.7541       290.3763       290.5996       290.5568       289.8813       288.8982       287.9329       287.3965    
 2096   287.4673       287.5852       287.8596       289.0746       289.9478       290.4978       290.4538       290.1960       289.6286       288.4464       287.4025       286.7779    
 2097   286.9011       286.8412       287.4794       288.4781       289.5934       290.0450       290.3385       290.1937       289.5931       288.6432       287.6937       287.0035    
 2098   286.9523       287.1763       287.7783       288.7738       289.5881       290.1461       290.4464       290.2803       289.7006       288.5709       287.6701       287.0327    
 2099   286.7808       286.9749       287.6621       288.7407       289.7007       290.2067       290.4160       290.4087       289.7279       288.7700       287.7447       287.1249    
 2100   286.9922       287.1508       288.0204       288.9093       289.6606       290.2802       290.4285       290.4706       289.6510       288.6116       287.5587       286.9977    
