# tas [K] from HadGEM2-ES model output prepared for CMIP5 natural-only r3i1p1
# cutting out region lon=   -0.938  359.062, lat=  -90.000   90.000
 1859  -999.9000      -999.9000      -999.9000      -999.9000      -999.9000      -999.9000      -999.9000      -999.9000      -999.9000      -999.9000      -999.9000       284.7769    
 1860   284.8307       285.0370       285.7002       286.9363       287.9970       288.9655       289.2939       288.9579       288.0846       287.0437       285.8503       284.8626    
 1861   284.8946       285.1204       285.5844       286.9613       288.1245       289.0753       289.2141       289.0073       288.2380       287.2453       285.9553       285.0206    
 1862   284.8220       285.1480       286.0156       287.0189       288.1798       288.9871       289.2794       288.9630       288.2921       287.1593       286.2027       285.2128    
 1863   284.8153       285.2930       285.9711       287.1073       288.2954       289.0434       289.1958       288.9934       288.2290       287.2067       285.9186       284.9878    
 1864   284.9018       284.9931       285.6764       286.9042       288.0940       288.9521       289.0933       288.8978       288.0784       286.9061       286.0236       284.9671    
 1865   284.7498       285.0505       285.8702       286.7505       287.8560       288.7154       288.8290       288.6530       287.9195       286.8205       285.6309       284.8579    
 1866   284.8031       285.0853       285.6805       286.8197       288.0967       288.8258       288.9364       288.6507       287.8723       286.8566       285.7575       284.8552    
 1867   284.5709       284.8925       285.6477       286.7219       287.8726       288.6899       288.9245       288.7806       287.8731       287.0114       285.7790       284.9603    
 1868   284.4507       284.6167       285.4754       286.6547       287.7102       288.6085       288.8465       288.5963       287.7962       286.6860       285.6526       284.7374    
 1869   284.4912       284.8593       285.6343       286.5708       287.7957       288.7719       288.8784       288.5967       287.9395       286.8585       285.6382       284.9323    
 1870   284.7491       284.9029       285.5570       286.6212       287.7354       288.6760       288.8981       288.7308       287.9213       287.0433       285.7860       284.7793    
 1871   284.5392       284.8093       285.8030       287.0134       288.0511       288.8944       289.1939       288.8091       287.9031       286.9892       285.7914       284.9661    
 1872   284.5509       284.9464       285.8597       286.8589       288.0142       288.9191       289.0234       288.7777       288.1263       287.1370       285.8853       284.8288    
 1873   284.6826       285.0436       285.7461       286.8619       287.7883       288.6620       288.8503       288.7797       287.8645       286.9816       285.7795       284.8904    
 1874   284.6212       285.0042       285.6634       286.6866       287.8428       288.7783       288.9766       288.7899       287.9174       286.8671       285.8186       284.7303    
 1875   284.5443       285.1346       285.6774       286.8221       287.8754       288.8998       289.0425       288.7227       288.0202       286.7823       285.7382       284.6432    
 1876   284.3631       284.7094       285.5435       286.7875       287.8062       288.6728       288.8718       288.6596       287.8179       286.7194       285.6232       284.7321    
 1877   284.3663       284.7915       285.6560       286.6855       287.7259       288.6573       288.8900       288.5964       287.9399       286.9117       285.5909       284.4743    
 1878   284.3264       284.4622       285.4767       286.6306       287.8035       288.7213       288.9155       288.7025       288.0321       287.0597       285.6971       284.7323    
 1879   284.4990       284.7354       285.5883       286.5504       287.8578       288.7305       288.9860       288.5549       287.8473       286.7828       285.6846       284.8528    
 1880   284.5760       284.8411       285.5877       286.4923       287.8023       288.5303       288.7386       288.5426       287.8942       286.8070       285.5181       284.7443    
 1881   284.5695       284.9070       285.6765       286.6610       287.8630       288.7951       288.9127       288.7458       288.0722       286.9915       285.8006       285.0096    
 1882   284.6851       284.9868       285.6391       286.7785       287.8810       288.6682       288.9209       288.6943       287.9583       286.8064       285.7682       284.7057    
 1883   284.4958       284.6344       285.4372       286.5159       287.7530       288.6358       288.8635       288.6132       287.7177       286.7059       285.3855       284.5475    
 1884   284.0750       284.4662       285.2765       286.3880       287.3537       288.2345       288.4904       288.2181       287.5424       286.4466       285.3734       284.3947    
 1885   284.2392       284.5876       285.2161       286.3178       287.6410       288.5966       288.5991       288.3277       287.7581       286.8101       285.3918       284.4702    
 1886   284.2387       284.5204       285.2470       286.2386       287.5874       288.4091       288.6764       288.3810       287.7810       286.6528       285.5746       284.6863    
 1887   284.5392       284.6034       285.3279       286.4135       287.6461       288.5823       288.7231       288.5111       287.7655       286.8164       285.5362       284.4933    
 1888   284.0813       284.4166       285.4019       286.4992       287.7723       288.7222       288.7072       288.5032       287.7580       286.7828       285.6610       284.7801    
 1889   284.4793       284.7996       285.5889       286.5850       287.6870       288.4765       288.7372       288.5549       287.7819       286.7884       285.6033       284.5790    
 1890   284.4359       284.4791       285.2679       286.4306       287.6490       288.6153       288.7241       288.4592       287.6914       286.7561       285.7396       284.7661    
 1891   284.5562       284.8396       285.4905       286.6213       287.7042       288.6830       288.8586       288.5081       287.7915       286.8004       285.6178       284.6556    
 1892   284.3952       284.7673       285.5450       286.6632       287.7678       288.6197       288.9019       288.6208       287.7366       286.8215       285.7518       284.5696    
 1893   284.2345       284.7137       285.6075       286.8242       288.0523       288.7410       288.8825       288.7067       287.8461       287.0603       285.8768       285.0436    
 1894   284.6459       284.7992       285.9469       286.8504       287.9358       288.7912       289.1204       288.7465       288.1590       287.0333       285.7775       284.9698    
 1895   284.7267       285.0614       285.8719       286.8329       287.9928       288.8218       289.1234       288.8755       288.0982       286.9853       285.7540       284.7787    
 1896   284.5453       284.8165       285.6881       286.6256       287.9412       288.8360       289.0235       288.8390       287.8989       286.9041       285.8157       284.8761    
 1897   284.6014       284.8835       285.6371       286.6108       287.7800       288.6559       288.8727       288.4825       287.7004       286.6997       285.4874       284.6636    
 1898   284.3773       284.7413       285.6285       286.6367       287.6313       288.4457       288.9022       288.7478       287.9917       286.8214       285.5644       284.8013    
 1899   284.6564       284.8070       285.7816       286.8574       287.9011       288.7437       288.8840       288.8280       287.9156       286.8780       285.8651       284.9540    
 1900   284.6835       284.8920       285.4863       286.8633       287.9979       288.9191       289.0353       288.8635       288.0215       286.9197       285.7612       285.0350    
 1901   284.7470       284.9389       285.8295       286.6848       287.7242       288.6764       289.1335       288.7728       287.9505       286.9368       285.7873       284.8671    
 1902   284.3776       284.8149       285.5851       286.9142       288.0768       288.8877       288.9952       288.6709       287.9684       286.7557       285.6324       284.8501    
 1903   284.7984       284.7885       285.5837       286.6623       287.8882       288.6780       288.8319       288.6317       287.8405       286.7855       285.6359       284.8182    
 1904   284.4916       284.7867       285.4576       286.6747       287.7638       288.6325       289.0305       288.7536       288.0680       286.9979       285.7751       284.7334    
 1905   284.7141       284.9314       285.6038       286.6708       287.9225       288.9138       289.1044       288.8152       288.0146       286.9937       285.8154       284.9118    
 1906   284.7776       284.9001       285.6022       286.6242       287.7846       288.6489       288.8568       288.6037       287.8000       286.8146       285.5822       284.7413    
 1907   284.2775       284.7359       285.5678       286.5591       287.7421       288.6177       288.9749       288.6419       287.8873       286.6814       285.6639       284.6647    
 1908   284.2973       284.5592       285.4628       286.5873       287.6714       288.5366       288.7744       288.5228       287.7725       286.6621       285.4944       284.7782    
 1909   284.3521       284.7022       285.4945       286.6970       287.7190       288.6496       288.7442       288.6328       287.8028       286.6235       285.4756       284.6026    
 1910   284.4514       284.7047       285.3359       286.6414       287.7922       288.7177       288.7709       288.6332       287.8141       286.7562       285.6670       284.9009    
 1911   284.5779       284.8652       285.6220       286.7242       287.9317       288.6162       288.9992       288.6706       287.8887       286.9121       285.8459       284.8446    
 1912   284.6115       285.0224       285.7479       286.9131       287.9008       288.9817       289.0935       288.7773       287.9268       286.8354       285.4279       284.6314    
 1913   284.4863       284.6674       285.3646       286.7768       287.9167       288.7554       288.7521       288.6740       287.8498       286.7256       285.6954       284.7831    
 1914   284.3853       284.8635       285.6161       286.5794       287.7440       288.7752       288.8914       288.6776       287.8876       286.8900       285.7046       284.9022    
 1915   284.5682       284.8793       285.5005       286.6978       287.8120       288.8118       289.0595       288.6850       287.9259       286.9254       285.9001       284.8791    
 1916   284.7500       285.2722       285.9088       286.8632       288.0473       288.8830       289.1148       288.7737       288.1863       287.0020       285.8457       285.0328    
 1917   284.7811       285.0230       285.9829       287.0785       288.2202       289.0295       289.2076       288.9746       288.2313       287.0865       286.0151       285.0342    
 1918   284.8841       285.1605       285.8983       286.9340       288.0109       288.8384       289.0195       288.8273       287.9568       286.9517       285.8004       284.9060    
 1919   284.6772       285.0381       285.8654       286.9137       287.9823       288.8528       289.1240       288.9236       288.2077       287.2054       285.8062       285.1427    
 1920   284.7303       285.1646       285.8445       287.1135       288.1671       289.0332       289.1410       288.8553       288.0987       286.9630       285.6927       284.7970    
 1921   284.6660       285.0801       285.6025       286.7293       287.9028       288.7513       289.0515       288.7288       287.8702       286.9317       285.6126       284.8234    
 1922   284.3983       284.8311       285.5640       286.7114       287.8987       288.7073       288.9143       288.7057       287.9160       286.7010       285.5353       284.7656    
 1923   284.3864       284.7731       285.5952       286.6015       287.8226       288.7477       288.9466       288.5415       287.8797       286.9272       285.6358       284.8400    
 1924   284.5748       284.8077       285.7434       286.6834       287.8297       288.7956       289.0938       288.8037       287.9889       286.9174       285.6775       284.7422    
 1925   284.5487       284.8836       285.7366       286.7982       287.8997       288.6772       288.9966       288.7484       288.0738       286.9361       285.8078       284.8587    
 1926   284.6614       284.8929       285.7798       286.8760       287.9507       288.9521       289.1610       288.9435       288.1378       287.0335       285.7285       284.8728    
 1927   284.6070       284.7337       285.6814       286.7218       287.9432       288.8447       289.0844       288.8242       288.0144       286.9909       285.7803       284.8712    
 1928   284.6298       284.8938       285.7552       286.7634       288.0045       288.9798       289.1616       288.8886       288.1655       287.0110       285.9790       284.9806    
 1929   284.7665       285.0602       285.6682       286.9482       287.9917       288.8610       289.1214       288.8131       288.1074       287.0367       285.9289       285.0221    
 1930   284.9106       285.2368       285.8475       287.1242       288.2818       289.2322       289.2442       289.1105       288.3652       287.2860       286.1083       285.0731    
 1931   284.9731       285.2668       285.9068       287.0148       288.1644       288.9242       289.0923       288.8875       288.2972       287.2763       286.2437       285.3789    
 1932   284.7668       285.2392       285.9594       287.2408       288.1884       289.0244       289.3802       289.1013       288.3097       287.3651       286.0622       285.1833    
 1933   285.0595       285.3080       285.8474       286.8518       288.0310       289.1242       289.3026       288.9586       288.2766       287.1907       285.9420       285.1422    
 1934   284.8440       284.8713       285.7153       286.8050       287.8796       288.7137       288.9283       288.6977       288.0632       286.9418       285.6269       284.8067    
 1935   284.5165       285.1171       285.6815       286.7289       287.7751       288.5909       288.8267       288.6181       287.8069       286.8139       285.7131       284.7990    
 1936   284.4713       284.8888       285.6148       286.5606       287.9512       288.8450       289.1322       288.7875       288.0333       286.9304       285.7129       284.7053    
 1937   284.5021       284.7540       285.5227       286.8523       287.9579       288.9367       289.1542       288.8199       288.1302       287.0366       285.9165       284.8720    
 1938   284.4993       285.0341       286.0011       286.9055       287.9359       288.9033       289.1342       288.9949       288.1482       287.2534       285.9151       284.9013    
 1939   284.6768       285.1567       285.7803       286.8974       288.0939       288.9818       289.2612       289.0054       288.1617       287.2707       286.0706       284.9286    
 1940   284.7379       285.0325       285.8668       287.0738       288.0681       288.9967       289.1927       288.9308       288.1107       287.2463       285.9817       285.0161    
 1941   284.6906       285.0332       285.8560       286.8431       288.1783       289.1651       289.2265       288.8800       288.1757       287.1034       286.0128       285.0892    
 1942   284.8075       285.1284       285.8961       287.0021       288.0976       288.9605       289.0432       288.7894       288.1215       286.8995       285.6220       285.0200    
 1943   284.8182       284.9926       285.6888       286.7263       287.8822       288.7295       289.0250       288.8324       288.0642       287.1000       286.0284       285.0231    
 1944   284.7972       285.2342       286.0043       287.1451       288.1717       289.0126       289.1431       289.0129       288.2748       287.1628       285.8543       285.1118    
 1945   284.9484       285.2942       285.8489       286.8626       288.0288       288.7980       288.9634       288.8256       288.1100       287.0768       285.9701       284.9115    
 1946   284.6776       285.0563       285.8313       286.7983       288.0444       288.8284       289.0117       288.7304       287.9643       286.9958       285.6699       284.8160    
 1947   284.3881       284.8904       285.7049       286.6810       287.9844       288.8881       289.0528       288.6846       288.0124       286.8849       285.7468       284.8387    
 1948   284.4192       285.0140       285.7063       286.7728       287.8560       288.7196       288.9950       288.8990       288.1668       287.1245       285.8277       285.1945    
 1949   284.8045       285.1302       285.7679       286.9503       288.1866       289.0738       289.2155       289.0956       288.2674       287.1040       285.8503       284.8466    
 1950   284.5721       284.8457       285.6344       286.7842       287.9409       288.9111       289.0832       288.7922       288.1528       287.1080       285.9126       285.1142    
 1951   284.8211       285.1185       285.8784       287.1407       288.3049       289.1171       289.3282       288.9807       288.2348       287.1901       285.9183       285.0894    
 1952   284.8039       285.0566       285.7945       287.0630       288.0055       288.9513       289.1835       288.8364       287.9965       286.9922       285.8045       284.6623    
 1953   284.6174       284.8201       285.5878       286.9054       287.9409       288.8350       289.0262       288.7860       287.9514       287.0969       285.7650       284.8135    
 1954   284.5860       284.9567       285.5908       286.8488       287.8455       288.8906       289.0359       288.7195       287.9211       286.7338       285.6487       284.7158    
 1955   284.6265       285.0858       285.7546       286.8786       287.9458       288.7961       288.9769       288.7524       287.9380       286.8680       285.8091       285.1055    
 1956   284.7376       285.1309       285.6534       286.5889       287.9226       288.8880       289.0276       288.8843       288.0516       286.9184       285.7292       284.8537    
 1957   284.6614       284.9907       285.7788       286.7521       288.0018       288.7784       289.0125       288.7455       287.9145       286.7375       285.6805       284.8923    
 1958   284.7299       285.0420       285.5857       286.7924       287.9460       288.7296       289.0961       288.7901       287.9163       286.7269       285.7229       284.6500    
 1959   284.4420       284.6115       285.5388       286.5785       287.6866       288.5988       288.8819       288.6212       287.7462       286.5925       285.2817       284.4591    
 1960   284.2703       284.3480       285.1404       286.3108       287.6777       288.7014       289.0178       288.6898       287.9091       286.6604       285.4331       284.4469    
 1961   284.3997       284.7282       285.7097       286.7193       287.9273       288.7266       288.9972       288.7442       288.1056       286.9040       285.7904       284.7996    
 1962   284.6014       285.1145       285.9591       286.7452       287.8228       288.6487       289.0122       288.6691       287.9035       286.8309       285.7674       284.8246    
 1963   284.4282       284.7979       285.4375       286.6797       287.8439       288.6768       288.7608       288.6714       287.8251       286.7556       285.4219       284.6468    
 1964   284.3755       284.5993       285.2664       286.5089       287.6671       288.6305       288.8883       288.5107       287.8145       286.6009       285.3592       284.5363    
 1965   284.1820       284.5523       285.4404       286.3997       287.7669       288.5958       288.8658       288.4995       287.8039       286.6936       285.6288       284.7230    
 1966   284.3566       284.8562       285.6676       286.5471       287.6490       288.4980       288.7723       288.4584       287.8440       286.6134       285.5485       284.8648    
 1967   284.4681       284.5672       285.5020       286.4294       287.5329       288.5609       288.7403       288.4962       287.7788       286.7423       285.6586       284.6034    
 1968   284.3394       284.9333       285.5828       286.6898       287.7666       288.6136       288.6652       288.6250       287.7226       286.5602       285.3080       284.4939    
 1969   283.9757       284.5648       285.2224       286.3065       287.5364       288.5384       288.7689       288.4973       287.7796       286.6274       285.3424       284.6390    
 1970   284.2888       284.5239       285.2543       286.4908       287.6032       288.5684       288.7804       288.5323       287.7383       286.6099       285.3409       284.6497    
 1971   284.2516       284.4873       285.1868       286.3637       287.7129       288.6251       288.9097       288.7026       287.7928       286.7608       285.5108       284.6874    
 1972   284.3705       284.8871       285.5358       286.6985       287.8112       288.7670       288.9304       288.7893       287.8624       286.8380       285.5851       284.5194    
 1973   284.2154       284.5511       285.5359       286.6026       287.7950       288.7340       288.8675       288.6885       287.9071       286.8921       285.5484       284.6048    
 1974   284.2375       284.7493       285.5263       286.5771       287.7105       288.5308       288.8677       288.6028       287.7052       286.7766       285.4936       284.4513    
 1975   284.3191       284.5691       285.4728       286.6150       287.6647       288.6676       288.8639       288.5152       287.7588       286.7050       285.5021       284.6618    
 1976   284.5355       284.8029       285.5475       286.5192       287.7616       288.6846       288.8396       288.6949       287.8377       286.9038       285.5069       284.5923    
 1977   284.5595       284.6641       285.5834       286.7080       287.7914       288.6843       288.9377       288.6852       288.0382       286.9945       285.9295       285.0237    
 1978   284.7489       284.9543       285.7271       286.8335       288.0439       288.9877       289.1687       288.9514       288.1617       287.0526       285.9976       285.1754    
 1979   284.9733       285.1787       286.0587       287.0404       288.2705       289.1522       289.3811       288.9645       288.1159       287.2472       286.0466       285.2273    
 1980   284.9785       285.1573       285.8038       286.8921       288.0276       288.7809       289.1686       289.0206       288.1132       287.1007       285.9464       284.9101    
 1981   284.7796       285.0895       285.8293       286.8968       287.9449       288.8907       289.1503       288.8341       288.0702       286.9339       285.9741       285.0295    
 1982   284.7800       285.1570       285.8411       286.8946       288.1307       288.9465       289.0226       288.8677       287.9187       287.0526       285.8477       284.8350    
 1983   284.6717       284.9372       285.5867       286.7790       287.8027       288.6692       288.9171       288.6477       287.8576       286.8533       285.7582       284.6935    
 1984   284.5775       284.6964       285.3868       286.5395       287.6774       288.6331       288.8575       288.4945       287.8030       286.7237       285.4458       284.5169    
 1985   284.1223       284.6660       285.5196       286.5087       287.5390       288.5949       288.9116       288.5670       287.7703       286.7962       285.7359       284.8904    
 1986   284.6855       284.9346       285.4347       286.6119       287.6331       288.6700       288.9835       288.6158       287.8554       286.7734       285.7842       284.9420    
 1987   284.7186       285.0195       285.6187       286.6034       287.6332       288.5572       288.8000       288.5815       287.8654       286.9113       285.7827       284.9160    
 1988   284.5652       285.1491       285.8537       286.7266       287.7911       288.7449       288.9728       288.7496       288.2405       287.0696       285.8727       285.1015    
 1989   284.7371       285.1364       285.9607       287.0169       288.0915       288.9267       289.1611       289.1696       288.1759       287.1595       285.9613       285.0521    
 1990   284.9558       285.0683       285.8936       286.8427       287.9084       288.8621       289.0181       288.7468       288.0971       287.1565       285.8595       284.9676    
 1991   284.6117       284.9534       285.6027       286.6479       287.8415       288.7648       289.0581       288.7721       288.0886       287.0324       285.6260       284.9245    
 1992   284.7979       284.9389       285.5380       286.4890       287.6209       288.5410       288.7752       288.3617       287.6880       286.6719       285.5632       284.5343    
 1993   284.4537       284.6732       285.4187       286.4191       287.4250       288.6104       288.7872       288.5602       287.7571       286.5423       285.3182       284.2444    
 1994   284.3086       284.8329       285.4984       286.3864       287.7009       288.4617       288.8161       288.4412       287.6856       286.6138       285.3782       284.5030    
 1995   284.2873       284.6897       285.3565       286.2993       287.5558       288.4304       288.6099       288.3263       287.5779       286.4664       285.2982       284.5315    
 1996   284.3180       284.3364       285.2393       286.3139       287.5219       288.4248       288.7070       288.3388       287.6156       286.5901       285.3485       284.5218    
 1997   284.2335       284.7163       285.4823       286.6372       287.6932       288.4968       288.7924       288.4778       287.7784       286.7294       285.6154       284.6300    
 1998   284.4943       284.7019       285.4826       286.6060       287.8837       288.6930       288.9264       288.7866       288.0467       286.8813       285.7027       284.7643    
 1999   284.6910       284.8378       285.5816       286.7431       287.8367       288.7740       289.0326       288.7304       288.0475       286.8146       285.7351       284.9999    
 2000   284.6367       285.0407       285.8078       286.8746       288.0663       288.9080       288.9712       288.6298       287.9634       286.8689       285.6934       284.9157    
 2001   284.4969       285.0248       285.6289       286.6454       287.8355       288.8777       289.0053       288.7041       288.0274       287.1326       285.9903       284.6324    
 2002   284.6687       285.0923       285.8038       286.8011       287.9755       288.8574       289.0702       288.8379       288.0677       286.8863       285.8848       284.9236    
 2003   284.7630       285.0241       285.8611       286.8977       288.0146       288.7220       289.1126       288.8290       287.9021       286.8458       285.7943       284.9331    
 2004   284.5245       284.8759       285.4927       286.7181       287.7917       288.6775       288.9193       288.7277       287.7638       286.8017       285.5050       284.6657    
 2005   284.4738       284.7218       285.2597       286.5376       287.7331       288.6854       288.8653       288.5921       287.8830       286.9258       285.7337       284.8116    
 2006   284.4553       284.8862       285.5886       286.7859       287.8262       288.8523       289.1020       288.8475       288.1493       287.1159       285.9540       285.0260    
 2007   284.5890       285.1252       286.0186       286.8349       288.0290       288.8608       289.0196       288.8427       288.1123       287.2179       285.9395       285.0604    
 2008   284.8116       285.0202       285.7777       287.0282       288.1035       288.8199       289.2334       288.8954       288.0704       287.1511       285.8777       284.8690    
 2009   284.6500       284.9704       285.6060       286.7162       287.9878       288.8118       289.1396       288.8696       288.0759       287.1245       285.9732       284.9377    
 2010   284.7397       284.9303       285.8777       287.0625       288.0269       288.8967       289.0254       288.7854       288.0258       286.9729       285.8847       284.7591    
 2011   284.7534       285.0146       285.7421       286.8687       288.0016       288.7138       288.9551       288.7119       288.0414       287.0609       285.8856       284.8300    
 2012   284.6512       284.8904       285.6767       286.6989       287.7756       288.5298       288.7692       288.5938       287.7030       286.7391       285.4891       284.5766    
 2013   284.4533       284.7744       285.4133       286.7087       287.7780       288.6172       288.9247       288.5663       287.9240       286.8182       285.5799       284.7317    
 2014   284.4235       284.8028       285.6827       286.6205       287.7143       288.7009       288.8544       288.7321       287.7516       286.7033       285.5967       284.6555    
 2015   284.4157       284.8333       285.4225       286.5917       287.6490       288.5938       288.7725       288.5791       287.6925       286.8297       285.6411       284.6042    
 2016   284.5763       284.7575       285.6706       286.5446       287.8087       288.8416       289.0067       288.8820       288.0448       286.8551       285.7476       284.9133    
 2017   284.5399       284.8833       285.5721       286.5926       287.9830       288.8674       289.0054       288.7317       287.8880       286.8874       285.8027       284.8349    
 2018   284.7349       285.2635       285.6756       286.9067       287.9306       288.8137       289.0115       288.8443       287.9882       286.9757       285.8233       284.7235    
 2019   284.7509       284.9744       285.5648       286.7259       287.8930       288.7955       289.0284       288.6207       287.9823       287.0282       285.6652      -999.9000    
