# <a href=http://cmip-pcmdi.llnl.gov/cmip5/>CMIP5</a> global mean temperature computed at <a href=http://www.knmi.nl/selectfield_cmip5.cgi?someone@somewhere>KNMI Climate Explorer</a> tas_Amon_CESM1-CAM5_rcp60_r2i1p1
# tas [K] from CESM1-CAM5 model output prepared for CMIP5 RCP6 r2i1p1
# cutting out region lon=   -0.625  359.375, lat=  -90.000   90.000
 1850   284.5161       284.9299       285.6903       286.5339       287.4268       288.0750       288.4795       288.2673       287.5272       286.4481       285.5406       284.6188    
 1851   284.3190       284.8028       285.7678       286.4296       287.3262       288.1152       288.3428       288.1335       287.5403       286.4183       285.2341       284.2899    
 1852   284.2684       284.5679       285.5251       286.4253       287.2386       288.0439       288.3528       288.1682       287.4803       286.3238       285.3513       284.5641    
 1853   284.2725       284.8732       285.5296       286.4348       287.5284       288.0706       288.3715       288.1931       287.4244       286.4458       285.2555       284.5910    
 1854   284.5893       284.9685       285.4366       286.3477       287.3614       288.0383       288.3089       287.9279       287.2865       286.2525       285.2223       284.5234    
 1855   284.1993       284.4632       285.1535       286.3144       287.2808       288.0332       288.3651       288.1682       287.4075       286.2048       285.1333       284.4780    
 1856   284.3939       284.7520       285.3161       286.2741       287.1221       287.9021       288.3678       288.0528       287.4481       286.2594       285.2918       284.3525    
 1857   284.2852       284.7727       285.4215       286.2941       287.1656       287.8899       288.1850       287.9858       287.2918       286.2923       285.1237       284.3688    
 1858   284.3093       284.5497       285.3922       286.3384       287.2850       287.9599       288.3271       288.0698       287.3816       286.3517       285.0829       284.4022    
 1859   284.3150       284.6661       285.4707       286.3112       287.3675       288.2109       288.4463       288.1504       287.3718       286.1105       284.9740       284.4958    
 1860   284.2551       284.2799       285.1739       286.3766       287.1556       287.7061       288.2571       287.9808       287.3316       286.1546       285.0184       284.2727    
 1861   284.2278       284.5516       285.1765       286.0858       287.0952       287.7279       288.2050       287.9031       287.1648       286.0218       284.9559       284.1714    
 1862   284.2095       284.6003       285.2104       286.3101       287.2235       288.0097       288.4905       288.2592       287.5910       286.3484       285.2965       284.3332    
 1863   284.3675       285.0593       285.7507       286.5922       287.6039       288.3363       288.6001       288.4176       287.5619       286.3812       285.3682       284.5975    
 1864   284.3089       284.6017       285.4722       286.4812       287.3657       287.9236       288.3810       288.1142       287.3174       286.1796       285.1428       284.1969    
 1865   284.2276       284.5621       285.1300       286.2066       287.3740       288.1590       288.4286       288.1064       287.4340       286.2910       285.3517       284.6169    
 1866   284.6098       285.1920       285.7281       286.5450       287.5212       288.3698       288.5434       288.3511       287.4879       286.4806       285.3599       284.3736    
 1867   284.2772       284.7618       285.4448       286.5297       287.2682       288.1201       288.2855       288.0779       287.3702       286.4129       285.1846       284.4789    
 1868   284.4664       284.6279       285.5932       286.4296       287.1755       287.8801       288.3776       288.1511       287.3218       286.3862       285.1782       284.3980    
 1869   284.3442       284.6471       285.3611       286.2845       287.3959       288.0617       288.3502       288.2222       287.5592       286.3596       285.3576       284.7287    
 1870   284.4405       284.7816       285.7183       286.4444       287.3378       288.0974       288.3617       288.1203       287.3016       286.1559       285.0928       284.4509    
 1871   284.1248       284.4985       285.3000       286.3744       287.2285       287.8272       288.2816       288.0475       287.3083       286.1570       284.9398       284.1790    
 1872   283.9345       284.6184       285.2202       286.3344       287.4296       288.0232       288.2980       288.0450       287.3316       286.2245       285.2318       284.4174    
 1873   284.2574       284.5719       285.5010       286.3264       287.3133       288.0088       288.3050       288.0352       287.1511       286.1545       285.0750       284.3932    
 1874   284.3185       284.5369       285.5762       286.4039       287.4206       288.1731       288.3560       288.0621       287.4467       286.1313       285.1343       284.4999    
 1875   284.3123       284.5886       285.4013       286.5780       287.3179       288.0458       288.3348       288.1624       287.4783       286.3956       285.2062       284.4868    
 1876   284.2885       284.5264       285.4869       286.3060       287.2199       287.9729       288.2640       288.0566       287.3040       286.0763       284.9587       284.3231    
 1877   284.1957       284.5576       285.4614       286.5224       287.4102       288.1685       288.4890       288.1185       287.4748       286.2284       285.3875       284.5378    
 1878   284.4892       284.8545       285.5383       286.6841       287.4015       287.9422       288.3623       288.2526       287.4984       286.4454       285.3254       284.7605    
 1879   284.6145       284.7636       285.4210       286.6401       287.5077       288.2311       288.3999       288.2234       287.3318       286.1792       285.1646       284.6385    
 1880   284.2787       284.7121       285.5197       286.3431       287.2085       288.0172       288.3526       288.2435       287.5496       286.2944       285.3436       284.6126    
 1881   284.3286       284.5310       285.8395       286.3703       287.3064       287.9282       288.4521       288.1917       287.3701       286.2949       285.3739       284.5491    
 1882   284.3623       284.7865       285.5540       286.3255       287.4385       288.0893       288.4559       288.2843       287.5004       286.3268       285.4507       284.6508    
 1883   284.5677       284.9260       285.6375       286.6140       287.4680       288.2512       288.5698       288.3102       287.4466       286.1546       285.0959       284.2586    
 1884   284.2881       284.6124       285.2825       286.2930       287.1049       287.7486       287.9773       287.7596       287.0390       285.9436       284.8480       284.3710    
 1885   284.1450       284.4593       285.1078       286.1609       287.0379       287.7900       288.1891       287.9214       287.1421       285.7667       284.9296       284.1703    
 1886   284.1848       284.7903       285.4689       286.2392       287.0811       287.7797       288.2683       288.0081       287.0913       286.0295       285.0115       284.2274    
 1887   284.1074       284.4300       285.2545       286.2157       287.0367       287.8183       288.1838       287.8809       287.1912       286.1764       284.9138       284.3052    
 1888   284.0546       284.6472       285.4409       286.4011       287.2447       288.0255       288.2877       288.0565       287.3274       286.2177       285.0949       284.3771    
 1889   284.2671       284.7342       285.4578       286.2755       287.3053       288.1038       288.3539       288.0714       287.2907       286.2970       285.2534       284.5089    
 1890   284.3180       284.5928       285.4010       286.2673       287.1730       287.9715       288.3386       288.1205       287.2560       286.1744       285.0233       284.1066    
 1891   284.0340       284.3943       285.1071       286.2115       287.2616       287.8916       288.2318       287.8552       287.0344       286.0313       284.8885       284.2633    
 1892   284.1261       284.4764       285.4102       286.0342       287.0452       287.8632       288.0971       287.9839       287.1857       285.9400       284.8679       283.9695    
 1893   283.8361       284.4102       285.0555       286.0550       286.9524       287.6653       287.9998       287.7659       287.0720       285.9864       284.9890       284.1285    
 1894   283.9199       284.2781       285.2417       286.3420       286.9984       287.8126       288.2283       287.8768       287.2571       285.9596       285.1059       284.1342    
 1895   284.0849       284.1995       285.0870       286.0322       287.1070       287.8030       288.1931       288.0569       287.1982       286.1221       285.0476       284.3684    
 1896   284.4355       284.6524       285.5353       286.3608       287.2220       287.8972       288.2626       288.0477       287.1814       286.1575       285.0756       284.4430    
 1897   284.1916       284.5984       285.2022       286.1258       287.1114       287.8774       288.1845       287.9757       287.0702       286.1140       285.0273       284.1871    
 1898   284.2016       284.5023       285.1441       286.2993       287.1689       287.9641       288.1908       287.9341       287.2328       286.0326       284.9154       284.2704    
 1899   284.2351       284.5127       285.2777       286.3848       287.2810       287.9692       288.3138       288.0132       287.2530       286.3177       285.3575       284.5091    
 1900   284.2516       284.6729       285.3447       286.2806       287.3412       287.9128       288.2764       288.0955       287.3448       286.1525       285.2156       284.5146    
 1901   284.5114       284.6538       285.4915       286.4691       287.3059       287.9908       288.4468       288.0341       287.1910       286.1995       285.0316       284.4098    
 1902   284.3458       284.4653       285.2652       286.3117       287.1634       287.9127       288.2485       288.0276       287.2484       286.2017       284.9346       284.1591    
 1903   283.9964       284.2727       284.9397       285.7721       286.9360       287.5114       287.8972       287.5206       286.7339       285.7278       284.7628       284.0163    
 1904   283.9296       284.1325       285.0268       285.7339       286.8643       287.7845       288.1225       287.8094       287.0504       286.0137       285.1701       284.7022    
 1905   284.0251       284.5229       285.3302       286.3224       287.2121       288.0110       288.2651       288.0248       287.0852       286.0412       285.0514       284.2654    
 1906   283.9232       284.2682       285.1566       286.1701       287.1290       287.6938       287.9776       287.8287       287.0082       285.8760       284.7198       283.9984    
 1907   283.8326       284.2697       285.0439       285.8886       286.9176       287.6040       287.9414       287.7650       286.9483       285.8511       284.7719       284.2498    
 1908   283.9793       284.3381       285.0320       286.0175       287.0368       287.8020       288.0643       287.9706       287.1002       286.0647       285.0083       284.0602    
 1909   284.1432       284.5593       285.3018       286.1544       287.0397       287.9694       288.1644       287.8816       287.0013       285.8637       284.9123       284.0928    
 1910   283.9339       284.2409       285.0033       286.0478       286.9171       287.7500       288.0939       287.8185       287.1371       285.9074       284.8384       284.0718    
 1911   284.0360       284.3876       285.2560       286.2302       287.1469       287.9624       288.2851       287.8838       287.0923       285.9837       284.8650       284.1927    
 1912   284.0609       284.6089       285.3151       286.1854       287.1402       287.8973       288.2073       287.8428       287.0825       286.0677       285.0547       284.0455    
 1913   284.0771       284.2607       284.9875       286.1501       286.9539       287.7395       288.1540       287.8565       286.9973       285.9350       284.8417       284.2278    
 1914   284.2751       284.5275       285.0344       286.1077       287.1882       287.9807       288.2495       287.9575       287.1842       285.9311       284.8206       284.1279    
 1915   284.1476       284.6246       285.3488       286.0509       287.0975       287.8799       288.2723       287.9823       287.2784       286.2193       285.0887       284.2475    
 1916   284.0703       284.5692       285.2721       286.3014       287.1492       287.9021       288.2672       288.1047       287.3033       286.2299       285.0697       284.3166    
 1917   284.2821       284.8241       285.6288       286.3946       287.2595       288.2360       288.5349       288.1598       287.4834       286.3285       285.1992       284.6775    
 1918   284.4227       284.7023       285.4267       286.3814       287.3589       287.9462       288.3333       287.9987       287.3528       286.1859       285.0792       284.3638    
 1919   284.2374       284.5840       285.3880       286.1512       287.1391       287.8579       288.2146       287.9255       287.1703       286.1887       284.9467       284.4025    
 1920   284.3918       284.9666       285.5710       286.4046       287.1813       287.9824       288.2534       288.0626       287.1736       286.1147       285.0151       284.2335    
 1921   284.2516       284.6793       285.2986       286.3972       287.4164       288.0253       288.3467       288.1071       287.3298       286.2058       285.1508       284.4278    
 1922   284.1553       284.5885       285.4435       286.4541       287.1656       287.9088       288.2947       288.1333       287.2647       286.2487       285.1697       284.3388    
 1923   284.1093       284.7213       285.3990       286.4297       287.3640       288.1386       288.3439       288.1682       287.4388       286.2077       285.0814       284.5028    
 1924   284.2832       284.5348       285.3017       286.2169       287.2402       288.0928       288.3890       288.1871       287.3416       286.4655       285.4764       284.3409    
 1925   284.4937       284.8543       285.7450       286.6429       287.4884       288.1842       288.5807       288.2418       287.5002       286.4306       285.2335       284.6390    
 1926   284.5082       284.7190       285.5986       286.5851       287.6288       288.2183       288.4967       288.2765       287.5045       286.4490       285.5359       284.6354    
 1927   284.5524       284.8462       285.6225       286.4871       287.4815       288.1652       288.5533       288.3097       287.4985       286.5368       285.3673       284.6189    
 1928   284.5794       285.0038       285.7712       286.6313       287.4936       288.2528       288.6552       288.3919       287.5351       286.3131       285.2853       284.4123    
 1929   284.4408       285.0391       285.5633       286.3402       287.3929       288.0459       288.4214       288.2329       287.4365       286.3059       285.3108       284.4747    
 1930   284.2123       284.6875       285.3834       286.3426       287.3594       288.1611       288.4414       288.1915       287.4458       286.3588       285.1329       284.2510    
 1931   284.1308       284.8908       285.4219       286.3095       287.3977       288.1537       288.4973       288.2988       287.4074       286.3372       285.1939       284.4045    
 1932   284.1826       284.6869       285.3520       286.2322       287.3636       288.1000       288.4020       288.1730       287.3525       286.2895       285.0336       284.3065    
 1933   284.3387       284.6301       285.2486       286.2129       287.2408       288.0345       288.3091       288.0860       287.2046       286.2448       285.2595       284.5456    
 1934   284.4940       284.7685       285.4127       286.2327       287.2172       287.9997       288.3804       288.1906       287.3961       286.1302       285.2569       284.6293    
 1935   284.5655       284.7220       285.6040       286.4572       287.3381       288.2053       288.5352       288.1924       287.5374       286.3470       285.2081       284.5228    
 1936   284.2321       284.6847       285.2538       286.3345       287.3448       288.0556       288.2846       288.2122       287.5225       286.2641       285.3195       284.3951    
 1937   284.1565       284.5237       285.3819       286.4843       287.2828       288.0011       288.4875       288.1673       287.3498       286.2616       285.1458       284.4768    
 1938   284.0732       284.6336       285.5658       286.2602       287.1523       287.9909       288.4696       288.2285       287.4400       286.3810       285.5184       284.5153    
 1939   284.2661       284.7362       285.4631       286.4407       287.1877       287.9935       288.4616       288.2509       287.3808       286.3846       285.1304       284.4970    
 1940   284.3487       284.6769       285.2837       286.2305       287.1404       288.0301       288.4549       288.1888       287.4118       286.3853       285.1185       284.6122    
 1941   284.5011       284.7892       285.6749       286.5118       287.4681       288.0583       288.5861       288.1737       287.4397       286.3498       285.1731       284.5538    
 1942   284.1514       284.6697       285.3653       286.3405       287.3300       288.1655       288.4935       288.3014       287.5345       286.3457       285.2891       284.4484    
 1943   284.5129       284.8452       285.5192       286.4211       287.2630       288.0306       288.4264       288.1951       287.3944       286.3042       285.1845       284.6120    
 1944   284.4074       284.6282       285.5436       286.4092       287.2905       288.1058       288.5589       288.3101       287.5761       286.5748       285.5800       284.8719    
 1945   284.6437       284.8760       285.6758       286.7639       287.5822       288.3274       288.5415       288.3760       287.6168       286.3613       285.1988       284.4093    
 1946   284.3840       284.5999       285.5152       286.3734       287.4529       288.0676       288.3948       288.1376       287.4772       286.3888       285.0598       284.3858    
 1947   284.3371       284.6891       285.2989       286.2472       287.2448       287.9443       288.5880       288.1720       287.4131       286.5031       285.3986       284.6653    
 1948   284.5732       285.0645       285.5376       286.6639       287.6267       288.3606       288.6332       288.4626       287.7384       286.6866       285.4171       284.5972    
 1949   284.5629       284.9073       285.5262       286.6795       287.4895       288.1625       288.5426       288.3102       287.5954       286.3742       285.4098       284.4487    
 1950   284.6057       284.8935       285.5799       286.5055       287.2134       287.9771       288.3944       288.1906       287.4672       286.2650       285.1008       284.4392    
 1951   284.1263       284.6556       285.3689       286.4029       287.3344       288.0168       288.3873       288.2894       287.4454       286.3526       285.3025       284.2318    
 1952   284.2124       284.8408       285.5950       286.4221       287.4422       288.1918       288.5517       288.1426       287.4063       286.2857       285.4640       284.5479    
 1953   284.4110       284.7565       285.6184       286.4312       287.3177       288.1311       288.3993       288.0667       287.4248       286.3271       285.3868       284.3024    
 1954   284.1157       284.6536       285.4632       286.3625       287.2641       287.8587       288.3298       288.2508       287.4128       286.2570       285.1240       284.1675    
 1955   284.2371       284.5724       285.2404       286.3205       287.1344       287.9275       288.3728       288.1636       287.4682       286.3048       285.2261       284.3507    
 1956   283.9101       284.5671       285.2752       286.2273       287.1868       287.9355       288.4094       288.0464       287.2417       286.2462       284.9969       284.4875    
 1957   284.2635       284.6929       285.3722       286.4295       287.3911       288.2545       288.4761       288.3065       287.4908       286.4586       285.4275       284.7167    
 1958   284.3509       284.8806       285.5342       286.4758       287.4230       288.2379       288.6735       288.2625       287.4413       286.3495       285.3123       284.5555    
 1959   284.6475       284.8891       285.6608       286.6726       287.4565       288.1762       288.4767       288.2616       287.5026       286.3770       285.2676       284.6075    
 1960   284.4177       284.5647       285.3695       286.3886       287.4611       288.2522       288.5298       288.3141       287.5179       286.4666       285.1844       284.3795    
 1961   284.2026       284.4980       285.4362       286.2673       287.1928       287.9662       288.4065       288.1871       287.4431       286.3179       285.3090       284.7375    
 1962   284.7122       285.0328       285.6886       286.5442       287.3412       288.2107       288.5738       288.2311       287.5534       286.6058       285.4999       284.8034    
 1963   284.3839       284.9594       285.5155       286.6191       287.4261       287.9970       288.2661       287.9776       287.2976       286.2975       285.2842       284.4558    
 1964   284.1572       284.5675       285.2292       286.3092       287.1669       287.9657       288.2778       288.0608       287.1789       286.1004       285.1212       284.5570    
 1965   284.2570       284.8170       285.2746       286.2974       287.1926       287.8949       288.2991       288.0245       287.2711       286.2304       285.1518       284.3651    
 1966   284.1363       284.5701       285.4106       286.2639       287.2114       287.9308       288.2552       288.0606       287.4133       286.1081       284.9637       284.5161    
 1967   284.3693       284.5121       285.2083       286.3410       287.1942       287.8748       288.2372       288.2443       287.3469       286.3111       285.2217       284.4417    
 1968   284.3480       284.8849       285.5014       286.3541       287.2434       288.0395       288.3703       288.3016       287.5329       286.3429       285.2528       284.5548    
 1969   284.3841       284.9126       285.6164       286.5815       287.4893       288.0970       288.4985       288.2709       287.4239       286.5172       285.3521       284.4710    
 1970   284.5790       284.9253       285.6357       286.4153       287.4751       288.2097       288.4759       288.1858       287.4163       286.4659       285.3698       284.3746    
 1971   284.2428       284.8306       285.4451       286.4181       287.2351       287.8251       288.2716       288.0732       287.3120       286.4202       285.1326       284.2959    
 1972   284.3024       284.6813       285.5357       286.4669       287.2795       287.9396       288.3542       288.2111       287.2390       286.2603       285.2547       284.3689    
 1973   284.5912       284.9501       285.5620       286.5244       287.5842       288.0792       288.3958       288.1285       287.4759       286.3971       285.3772       284.6049    
 1974   284.5050       284.7298       285.4713       286.5031       287.3830       288.0846       288.4941       288.3042       287.3982       286.3494       285.2427       284.4743    
 1975   284.6639       284.7616       285.5696       286.5178       287.3737       288.1028       288.2680       288.1993       287.3748       286.3283       285.2760       284.4679    
 1976   284.3274       284.6407       285.5847       286.3115       287.2696       288.0218       288.5031       288.1958       287.5441       286.4637       285.3881       284.7159    
 1977   284.4581       284.7359       285.6370       286.5266       287.3910       288.3206       288.5175       288.1779       287.5405       286.2677       285.4130       284.7891    
 1978   284.6058       284.9028       285.7186       286.8107       287.6274       288.2309       288.5598       288.3021       287.4636       286.4928       285.3495       284.6841    
 1979   284.3501       284.8644       285.7889       286.5997       287.5871       288.2658       288.5875       288.3782       287.6000       286.6078       285.5339       284.7813    
 1980   284.4709       284.9066       285.8045       286.5684       287.4666       288.2405       288.6925       288.4455       287.6608       286.4702       285.4416       284.6768    
 1981   284.5032       285.0029       285.7822       286.5996       287.5268       288.2276       288.6578       288.4473       287.5585       286.6559       285.4858       284.6967    
 1982   284.5201       284.9552       285.5760       286.6025       287.6174       288.2393       288.6028       288.3052       287.5693       286.5101       285.2376       284.6287    
 1983   284.6769       285.0258       285.2730       286.3848       287.2399       287.9286       288.3315       288.1346       287.4541       286.3328       285.1286       284.3628    
 1984   284.5237       284.5168       285.4486       286.5706       287.3962       288.0814       288.5094       288.3205       287.5172       286.4534       285.5461       284.4793    
 1985   284.7938       285.1065       285.7088       286.6346       287.4935       288.1608       288.3602       288.2987       287.5991       286.5166       285.3400       284.8253    
 1986   284.6208       285.0403       285.7159       286.7184       287.5134       288.3117       288.6434       288.3840       287.5421       286.5165       285.3965       284.4962    
 1987   284.4167       284.9420       285.5993       286.5381       287.5788       288.3168       288.6102       288.3484       287.6667       286.6075       285.5038       284.7057    
 1988   284.6174       284.6730       285.4374       286.5911       287.5277       288.2494       288.7050       288.5762       287.7404       286.5317       285.5029       284.8549    
 1989   284.8711       284.9196       285.8969       286.8593       287.8110       288.4539       288.8059       288.6290       287.9088       286.8895       285.6895       284.7925    
 1990   284.9233       285.1862       285.8723       286.7168       287.6705       288.3091       288.8535       288.5811       287.8366       286.7056       285.5316       284.7837    
 1991   284.6461       284.8856       285.6232       286.6446       287.7499       288.4193       288.6602       288.4764       287.7000       286.5347       285.2766       284.6629    
 1992   284.3387       285.0546       285.5340       286.4986       287.3250       288.0099       288.3479       288.2825       287.6249       286.5096       285.5211       284.7422    
 1993   284.5024       284.9037       285.7771       286.7879       287.6443       288.2361       288.5758       288.2793       287.5594       286.5271       285.6185       284.6532    
 1994   284.5933       285.0670       285.7193       286.7675       287.5391       288.3789       288.7694       288.5810       287.7271       286.8328       285.6381       284.7629    
 1995   284.7969       285.3850       286.0831       287.0923       287.7697       288.5908       288.8477       288.5976       287.8676       286.9087       285.7977       284.9489    
 1996   285.1059       285.2246       285.9462       286.8991       287.7964       288.5949       288.8204       288.5080       287.8261       286.6859       285.5952       284.9472    
 1997   284.4751       285.0653       285.9329       286.6131       287.6805       288.5795       288.8034       288.5912       287.8393       286.8380       285.6709       284.8920    
 1998   284.9059       285.2131       285.9240       286.9147       287.7773       288.5281       288.7259       288.6426       287.8313       286.6831       285.6492       284.6097    
 1999   284.8156       285.1664       285.7396       286.8778       287.7371       288.4466       288.7817       288.4704       287.8985       286.8335       285.6846       285.0285    
 2000   284.8625       285.3819       286.1090       286.9580       287.8509       288.5978       288.9798       288.6516       287.9283       286.7337       285.5974       284.7412    
 2001   284.5105       285.2991       285.7059       286.8665       287.7453       288.5456       288.9001       288.5795       287.8030       286.7046       285.7068       285.0393    
 2002   284.8424       285.1344       286.0016       287.0431       287.8498       288.6158       289.0903       288.7251       288.1033       287.0193       286.0231       285.1729    
 2003   285.1859       285.4026       286.2270       287.2140       288.1080       288.8896       289.2234       288.8721       288.1277       287.1317       285.9785       285.3084    
 2004   285.0970       285.3190       286.3424       287.0566       287.9045       288.6347       288.9879       288.8147       288.0726       287.0816       286.0442       285.1563    
 2005   284.9500       285.2564       286.0483       287.1317       287.9314       288.7733       289.0320       288.7521       287.9724       286.8532       285.8181       284.8336    
 2006   284.7991       285.2333       286.1397       287.0177       287.9051       288.7316       289.0137       288.8745       288.1820       287.2623       286.1805       285.4182    
 2007   285.1442       285.4047       286.2641       287.2212       287.9295       288.8638       289.2062       288.7965       288.1821       287.1348       285.9969       285.2488    
 2008   285.0262       285.4797       286.3301       287.2624       287.9684       288.7271       289.0989       288.7367       288.1771       287.1330       286.2650       285.3208    
 2009   285.1560       285.5949       286.3854       287.2478       288.1080       288.8091       289.2359       288.8181       288.0490       287.0875       286.0734       285.3585    
 2010   285.2430       285.3773       286.2035       287.2078       288.2059       288.8603       289.0023       288.8242       288.1641       287.1862       286.0409       285.1345    
 2011   285.0642       285.4067       286.1565       287.1135       288.0656       288.8119       289.1615       288.9120       288.2617       287.1422       286.2066       285.2901    
 2012   285.0461       285.4777       286.2997       287.0934       288.1404       288.9179       289.1972       288.9947       288.2036       287.2704       286.0845       285.2275    
 2013   285.1916       285.3680       286.2374       287.3309       288.1553       288.8283       289.2933       289.1031       288.3643       287.3937       286.1976       285.5853    
 2014   285.2650       285.8222       286.4643       287.4149       288.1577       289.0108       289.3927       289.0836       288.3395       287.3950       286.4022       285.4754    
 2015   285.5923       285.8693       286.6970       287.5372       288.3566       289.1441       289.3900       289.0534       288.3173       287.2046       285.9942       285.4329    
 2016   285.0451       285.6533       286.1823       287.1822       288.1812       288.9251       289.1880       288.9578       288.2305       287.1454       286.0750       285.4495    
 2017   285.0000       285.6067       286.2644       287.3049       288.1868       288.8068       289.3049       289.1268       288.4152       287.3220       286.3313       285.2992    
 2018   285.1789       285.8070       286.1726       287.1903       288.1257       288.8627       289.2754       289.0522       288.3581       287.4210       286.2850       285.3663    
 2019   285.3824       285.7941       286.4486       287.2760       288.2758       289.0485       289.3876       289.2507       288.4618       287.5171       286.4280       285.4783    
 2020   285.7031       286.0701       286.7418       287.6892       288.5891       289.2890       289.6170       289.3199       288.7003       287.7997       286.6293       285.4712    
 2021   285.2940       285.8070       286.5329       287.4414       288.4504       289.1743       289.4861       289.1368       288.3313       287.3453       286.2226       285.2691    
 2022   285.2471       285.5920       286.4717       287.3013       288.2797       288.8912       289.4826       289.1285       288.4669       287.4358       286.3158       285.4254    
 2023   285.2005       285.8550       286.7095       287.5206       288.3982       289.1465       289.4444       289.2404       288.5172       287.4841       286.3670       285.3850    
 2024   285.2168       285.7164       286.6987       287.4958       288.4792       289.2019       289.5612       289.3051       288.4446       287.4580       286.4229       285.4836    
 2025   285.4594       285.8178       286.5601       287.4716       288.3206       289.1847       289.5272       289.2290       288.4644       287.3230       286.3561       285.6224    
 2026   285.6771       285.7839       286.4160       287.5224       288.5039       289.2499       289.5930       289.2820       288.5943       287.4977       286.4278       285.6252    
 2027   285.3867       285.8153       286.4642       287.5932       288.4241       289.2029       289.5992       289.3677       288.4783       287.4786       286.4811       285.4794    
 2028   285.5903       286.0362       286.6413       287.6577       288.6742       289.2108       289.6104       289.2826       288.5551       287.4919       286.3875       285.3560    
 2029   285.4182       285.7172       286.4057       287.3344       288.3585       289.0753       289.4245       289.2532       288.4701       287.4937       286.5103       285.7918    
 2030   285.4376       285.7214       286.3646       287.3578       288.3761       289.0521       289.4281       289.2787       288.5944       287.6924       286.3456       285.5809    
 2031   285.3922       285.9960       286.6910       287.5460       288.5468       289.2826       289.6216       289.3303       288.7451       287.6333       286.6751       285.7471    
 2032   285.6221       285.8901       286.6432       287.6740       288.7564       289.3857       289.7170       289.3414       288.6033       287.4872       286.4351       285.5556    
 2033   285.3392       285.8627       286.5344       287.5141       288.4738       289.1053       289.4216       289.3206       288.6224       287.6707       286.4990       285.6336    
 2034   285.4114       285.9257       286.7919       287.4771       288.5198       289.2121       289.5218       289.2794       288.7164       287.6064       286.4882       285.7765    
 2035   285.7555       285.8917       286.7681       287.5281       288.4934       289.3373       289.6834       289.5326       288.7837       287.7482       286.7081       286.0585    
 2036   285.8950       286.3352       287.1068       288.0896       288.9170       289.6489       289.9103       289.5825       289.0142       287.9889       286.8474       286.0919    
 2037   286.1500       286.3135       287.1054       287.9524       288.7330       289.4514       289.8066       289.4854       288.7976       287.8863       286.7600       285.9835    
 2038   285.6479       285.8561       286.7188       287.7986       288.7510       289.4899       289.7986       289.7023       288.7896       287.9544       286.8790       286.1769    
 2039   286.1157       286.2179       287.0930       287.8970       288.8857       289.5834       289.9443       289.7083       289.0260       287.9952       287.1748       286.3482    
 2040   286.3450       286.4360       287.2576       288.1303       288.9521       289.6715       290.0812       289.6978       289.0858       288.0801       287.1064       286.2754    
 2041   286.2313       286.4731       287.0273       288.0966       288.8509       289.4793       289.9015       289.6692       288.9252       288.1016       286.9907       286.2450    
 2042   286.0513       286.1270       286.9877       288.0259       288.7647       289.6526       289.8627       289.6429       289.1530       288.0587       286.8434       286.0082    
 2043   285.7963       286.0861       286.9825       287.9890       288.9336       289.7054       290.0173       289.7928       289.0291       288.1497       287.0695       286.1574    
 2044   285.9218       286.3733       287.0202       287.9515       288.8201       289.6367       290.0815       289.9676       289.1894       288.1580       286.9818       286.2443    
 2045   286.2567       286.5183       287.2481       288.2079       289.1107       289.8531       290.1817       289.8434       289.1298       288.2251       287.0050       286.3240    
 2046   286.3225       286.7725       287.4073       288.2362       289.1129       289.7874       290.1657       289.8997       289.0724       288.1754       286.9257       286.1810    
 2047   286.1024       286.2025       287.1487       288.0273       288.7772       289.5954       289.9516       289.7460       289.0739       287.9434       286.8140       285.8214    
 2048   285.6670       286.2109       286.9724       287.9629       288.9299       289.5530       289.8804       289.5919       288.9904       287.8907       287.0313       285.8993    
 2049   285.8377       286.1732       286.9373       287.8509       288.8066       289.5886       290.0522       289.7633       289.0732       288.0225       286.9955       286.1712    
 2050   286.2562       286.6180       287.3511       288.3111       289.0274       289.7006       290.2763       289.9248       289.3019       288.3107       287.3297       286.4199    
 2051   286.3156       286.7852       287.5916       288.4569       289.3116       290.0364       290.2627       290.0950       289.4938       288.4212       287.2382       286.4965    
 2052   286.4019       286.6285       287.5079       288.3773       289.3354       289.9063       290.2761       289.9803       289.2757       288.3333       287.1954       286.4467    
 2053   286.0857       286.5064       287.1468       288.1572       289.1263       289.8673       290.2084       289.9783       289.1833       288.2807       287.1243       286.3079    
 2054   286.3860       286.6180       287.2478       288.3233       289.1351       289.8843       290.2722       290.0245       289.3183       288.3447       287.4149       286.7286    
 2055   286.4901       286.7695       287.6364       288.5747       289.3339       290.0967       290.4780       290.1785       289.4143       288.5374       287.5788       286.5592    
 2056   286.1862       286.4285       287.3018       288.2606       289.1325       289.9540       290.2810       290.0146       289.3813       288.3204       287.2720       286.4351    
 2057   286.2467       286.5092       287.3186       288.2473       289.1477       289.9645       290.3542       290.0648       289.3288       288.3034       287.2845       286.5376    
 2058   286.5073       286.7285       287.5396       288.4698       289.4060       290.1617       290.4900       290.2849       289.6419       288.5926       287.5961       286.8454    
 2059   286.5195       286.9333       287.4914       288.4553       289.4191       290.1583       290.4077       290.1683       289.4711       288.2972       287.3940       286.7916    
 2060   286.2850       286.5396       287.1715       288.3916       289.3249       290.0653       290.3955       290.1606       289.3698       288.4394       287.4515       286.6643    
 2061   286.3441       286.7283       287.6700       288.4091       289.4029       290.2292       290.5178       290.3357       289.4047       288.6570       287.6107       286.6702    
 2062   286.3643       286.9579       287.4772       288.4114       289.4064       290.1736       290.5901       290.3251       289.6582       288.7197       287.7702       286.9165    
 2063   286.7955       286.9619       287.6926       288.5420       289.4983       290.2144       290.4975       290.4276       289.6690       288.7215       287.6960       287.0482    
 2064   286.5268       286.7439       287.5322       288.5673       289.4178       290.1897       290.5429       290.4013       289.6218       288.6252       287.3097       286.7629    
 2065   286.5459       286.8432       287.6351       288.6418       289.4971       290.2359       290.6693       290.5032       289.7589       288.7523       287.7330       286.9660    
 2066   286.6064       286.9796       287.6677       288.6758       289.6289       290.3370       290.5755       290.4493       289.6862       288.7364       287.7175       286.9792    
 2067   286.6703       286.9941       287.6826       288.6487       289.4901       290.2173       290.5700       290.3812       289.7281       288.8061       287.6735       287.0422    
 2068   286.5756       287.0827       287.6867       288.6054       289.6766       290.2639       290.4824       290.2975       289.6040       288.6504       287.7069       286.8620    
 2069   286.5214       286.9010       287.7926       288.6033       289.5904       290.3536       290.7074       290.5055       289.7764       288.8723       287.9850       287.1625    
 2070   286.9298       287.2795       287.9551       288.8269       289.8238       290.5802       290.8988       290.6224       289.9716       288.9062       287.9368       286.9865    
 2071   286.7990       287.2027       287.9603       288.9200       289.7108       290.4269       290.8289       290.5619       289.9267       288.9554       287.8391       286.8864    
 2072   286.5964       287.1142       287.8015       288.8325       289.8332       290.5728       290.8734       290.5792       289.8181       288.8689       287.8739       287.0651    
 2073   286.7568       287.0283       287.5944       288.6741       289.6090       290.3930       290.7644       290.4854       289.7479       288.8173       287.7470       286.7650    
 2074   286.5588       287.1349       287.8046       288.8489       289.6789       290.4417       290.8228       290.5534       289.9558       288.9260       287.8758       287.1655    
 2075   287.0724       287.1226       287.8326       288.9378       289.7451       290.4863       290.8051       290.5882       289.8651       289.1501       287.9159       287.1686    
 2076   286.8269       287.1453       287.9962       289.0372       289.8484       290.6197       291.0206       290.8099       290.0532       289.1614       288.2562       287.2292    
 2077   287.2145       287.4247       288.1839       289.1802       290.0864       290.8620       291.1339       290.9600       290.0337       289.2069       288.0424       287.3694    
 2078   287.1434       287.3777       288.0561       289.0898       290.0498       290.7800       291.0629       290.8612       290.0367       289.0518       288.0225       287.2746    
 2079   286.9456       287.2705       288.1435       288.9151       289.9771       290.7531       291.1772       290.9103       290.1315       289.1441       288.3462       287.2828    
 2080   287.2176       287.4406       288.2771       289.0845       290.0680       290.8719       291.3576       290.9565       290.1953       289.2522       288.1862       287.2799    
 2081   287.0782       287.2709       288.1441       289.0705       290.1181       290.8738       291.3662       291.0595       290.2450       289.4027       288.4571       287.3929    
 2082   287.2878       287.6823       288.4275       289.2000       290.2026       290.9137       291.2704       290.8975       290.0484       289.1841       288.1393       287.1207    
 2083   287.2299       287.4058       288.1545       288.9724       289.9935       290.7602       290.9941       290.8057       290.0777       289.1141       288.2140       287.5004    
 2084   287.1213       287.2703       288.2704       289.1783       289.9744       290.8499       291.2538       291.0314       290.2585       289.3207       288.2820       287.6996    
 2085   287.5558       287.5801       288.5122       289.4597       290.2147       290.9609       291.4042       291.0855       290.3772       289.3752       288.3647       287.6913    
 2086   287.7644       287.7401       288.3826       289.4448       290.4279       291.0938       291.3365       291.0671       290.3372       289.4715       288.3452       287.6265    
 2087   287.4729       287.7481       288.3785       289.2935       290.1383       290.9672       291.2883       291.0912       290.3717       289.3808       288.2278       287.4076    
 2088   287.1530       287.2657       288.2891       289.2646       290.1947       290.8717       291.3040       291.0782       290.3224       289.5046       288.2131       287.5020    
 2089   287.3236       287.4163       288.2683       289.1895       290.1526       291.0636       291.2998       291.0844       290.3794       289.5265       288.4623       287.7059    
 2090   287.3014       287.6039       288.4613       289.3374       290.3365       291.0798       291.3664       291.0518       290.4659       289.5696       288.6001       287.7480    
 2091   287.3108       287.8284       288.4068       289.4743       290.3067       291.1218       291.4799       291.2334       290.5825       289.5887       288.7383       287.9267    
 2092   287.6856       288.1346       288.9516       289.7332       290.4749       291.2310       291.5402       291.2231       290.4836       289.6088       288.4712       287.7004    
 2093   287.4709       287.8637       288.4443       289.4774       290.3098       291.0422       291.3975       291.2504       290.5448       289.5035       288.4618       287.9048    
 2094   287.5621       287.7004       288.4293       289.4751       290.5294       291.1866       291.4353       291.2116       290.4721       289.5784       288.6365       287.9996    
 2095   287.5580       287.7780       288.6690       289.5205       290.3109       291.0829       291.4607       291.2148       290.5151       289.6030       288.4605       287.9440    
 2096   287.6201       287.9662       288.6369       289.4676       290.4290       291.0766       291.5564       291.3743       290.6541       289.6248       288.7712       287.9295    
 2097   287.7398       288.0950       288.6609       289.6129       290.3926       291.2733       291.6480       291.3910       290.6328       289.6750       288.6844       287.9276    
 2098   287.7136       288.0199       288.7432       289.4966       290.3090       291.2399       291.6433       291.3660       290.7730       289.7028       288.8520       287.9201    
 2099   287.6756       288.0853       288.7635       289.4906       290.5765       291.3687       291.6546       291.3221       290.7138       289.9277       288.8434       287.9668    
 2100   288.1001       288.2051       288.9083       289.8554       290.7712       291.4172       291.7509       291.6510       290.8372       289.9139       288.9919       288.3380    
