# <a href=http://cmip-pcmdi.llnl.gov/cmip5/>CMIP5</a> global mean temperature computed at <a href=http://www.knmi.nl/selectfield_cmip5.cgi?someone@somewhere>KNMI Climate Explorer</a> tas_Amon_CCSM4_rcp60_r6i1p1
# tas [K] from CCSM4 model output prepared for CMIP5 RCP6 r6i1p1
# cutting out region lon=   -0.625  359.375, lat=  -90.000   90.000
 1850   284.9162       285.3033       285.9066       286.6175       287.2970       288.3087       288.5524       288.1933       287.4995       286.5051       285.2054       284.7415    
 1851   284.7958       284.9662       285.6576       286.4514       287.3517       288.0212       288.4071       288.1338       287.3387       286.2881       285.1183       284.6049    
 1852   284.4350       284.6074       285.3954       286.0372       287.0524       287.8261       288.2257       288.0875       287.3266       286.2999       285.3565       284.5837    
 1853   284.4707       284.9819       285.5569       286.3085       287.2506       288.0222       288.4516       288.1653       287.3697       286.2760       285.1590       284.5819    
 1854   284.6783       285.1197       285.6109       286.4930       287.3274       287.9326       288.2688       288.2162       287.4720       286.4789       285.4349       284.6408    
 1855   284.4554       284.8899       285.4001       286.3792       287.2719       287.9655       288.3694       288.2756       287.4941       286.2910       285.2952       284.6987    
 1856   284.6458       284.8618       285.5219       286.1911       287.0975       287.9275       288.4644       288.1301       287.5806       286.3676       285.1925       284.6094    
 1857   284.4873       284.9283       285.6999       286.5720       287.4456       287.9887       288.5319       288.2628       287.4267       286.4149       285.5010       284.7426    
 1858   284.7461       284.9081       285.5867       286.5745       287.4651       288.0298       288.5533       288.3211       287.5100       286.5398       285.4199       284.7779    
 1859   284.9558       284.8056       285.5671       286.2827       287.3662       288.0016       288.4814       288.3737       287.4559       286.2677       285.4495       284.5581    
 1860   284.5525       284.8698       285.4002       286.1732       287.0702       287.9250       288.3661       288.0967       287.1161       286.2906       285.0664       284.4856    
 1861   284.6532       284.9168       285.4843       286.0724       287.1498       287.8998       288.4666       288.1520       287.2995       286.3368       285.2330       284.7622    
 1862   284.6171       284.9757       285.6423       286.3518       287.2830       288.1675       288.5434       288.2212       287.5554       286.4198       285.4788       284.8845    
 1863   284.7080       284.9931       285.5509       286.7435       287.3006       288.1609       288.4995       288.2244       287.4524       286.4144       285.3261       284.5620    
 1864   284.5633       284.6527       285.5894       286.4304       287.1809       287.9258       288.3372       288.1274       287.3005       286.3122       285.2133       284.6674    
 1865   284.2380       284.7095       285.3335       286.1874       287.2068       288.1107       288.6693       288.3321       287.4569       286.3221       285.5214       284.7198    
 1866   284.6135       285.0150       285.2996       286.5378       287.4569       288.0248       288.4523       288.1512       287.5110       286.3087       285.2976       284.7639    
 1867   284.7307       284.7366       285.4470       286.4857       287.2761       287.9401       288.4102       288.2676       287.3493       286.3300       285.3535       284.7574    
 1868   284.6306       285.1054       285.8637       286.4760       287.2517       287.9261       288.4924       288.4733       287.5536       286.4488       285.6770       285.1035    
 1869   284.8793       285.1893       285.7555       286.5338       287.3592       288.0190       288.5472       288.4364       287.6215       286.3892       285.5135       284.9400    
 1870   284.4949       284.6784       285.2493       286.3419       287.1107       287.8004       288.2816       288.2793       287.3501       286.2611       285.0568       284.3502    
 1871   284.4115       284.8069       285.2772       286.3281       287.1142       287.9817       288.5691       288.3635       287.6902       286.4202       285.4615       284.9181    
 1872   284.5191       284.7958       285.7576       286.5419       287.4984       288.3989       288.8076       288.4430       287.5835       286.6423       285.5540       285.0851    
 1873   284.8876       285.0336       285.4858       286.2614       287.2970       288.2039       288.4120       288.3665       287.6016       286.5356       285.4658       284.7944    
 1874   284.8423       285.1088       285.7039       286.6508       287.5036       288.2625       288.5022       288.3417       287.5226       286.5105       285.3172       284.7492    
 1875   284.7955       285.0271       285.3858       286.4618       287.3653       288.1123       288.6411       288.3529       287.5747       286.4833       285.6679       284.9635    
 1876   285.0320       285.3073       285.8852       286.5575       287.3053       288.0887       288.4592       288.1941       287.3559       286.2557       285.3952       284.3918    
 1877   284.6318       284.6976       285.2798       286.2810       287.1626       287.8455       288.3832       288.1890       287.3953       286.2880       285.3340       284.7052    
 1878   284.4881       284.9453       285.6469       286.3015       287.0479       287.9110       288.3439       288.1830       287.5832       286.3390       285.3802       284.7042    
 1879   284.5891       284.7285       285.5990       286.5148       287.4018       288.1195       288.4863       288.2560       287.6191       286.6748       285.6234       285.0610    
 1880   284.9506       285.3194       285.5248       286.3908       287.4345       288.1986       288.6638       288.4689       287.7160       286.5859       285.3687       285.0828    
 1881   285.0441       285.0927       285.7203       286.6036       287.4913       288.2420       288.6168       288.3138       287.4294       286.5307       285.4363       284.8705    
 1882   284.6830       284.9125       285.4466       286.3369       287.2955       288.0523       288.5775       288.3791       287.5839       286.4412       285.7022       284.9439    
 1883   284.8413       285.3501       285.6150       286.6247       287.5182       288.1828       288.5406       288.3139       287.4778       286.5775       285.3218       284.3929    
 1884   284.2149       284.5053       285.1445       285.8389       286.8089       287.3695       287.9551       287.7289       286.9006       285.8744       285.0438       284.2816    
 1885   284.5102       284.6654       285.2469       286.2116       286.9395       287.7660       288.0653       287.8706       287.0331       286.0357       285.1616       284.3533    
 1886   284.3411       284.8282       285.3321       286.0427       286.8620       287.6762       288.4337       287.9938       287.4219       286.4107       285.3051       284.7117    
 1887   284.4594       284.9698       285.3626       286.3945       287.3713       287.9232       288.3892       288.1785       287.4497       286.4121       285.3610       284.6301    
 1888   284.5026       284.8813       285.6212       286.5135       287.4676       288.1355       288.4431       288.3030       287.4073       286.3888       285.2588       284.4242    
 1889   284.3928       284.7187       285.2594       286.2287       287.2314       287.9554       288.4444       288.1796       287.3271       286.3461       285.1974       284.5370    
 1890   284.8188       284.9010       285.3312       286.4164       287.2624       287.9032       288.1934       287.9942       287.1535       286.1091       284.8803       284.2493    
 1891   284.4029       284.7792       285.0898       286.0656       286.9737       287.8127       288.1859       287.9553       287.3798       286.3316       285.1348       284.6141    
 1892   284.4735       284.9518       285.1273       286.2720       287.0799       287.9727       288.2528       288.1517       287.4338       286.4138       285.3908       284.7328    
 1893   284.5770       284.7057       285.4652       286.2464       287.3030       287.9327       288.3035       288.1331       287.2729       286.2256       285.4121       284.7301    
 1894   284.7239       285.0897       285.5376       286.4659       287.3766       287.9429       288.4897       288.2617       287.3771       286.4341       285.3744       284.7156    
 1895   284.7025       284.9666       285.5319       286.3204       287.3231       288.1602       288.4741       288.2670       287.6400       286.6509       285.5239       285.0316    
 1896   284.8584       285.3158       285.7089       286.4870       287.4305       288.1937       288.7125       288.4059       287.5375       286.4627       285.6026       285.1079    
 1897   284.8934       284.8997       285.6231       286.4753       287.4675       288.1165       288.4348       288.1637       287.5186       286.3753       285.2773       284.7592    
 1898   284.8398       285.2988       285.6365       286.6581       287.5263       288.2376       288.7391       288.4066       287.5982       286.7491       285.7261       285.1274    
 1899   284.9765       285.2301       285.6980       286.7891       287.5388       288.1661       288.6281       288.3643       287.5296       286.4967       285.3905       284.9973    
 1900   284.5077       284.8517       285.2683       286.3016       287.2381       287.8752       288.3150       288.1341       287.3187       286.4789       285.3197       284.7389    
 1901   284.7258       284.9476       285.6322       286.3892       287.2330       288.1186       288.6541       288.3913       287.4039       286.5243       285.6699       284.8275    
 1902   284.7014       285.1881       285.6112       286.4852       287.3565       288.2833       288.5033       288.1812       287.5339       286.3412       285.1724       284.4646    
 1903   284.2144       284.6531       285.2578       286.0840       286.9258       287.6485       288.1757       287.7217       287.0160       286.0376       284.8963       284.1521    
 1904   284.1863       284.2245       285.0773       286.0529       286.9691       287.7385       288.2364       287.9984       287.3335       286.2896       285.1964       284.2188    
 1905   284.2766       284.8723       285.4047       285.9630       287.1490       287.9414       288.2922       288.1974       287.4297       286.2086       285.2833       284.8226    
 1906   284.7726       284.9664       285.6028       286.6881       287.3883       288.1061       288.3401       288.3658       287.6433       286.5902       285.3055       284.6965    
 1907   284.3892       284.6373       285.3434       286.4136       287.2679       287.9582       288.2188       288.1578       287.4046       286.4229       285.3996       284.6877    
 1908   284.6317       285.0654       285.4622       286.2984       287.2105       288.0100       288.4640       288.2621       287.5392       286.4583       285.3096       284.9119    
 1909   284.8855       285.0646       285.6982       286.5690       287.4100       288.1228       288.5920       288.3758       287.6785       286.4938       285.5023       285.0670    
 1910   284.6552       285.1428       285.6717       286.3880       287.3968       288.0672       288.3967       288.1951       287.6974       286.7088       285.5565       284.8857    
 1911   284.6269       284.8542       285.6459       286.2912       287.1857       287.9757       288.3943       288.1021       287.6197       286.4193       285.5988       284.6901    
 1912   284.6273       284.6632       285.4659       286.4719       287.3270       288.0364       288.4293       288.2338       287.5201       286.1824       285.4026       284.8868    
 1913   285.0587       285.2644       285.8166       286.4945       287.2455       288.1346       288.4281       288.4330       287.5762       286.6240       285.4233       284.9816    
 1914   284.7584       285.0616       285.6865       286.6134       287.5271       288.3636       288.6614       288.3232       287.6109       286.5048       285.4359       284.7754    
 1915   284.5522       284.9132       285.5111       286.3239       287.1518       288.0015       288.4380       288.2706       287.5001       286.3701       285.5314       284.7590    
 1916   284.8913       285.0099       285.5688       286.3699       287.3393       288.0146       288.5455       288.3581       287.6289       286.4181       285.2944       284.6789    
 1917   284.4677       285.2562       285.8489       286.6451       287.4149       288.2585       288.7817       288.7178       287.7667       286.7244       285.5428       285.1979    
 1918   284.8268       285.1090       285.8099       286.6324       287.5515       288.2854       288.7839       288.6471       287.7346       286.8750       285.9185       285.1609    
 1919   285.1236       285.2184       286.0922       286.7262       287.6621       288.5139       288.8433       288.7045       288.0257       286.8913       285.7887       285.2166    
 1920   284.9792       285.3337       285.8268       286.9216       287.7892       288.4953       288.7680       288.5866       287.5554       286.5274       285.6571       284.9173    
 1921   284.6135       285.1779       285.6158       286.5120       287.4723       288.1368       288.6270       288.3723       287.7760       286.4963       285.3073       284.8032    
 1922   284.6520       285.0475       285.6352       286.4380       287.2473       288.1713       288.3674       288.4032       287.6900       286.7947       285.6525       285.2059    
 1923   284.8771       285.1586       285.7400       286.5569       287.5322       288.4216       288.7030       288.3090       287.7191       286.8274       285.7624       284.9637    
 1924   284.9392       285.4932       286.0269       286.6847       287.4560       288.1986       288.5806       288.4511       287.5681       286.3477       285.5527       284.9017    
 1925   284.7292       285.1579       285.7155       286.6235       287.3912       288.2463       288.5326       288.5292       287.7722       286.7725       285.5752       285.0129    
 1926   285.0826       284.9482       285.7033       286.4684       287.3831       288.0812       288.6985       288.3865       287.6783       286.6873       285.6221       284.9321    
 1927   284.9808       285.5117       285.7780       286.6421       287.5711       288.2686       288.6489       288.4871       287.7126       286.8567       285.5934       284.9256    
 1928   284.9265       285.5082       285.6921       286.6354       287.5096       288.2245       288.7806       288.5381       287.6821       286.9015       285.6471       285.1043    
 1929   285.1139       285.0733       285.6973       286.4721       287.4084       288.0686       288.5246       288.2354       287.3438       286.3980       285.3616       284.8081    
 1930   284.7930       285.2094       285.8309       286.4853       287.4264       288.1298       288.4975       288.2814       287.5944       286.6882       285.3908       285.0202    
 1931   284.8000       285.2089       285.5803       286.5441       287.4317       288.2264       288.7046       288.5145       287.8045       286.7435       285.7372       284.9779    
 1932   285.0532       285.3174       285.7069       286.6435       287.5269       288.1913       288.6515       288.3568       287.6038       286.4745       285.3195       284.8510    
 1933   284.5781       285.0276       285.4545       286.4270       287.3622       288.1221       288.4532       288.4847       287.7964       286.5904       285.3915       285.1232    
 1934   285.2275       285.4272       285.8115       286.7155       287.5505       288.3253       288.7354       288.6443       287.7989       286.7490       285.6118       285.1775    
 1935   285.0216       285.3386       285.8549       286.6771       287.5264       288.2668       288.8107       288.5199       287.7331       286.7173       285.7269       284.9499    
 1936   284.5764       284.9518       285.7737       286.5470       287.4167       288.3523       288.6370       288.3743       287.6294       286.4986       285.5530       284.8082    
 1937   284.5603       284.8299       285.5545       286.5763       287.5646       288.1938       288.7683       288.5017       287.7262       286.6200       286.0176       285.0679    
 1938   284.9066       285.0711       285.8604       286.6578       287.4601       288.2571       288.9322       288.5784       287.7995       286.5440       285.6696       285.1887    
 1939   285.0463       285.0090       285.9933       286.6071       287.5576       288.4050       288.7167       288.5592       287.8653       286.6814       285.9326       285.3106    
 1940   285.0819       285.1192       285.8930       286.6294       287.5002       288.2962       288.8100       288.5755       287.8172       286.6021       285.7853       284.8581    
 1941   284.8633       285.0740       286.0501       286.7004       287.4055       288.3528       288.7538       288.5693       287.7611       286.6301       285.8692       285.1719    
 1942   284.9828       285.3986       285.9834       286.5846       287.6070       288.4569       289.0290       288.8911       287.9407       286.8817       286.0281       285.4859    
 1943   285.3291       285.4671       286.1392       287.0727       287.8231       288.5854       288.9054       288.5411       287.9479       286.8271       285.7658       285.2817    
 1944   284.9230       285.2940       285.7523       286.8315       287.6524       288.2559       288.7404       288.4397       287.7208       286.7210       285.6812       285.1583    
 1945   284.9077       285.3116       286.0068       286.5582       287.5427       288.2881       288.7242       288.5846       287.7961       286.6221       285.6542       285.2824    
 1946   285.1492       285.0710       285.9159       286.8373       287.6790       288.4726       288.9059       288.7280       287.9730       286.9067       285.8400       285.2891    
 1947   285.0963       285.5772       286.0458       286.7337       287.6716       288.3757       288.9249       288.6172       287.7437       286.7973       285.7488       285.0685    
 1948   284.8446       285.0513       285.8466       286.5532       287.4074       288.2660       288.6814       288.4160       287.8260       286.5818       285.6621       285.0934    
 1949   284.8326       285.3148       285.7021       286.6936       287.4911       288.2743       288.6719       288.5957       287.6402       286.8412       285.8532       285.2213    
 1950   284.9986       285.4569       286.0266       286.7455       287.6077       288.2586       288.8110       288.5255       287.9493       286.9916       285.9022       285.0289    
 1951   285.1668       285.3724       285.8163       286.6528       287.6944       288.4530       288.8644       288.6440       287.9281       286.7375       285.7789       285.0038    
 1952   285.0370       285.5319       286.4308       286.9787       287.6664       288.3496       288.7105       288.5651       287.8990       286.9410       285.8205       285.3210    
 1953   285.0508       285.4226       285.9588       286.6352       287.4669       288.0901       288.5979       288.4862       287.6714       286.5485       285.6313       285.0552    
 1954   285.2591       285.3568       285.8109       286.5829       287.3997       288.2623       288.6411       288.5134       287.7704       286.6544       285.7588       285.1050    
 1955   285.1533       285.6460       286.1707       286.9887       287.8191       288.4630       288.9425       288.6754       287.8931       286.7457       285.8569       285.1653    
 1956   285.0682       285.2127       285.7759       286.7365       287.5453       288.2838       288.5315       288.3340       287.6965       286.5732       285.6603       285.1231    
 1957   284.9119       285.2140       286.0199       286.8506       287.6433       288.3183       288.8919       288.6115       287.8033       286.7694       285.7914       285.2829    
 1958   284.9457       285.2445       285.9427       286.8434       287.6085       288.4520       288.8048       288.7502       287.9136       286.7243       285.7899       285.0404    
 1959   285.0974       285.4646       285.9183       286.7881       287.7111       288.4756       288.7036       288.6389       287.8721       286.8037       285.9040       285.2294    
 1960   285.0034       285.4610       286.0806       286.8659       287.6877       288.5424       288.6455       288.5475       287.8853       286.7441       285.7231       285.3672    
 1961   285.2126       285.4672       286.0762       286.8104       287.6176       288.5742       288.8709       288.6591       287.9447       286.9437       286.0786       285.2907    
 1962   284.9330       285.2599       285.9247       286.9537       287.8562       288.3355       288.7668       288.5816       287.6944       286.7802       285.7177       285.1100    
 1963   284.6607       285.2513       285.8842       286.6355       287.4126       288.1148       288.6293       288.2857       287.6474       286.6595       285.6425       285.1715    
 1964   284.9828       285.2486       285.7761       286.5794       287.6153       288.3019       288.6733       288.4327       287.7097       286.9319       285.9402       285.2410    
 1965   285.2639       285.5414       285.9574       286.6621       287.5142       288.2671       288.7126       288.3288       287.6451       286.4557       285.5094       284.7941    
 1966   284.8744       285.1835       285.6127       286.5926       287.4615       288.3042       288.7231       288.4534       287.7194       286.5268       285.8563       285.1218    
 1967   284.9712       285.1771       285.8966       286.8143       287.5811       288.4362       288.7560       288.5231       287.5698       286.6401       285.8412       285.2937    
 1968   284.8319       285.2880       285.9440       286.7380       287.6073       288.3682       288.7966       288.5604       287.7933       286.7895       285.7368       285.1141    
 1969   285.2593       285.7153       286.1794       286.7527       287.7003       288.4275       288.7870       288.6575       287.7049       286.7281       285.8449       285.2100    
 1970   285.3247       285.4860       285.9102       286.7256       287.5254       288.4002       288.8030       288.5915       287.8458       286.6283       285.7952       285.3025    
 1971   285.0089       285.3878       286.0260       286.8677       287.6367       288.4759       288.9345       288.7368       287.8807       286.9321       285.8997       285.1979    
 1972   285.2610       285.5149       286.0781       286.8085       287.6628       288.3134       288.6965       288.5928       287.8579       286.8253       285.8330       285.0853    
 1973   284.9160       285.2385       285.8518       286.7270       287.6636       288.6629       288.9518       288.8804       287.9526       287.0258       285.9608       285.2676    
 1974   285.3812       285.7432       286.4113       286.9475       287.9966       288.8143       289.1283       288.8385       287.9770       287.1000       286.1261       285.6045    
 1975   285.1406       285.4516       285.9857       287.0977       287.7401       288.3625       288.9743       288.7660       287.9252       287.0201       285.6552       285.3051    
 1976   285.3052       285.3938       285.8554       286.5692       287.5280       288.4433       288.8619       288.6909       288.0927       286.9803       286.0469       285.5636    
 1977   285.3633       285.6156       286.2923       286.9483       287.7520       288.4891       289.0700       288.7658       287.9811       286.9297       286.0508       285.4067    
 1978   285.0627       285.6907       286.2509       287.1282       287.9059       288.6641       289.1152       288.8616       288.0047       287.0237       286.2333       285.5269    
 1979   285.5215       285.7524       286.3291       287.1236       287.9536       288.6642       289.1105       288.9237       288.2289       287.1143       286.3252       285.5078    
 1980   285.5265       285.6945       286.4885       287.0032       287.9861       288.5702       289.0438       288.8684       288.1233       287.1246       285.9451       285.3258    
 1981   285.3097       285.6274       286.2752       287.1183       287.9336       288.6219       288.9871       288.8961       288.0007       287.1573       286.2001       285.4671    
 1982   285.3380       285.6601       286.5009       287.2804       287.9190       288.8664       289.3075       288.8222       287.9734       286.9706       285.7773       285.0984    
 1983   285.2253       285.7865       286.2314       287.0114       287.8744       288.7011       289.1152       288.9067       288.0923       287.0736       286.0371       285.5048    
 1984   285.3782       285.6454       286.2965       287.3036       288.1295       288.9180       289.2085       289.0625       288.3046       287.3208       286.3407       285.3626    
 1985   285.4380       285.4933       286.5835       287.2975       288.0409       288.7694       289.1107       288.9120       288.1128       287.0442       286.0568       285.4928    
 1986   285.4506       285.5139       286.3110       287.1459       287.7566       288.6523       289.0701       288.8467       288.2021       286.9579       285.9861       285.4476    
 1987   285.3419       285.5591       286.2904       287.0910       287.9898       288.8584       289.2474       288.9541       288.1795       287.3715       286.1760       285.9356    
 1988   285.5709       285.8581       286.4452       287.2596       288.0681       288.8682       289.3150       288.9961       288.3087       287.1935       286.3369       285.6740    
 1989   285.5015       285.5479       286.1988       287.2410       287.9857       288.8098       289.2040       289.0578       288.0705       287.1283       286.0220       285.5311    
 1990   285.4165       285.8138       286.3017       287.0963       288.0054       288.6628       289.2250       289.0100       288.4308       287.4053       286.4313       285.9097    
 1991   285.7493       285.8000       286.4091       287.2737       288.1747       288.7961       289.2020       288.9791       287.9957       287.0578       286.0994       285.3507    
 1992   285.4649       285.6880       286.2934       287.0369       287.7108       288.3409       288.8091       288.6304       287.8983       287.0247       286.1454       285.5157    
 1993   285.4902       285.7484       286.1786       287.1291       288.0170       288.7783       289.1866       288.8423       288.1946       287.1593       286.0343       285.5894    
 1994   285.5161       285.7526       286.2367       287.1801       288.0597       288.8466       289.0667       288.8578       288.1839       287.0794       285.9496       285.2241    
 1995   285.2631       285.5399       286.1205       287.2552       287.9576       288.7637       289.2336       289.0748       288.3065       287.2166       286.1057       285.6193    
 1996   285.5957       285.6729       286.6663       287.1778       288.1011       288.7861       289.2710       289.0136       288.4357       287.2913       286.2267       285.7663    
 1997   285.7722       286.2146       286.7249       287.5180       288.3197       288.9596       289.5369       289.2913       288.4892       287.5918       286.5871       286.3949    
 1998   286.1037       286.2185       286.8809       287.7018       288.5349       289.2586       289.7089       289.4634       288.7150       287.6877       286.6638       286.0321    
 1999   285.7134       285.8074       286.6057       287.5473       288.3326       289.1248       289.6644       289.4260       288.5919       287.5423       286.4055       285.9844    
 2000   285.5644       285.9746       286.7559       287.5421       288.4671       289.2762       289.6613       289.2958       288.6141       287.7101       286.7672       285.9127    
 2001   285.7722       286.2867       286.8011       287.4750       288.4403       289.2483       289.4906       289.2699       288.5566       287.5211       286.5613       285.8003    
 2002   285.5836       286.2123       286.8633       287.5714       288.5146       289.2593       289.6154       289.3966       288.6007       287.6125       286.6357       286.1778    
 2003   285.7867       286.1646       286.8643       287.5573       288.5644       289.1469       289.6674       289.5763       288.7238       287.8832       286.9464       286.4198    
 2004   285.9453       286.4639       287.0266       287.7499       288.7160       289.3575       289.8401       289.5839       288.7513       287.9153       286.5118       286.0400    
 2005   285.9446       286.0017       286.6570       287.6509       288.4969       289.2447       289.5949       289.3237       288.5766       287.5637       286.6670       286.1299    
 2006   286.0403       286.1562       286.4720       287.4038       288.3504       289.0011       289.4710       289.4382       288.7907       287.5472       286.5287       286.1567    
 2007   285.7539       286.0086       286.8153       287.4773       288.4341       289.1395       289.6387       289.4083       288.7203       287.6422       286.6606       286.3079    
 2008   285.8751       286.2172       286.7315       287.5874       288.3635       289.1816       289.6347       289.4262       288.7161       287.5435       286.5799       286.2617    
 2009   286.2325       286.2322       286.6917       287.4603       288.4416       289.1631       289.4641       289.4745       288.6742       287.6748       286.8828       286.2617    
 2010   286.1830       286.4328       287.0976       287.8376       288.4264       289.5823       289.8035       289.5668       288.7737       287.9921       286.9843       286.1579    
 2011   285.9605       286.4899       287.0023       287.6703       288.8533       289.6170       290.0275       289.6638       288.9521       287.9568       286.9218       286.0822    
 2012   285.9507       286.3826       286.9040       287.7320       288.6365       289.3788       289.6454       289.5979       288.6960       287.7190       286.9238       286.2752    
 2013   286.4321       286.5730       286.9958       287.6769       288.5704       289.4032       289.8545       289.6573       288.8738       287.8712       286.9131       286.3960    
 2014   285.9544       286.4250       287.2227       287.7682       288.5893       289.4438       289.8188       289.6937       288.9173       287.9443       287.1807       286.6555    
 2015   286.5901       286.4204       287.0970       287.9875       288.8196       289.6028       289.8605       289.6548       288.8405       287.8496       286.8771       286.1366    
 2016   286.2170       286.4456       287.0023       287.7557       288.6852       289.4206       289.7331       289.6349       288.8153       287.9137       286.8858       286.2192    
 2017   285.8108       286.2990       287.1124       287.7971       288.7654       289.5866       289.9518       289.6695       289.0812       288.0774       286.9659       286.3076    
 2018   286.2617       286.4864       287.1245       287.9256       288.8771       289.5983       290.0184       289.6772       289.0198       287.9590       286.7817       286.1956    
 2019   286.1406       286.7984       287.2388       287.9518       288.7610       289.5606       289.9495       289.8623       288.9628       287.9098       287.0591       286.3791    
 2020   286.1136       286.5083       287.0751       287.8486       288.7566       289.5856       290.0810       289.8627       289.0898       287.8542       287.1068       286.7982    
 2021   286.6380       286.6411       287.2433       288.2129       288.9250       289.6629       290.0224       289.7688       289.0812       288.1334       287.1016       286.5280    
 2022   286.6166       286.6943       287.0692       287.7964       288.7143       289.4720       289.9106       289.7510       289.0052       288.0889       287.1039       286.6979    
 2023   286.4979       286.5783       287.3857       288.1769       288.9304       289.5840       290.1157       289.9306       289.2018       288.2378       287.1187       286.9129    
 2024   286.8293       286.8160       287.2351       288.0701       288.7373       289.6451       290.0146       289.8424       289.0578       287.9822       287.0262       286.5204    
 2025   286.3183       286.4792       287.1307       288.1615       288.9095       289.6162       289.9568       289.8872       289.0548       287.9601       286.9715       286.2903    
 2026   286.4681       286.2877       286.9405       287.8759       288.9173       289.7843       290.1992       289.8360       289.1243       288.1516       287.2139       286.7620    
 2027   286.4753       286.7175       287.1080       288.0650       288.9540       289.6061       289.9973       289.9470       289.1993       288.1512       287.1195       286.4436    
 2028   286.3123       286.8358       287.2473       287.9750       288.9306       289.6564       290.1229       289.8750       289.0924       287.9957       287.1532       286.4659    
 2029   286.1927       286.5797       287.3276       288.1536       289.1234       289.8662       290.1654       289.9778       289.3282       288.3390       287.3558       286.6006    
 2030   286.4938       286.8044       287.4160       288.3534       289.1183       289.7691       290.2006       290.1088       289.2821       288.2837       287.4080       286.7975    
 2031   286.6992       286.9785       287.4609       288.1509       288.9649       289.6625       290.0850       289.9403       289.0806       288.2192       287.1436       286.5379    
 2032   286.2016       286.5363       287.2995       288.1280       288.9267       289.7267       289.9128       289.8563       289.0437       288.0409       287.2750       286.7102    
 2033   286.4026       286.8563       287.3278       288.0724       288.8896       289.5228       290.0889       289.9054       289.1715       288.2930       287.3145       286.8822    
 2034   286.4776       286.8926       287.3239       287.9697       288.7647       289.6695       290.1030       289.8433       289.0435       287.9530       287.0255       286.3564    
 2035   286.4407       286.6476       287.2223       288.0777       288.9515       289.7599       290.2145       289.9323       289.2906       288.2842       287.5725       286.8749    
 2036   286.6316       286.8763       287.6801       288.3208       289.1857       289.9754       290.3178       289.9846       289.3127       288.2713       287.3827       286.6710    
 2037   286.7133       286.5723       287.2826       288.0931       288.9128       289.6175       290.0335       289.8025       289.2346       288.2326       287.1724       286.6002    
 2038   286.8435       287.1456       287.6125       288.3148       289.0314       289.7809       290.4002       290.0977       289.3449       288.3024       287.3710       287.0607    
 2039   286.9719       286.9104       287.6733       288.4160       289.3772       289.9055       290.4100       290.2265       289.3899       288.4832       287.4354       286.9165    
 2040   286.6017       286.9639       287.4146       288.3895       289.2104       289.8715       290.2851       290.0860       289.3481       288.4115       287.3498       286.6293    
 2041   286.3573       286.5685       287.4240       287.9696       288.9351       289.8576       290.3646       290.1167       289.2638       288.5385       287.5188       286.7692    
 2042   286.6761       286.9797       287.7071       288.4615       289.2495       289.9854       290.3737       290.0892       289.3800       288.4526       287.2005       286.9298    
 2043   286.7180       287.2845       287.7469       288.3201       289.2586       289.9875       290.4227       290.2824       289.5928       288.5082       287.8122       287.0818    
 2044   286.8207       287.1164       287.7728       288.5269       289.3189       289.9759       290.3495       290.1781       289.4806       288.4998       287.4180       286.8294    
 2045   286.7240       286.9872       287.4471       288.3866       289.2875       290.0088       290.3549       290.0886       289.3405       288.2888       287.3430       286.8999    
 2046   286.4920       286.7845       287.5443       288.3021       289.3427       290.0974       290.4660       290.2349       289.4815       288.5000       287.4756       286.8816    
 2047   286.7455       287.2005       287.5863       288.4984       289.2486       290.2512       290.6550       290.2459       289.6298       288.5504       287.6377       286.8721    
 2048   286.8841       287.0107       287.6230       288.4711       289.3672       290.0634       290.5105       290.1716       289.5045       288.6958       287.6148       286.7695    
 2049   286.7345       287.0284       287.6063       288.4129       289.3064       290.0406       290.6515       290.2573       289.4437       288.6026       287.6719       286.8112    
 2050   286.7073       287.1372       287.6953       288.4729       289.3948       290.1457       290.4782       290.3503       289.6578       288.5516       287.5481       286.9297    
 2051   287.1269       287.2180       287.7332       288.5907       289.3391       289.9493       290.4360       290.2414       289.4193       288.4665       287.5196       286.9052    
 2052   286.6697       287.1107       287.8087       288.2767       289.2589       290.0443       290.4944       290.3300       289.3740       288.4128       287.5014       286.8372    
 2053   286.5322       286.8771       287.4344       288.4038       289.2861       290.0176       290.4977       290.1543       289.5229       288.4157       287.2100       286.7283    
 2054   286.6305       287.0762       287.2854       288.1481       288.9788       289.7666       290.2722       290.1438       289.4508       288.5037       287.3723       286.9942    
 2055   286.6266       287.0726       287.7657       288.4090       289.3465       290.2638       290.5432       290.2693       289.6587       288.6350       287.7331       287.0760    
 2056   286.8105       287.3170       287.8869       288.6066       289.5965       290.3494       290.8788       290.4972       289.8824       288.8601       287.8754       287.1783    
 2057   287.0752       287.4445       288.0704       288.7970       289.5331       290.3520       290.7363       290.6115       289.9218       288.7864       287.9873       287.3012    
 2058   287.3254       287.3046       288.0777       288.8766       289.7204       290.3405       290.7336       290.5085       289.8629       288.8746       287.8750       287.0474    
 2059   286.9695       287.2917       288.0217       288.8584       289.6379       290.3518       290.7249       290.4603       289.7303       288.8809       287.7369       286.9587    
 2060   286.8627       286.9811       287.6612       288.6291       289.4966       290.2714       290.7745       290.5071       289.6254       288.7737       287.6470       287.3518    
 2061   287.0302       287.3568       287.8659       288.3748       289.3908       290.2833       290.4703       290.3560       289.6104       288.6545       287.8652       287.2085    
 2062   287.2566       287.2340       287.6941       288.7918       289.5098       290.2821       290.4301       290.4527       289.8366       288.9398       287.7142       287.2583    
 2063   286.9574       287.1555       287.8362       288.7416       289.4897       290.1757       290.6857       290.4755       289.6448       288.5216       287.4776       287.1110    
 2064   287.2032       287.1213       287.9596       288.7566       289.4917       290.3119       290.7014       290.5609       289.8638       289.0380       288.0329       287.1486    
 2065   287.3441       287.4773       288.1790       288.9113       289.6520       290.4291       290.9582       290.6255       289.7698       288.7614       287.7418       287.0142    
 2066   286.8847       287.3516       287.8826       288.7854       289.4813       290.3087       290.7536       290.4880       289.6674       288.7202       287.7613       287.0083    
 2067   287.1316       287.4633       287.9879       288.9373       289.6848       290.5565       290.9347       290.5652       289.8423       289.0255       287.9810       287.5965    
 2068   287.4777       287.7113       288.1059       288.8337       289.7540       290.2842       290.8235       290.5467       289.8732       288.8191       287.9031       287.3361    
 2069   287.2159       287.2783       288.1003       288.8592       289.6026       290.3726       290.9224       290.6362       289.8254       288.8741       287.9082       287.1485    
 2070   287.1371       287.6041       287.9572       288.8432       289.7573       290.4576       290.8971       290.7672       289.9197       289.0554       288.2765       287.9146    
 2071   287.4272       287.7276       288.1484       289.2007       289.9282       290.6330       290.9566       290.7872       290.1892       289.0840       288.2105       287.5590    
 2072   287.6609       287.5997       288.1719       289.1161       289.7477       290.4174       290.8987       290.7973       290.0499       289.1423       288.1501       287.6080    
 2073   287.5155       287.6576       288.2469       289.1400       289.7812       290.6020       291.0260       290.7827       289.9045       289.1647       288.3392       287.6015    
 2074   287.2213       287.6773       288.2173       289.0342       289.9264       290.6669       291.0861       290.8722       290.0471       289.1448       288.2303       287.5040    
 2075   287.2494       287.4832       288.3100       289.0255       289.7147       290.6369       291.1312       290.8119       290.1820       289.1558       288.2558       287.7675    
 2076   287.7085       287.5868       288.2682       289.0619       289.8487       290.5336       290.9794       290.9152       290.0010       289.1365       288.3787       287.5955    
 2077   287.5770       287.7560       288.1831       289.0873       290.0092       290.6383       291.0869       290.9403       290.2691       289.1574       287.9836       287.2516    
 2078   287.5436       287.6813       288.2904       289.1338       289.9680       290.6838       290.9893       290.8305       290.0901       289.0910       288.1039       287.7209    
 2079   287.4758       287.5281       288.1917       289.0007       289.8745       290.6354       291.0789       290.9013       290.2255       289.3533       288.1149       287.6021    
 2080   287.6587       287.6220       288.2870       289.0159       289.9366       290.8171       291.1456       290.9517       290.0806       289.3283       288.3514       287.4678    
 2081   287.3503       287.6108       288.4091       289.1476       290.0091       290.7841       291.1913       291.0374       290.2275       289.1198       288.5521       287.8118    
 2082   287.3445       287.8789       288.4343       289.2249       290.1015       290.9273       291.3420       291.1197       290.4463       289.5233       288.4307       288.0134    
 2083   287.8538       287.7902       288.5934       289.3447       290.1868       290.8932       291.2142       291.0650       290.4094       289.5358       288.4911       287.8175    
 2084   287.5787       287.8938       288.5924       289.4701       290.1141       290.8741       291.2376       291.0473       290.2216       289.3987       288.4361       287.6939    
 2085   287.6542       288.0009       288.2134       289.2584       290.0783       290.8192       291.1794       290.8562       290.1672       289.2458       288.2977       287.6904    
 2086   287.4716       287.7013       288.4476       289.1378       289.9845       290.6631       291.1227       290.9112       290.2260       289.2128       288.3392       287.9896    
 2087   287.7162       287.9078       288.5636       289.3524       290.0811       290.8684       291.4391       291.1954       290.5052       289.4431       288.6385       288.1447    
 2088   288.0568       288.2179       288.5745       289.4966       290.3120       291.1311       291.3306       291.1638       290.5738       289.6078       288.6538       288.1634    
 2089   287.9514       288.2824       288.7349       289.4175       290.2739       291.0291       291.4610       291.1245       290.4546       289.4591       288.6451       287.9450    
 2090   287.5484       287.8844       288.6161       289.3222       290.2065       291.0677       291.4479       291.1334       290.4986       289.4853       288.5181       287.9106    
 2091   287.8569       287.9097       288.7101       289.4830       290.3347       291.0796       291.5640       291.2560       290.4390       289.5865       288.8068       288.0081    
 2092   287.8913       288.1546       288.7390       289.6092       290.5045       291.1073       291.5127       291.1972       290.4256       289.6693       288.7130       287.8896    
 2093   287.9361       288.0788       288.5493       289.3934       290.2520       291.0351       291.6169       291.3092       290.6224       289.6022       288.6415       288.0350    
 2094   287.9662       288.1357       288.6341       289.4918       290.1699       291.0752       291.4167       291.1800       290.6122       289.6017       288.8769       288.2126    
 2095   288.0107       288.3323       288.7419       289.5258       290.3415       290.9452       291.5247       291.3169       290.5736       289.5921       288.7481       288.1002    
 2096   288.0160       288.2037       288.5984       289.3982       290.2322       291.0684       291.4799       291.2860       290.4681       289.5887       288.6595       288.0928    
 2097   287.8207       288.1837       288.6214       289.3283       290.0921       291.0435       291.4315       291.1812       290.5060       289.5322       288.6460       288.1267    
 2098   287.9291       288.1516       288.5955       289.5259       290.3429       291.1212       291.4008       291.1982       290.4929       289.3731       288.4711       287.7651    
 2099   287.9532       288.1575       288.6353       289.6718       290.4542       291.1178       291.5158       291.1771       290.5850       289.6430       288.6338       288.3294    
 2100   288.0400       288.3133       289.0887       289.6093       290.4951       291.2464       291.6838       291.4598       290.6290       289.9334       288.8589       288.4357    
