# ensemble mea of file global_tas_Amon_MIROC5_rcp45_%%.dat
# using members   0 to   2
# <a href=http://cmip-pcmdi.llnl.gov/cmip5/>CMIP5</a> global mean temperature computed at <a href=http://www.knmi.nl/selectfield_cmip5.cgi?someone@somewhere>KNMI Climate Explorer</a> tas_Amon_MIROC5_rcp45_r1i1p1
# tas [K] from MIROC5 model output prepared for CMIP5 RCP4.5 r1i1p1
# cutting out region lon=   -0.703  359.297, lat=  -89.622   89.622
 1850   285.4307       285.6782       286.2133       287.1826       288.5226       289.5881       289.8471       289.6535       288.9166       287.6304       286.5045       285.7731    
 1851   285.5710       285.6119       286.2309       287.2610       288.5226       289.6084       289.9395       289.7005       288.8826       287.6681       286.4413       285.7437    
 1852   285.4365       285.5974       286.1527       287.1606       288.4151       289.5307       289.9281       289.7513       288.8855       287.7061       286.5802       285.7378    
 1853   285.5493       285.8396       286.2845       287.2877       288.5802       289.6669       290.0611       289.8094       288.9843       287.6634       286.5629       285.8739    
 1854   285.5695       285.8258       286.2613       287.2961       288.5340       289.6073       289.9162       289.7571       288.8900       287.5992       286.4973       285.7159    
 1855   285.4646       285.6025       286.2048       287.2358       288.4738       289.5808       290.0042       289.7636       288.9793       287.6867       286.5290       285.7979    
 1856   285.5387       285.6886       286.2312       287.2347       288.4940       289.5834       289.9901       289.7468       288.8734       287.6723       286.5621       285.7648    
 1857   285.4481       285.6063       286.1334       287.1449       288.4460       289.5250       289.8789       289.6509       288.8094       287.5661       286.5275       285.7990    
 1858   285.4426       285.6914       286.1845       287.2563       288.4529       289.5364       289.9420       289.6602       288.8513       287.5807       286.3857       285.6432    
 1859   285.4041       285.6605       286.2407       287.1811       288.4354       289.4350       289.8401       289.6177       288.8147       287.4564       286.2976       285.6528    
 1860   285.4379       285.6373       286.0959       287.1117       288.4030       289.4673       289.8941       289.6392       288.8431       287.6205       286.4030       285.7690    
 1861   285.4247       285.5659       286.1644       287.2177       288.4741       289.5581       289.9527       289.7481       288.8796       287.6621       286.5549       285.7892    
 1862   285.4427       285.6121       286.2843       287.3098       288.5578       289.5858       290.0157       289.8150       288.9466       287.7357       286.5626       285.8499    
 1863   285.5804       285.7182       286.3290       287.3527       288.6829       289.7605       290.0161       289.8174       288.9701       287.7235       286.6156       285.8236    
 1864   285.6569       285.7298       286.2021       287.3486       288.5833       289.6723       289.9636       289.7710       288.8515       287.6985       286.4535       285.7143    
 1865   285.4048       285.6572       286.1418       287.2658       288.4167       289.4856       289.9068       289.6703       288.8598       287.5808       286.5304       285.7722    
 1866   285.4290       285.6667       286.2921       287.2465       288.4952       289.5474       289.8961       289.7149       288.8297       287.5923       286.4991       285.7839    
 1867   285.4124       285.6082       286.1921       287.2229       288.5409       289.5627       290.0324       289.7552       288.9577       287.6914       286.5421       285.7758    
 1868   285.5327       285.8080       286.3113       287.3357       288.6063       289.6109       289.9873       289.7910       288.9684       287.6568       286.5288       285.8711    
 1869   285.5233       285.6613       286.2693       287.3183       288.5401       289.6344       290.0177       289.7484       288.8637       287.6037       286.5207       285.7570    
 1870   285.4801       285.6084       286.1852       287.2498       288.4980       289.5933       289.9004       289.6957       288.8808       287.5913       286.5728       285.7914    
 1871   285.4935       285.7583       286.2728       287.3024       288.5735       289.5685       289.9809       289.7171       288.9644       287.7742       286.5320       285.9004    
 1872   285.5827       285.8045       286.3870       287.2830       288.5622       289.7090       290.0626       289.8142       288.9765       287.7910       286.6458       285.8364    
 1873   285.6897       285.9327       286.3265       287.3252       288.6014       289.6872       290.0287       289.8681       289.0378       287.6954       286.4890       285.7318    
 1874   285.5426       285.7910       286.2839       287.2064       288.4968       289.5606       289.9378       289.6978       288.8792       287.7148       286.5576       285.8786    
 1875   285.5530       285.7771       286.3235       287.3846       288.6227       289.6652       290.0796       289.8413       289.0498       287.8123       286.6364       285.9092    
 1876   285.7421       285.9220       286.3350       287.3894       288.7592       289.7664       290.1532       289.9270       289.0659       287.8166       286.6910       286.0479    
 1877   285.7260       285.8707       286.3675       287.3704       288.6061       289.6397       290.0916       289.8065       288.9747       287.7069       286.5417       285.8322    
 1878   285.6583       285.8015       286.3645       287.3659       288.6284       289.6436       290.0473       289.8012       288.9303       287.6280       286.3830       285.7324    
 1879   285.4239       285.6053       286.1597       287.1824       288.4762       289.5137       289.9235       289.6820       288.8366       287.6718       286.4822       285.7115    
 1880   285.4677       285.6510       286.2339       287.2887       288.5720       289.5503       290.0418       289.7350       288.8851       287.6948       286.5372       285.8749    
 1881   285.4471       285.7751       286.3598       287.3917       288.6212       289.6277       290.0453       289.8390       289.0327       287.7300       286.5626       285.8819    
 1882   285.5286       285.7976       286.3842       287.3301       288.5071       289.6354       290.0348       289.8350       288.9308       287.7529       286.5242       285.8481    
 1883   285.4844       285.7236       286.2754       287.2467       288.5236       289.5978       290.0143       289.7437       288.8968       287.6754       286.5055       285.7234    
 1884   285.4646       285.5699       286.1308       287.0926       288.3083       289.4265       289.7794       289.4975       288.6720       287.4045       286.2393       285.5765    
 1885   285.3572       285.4917       286.0299       287.0172       288.2702       289.3450       289.7449       289.4733       288.6652       287.4259       286.2987       285.5669    
 1886   285.2920       285.4622       286.0462       287.0847       288.3083       289.3573       289.7737       289.5540       288.7145       287.4253       286.3168       285.5257    
 1887   285.2379       285.4612       286.0038       287.0251       288.2543       289.3801       289.7737       289.5488       288.7443       287.5163       286.4356       285.5775    
 1888   285.3606       285.5122       286.0799       287.1102       288.4252       289.4211       289.8282       289.5741       288.7322       287.4910       286.3403       285.5690    
 1889   285.3048       285.5406       286.1726       287.1241       288.2927       289.4238       289.7809       289.6797       288.8245       287.6324       286.4447       285.7607    
 1890   285.4170       285.6223       286.1082       287.1829       288.4449       289.5891       289.9845       289.7010       288.8661       287.5241       286.4450       285.7346    
 1891   285.4850       285.6187       286.2756       287.1183       288.4239       289.5364       289.8920       289.6930       288.8105       287.5019       286.3235       285.5594    
 1892   285.2815       285.4507       286.0082       287.0634       288.2711       289.3653       289.7864       289.5545       288.7284       287.4107       286.2154       285.5367    
 1893   285.3076       285.4847       286.0453       287.1166       288.3431       289.3668       289.8224       289.6027       288.7147       287.5256       286.4203       285.6441    
 1894   285.4426       285.5657       286.0820       287.1788       288.4337       289.5734       289.9152       289.6794       288.8277       287.5933       286.4951       285.7476    
 1895   285.5459       285.7384       286.0618       287.2458       288.5665       289.6162       289.9403       289.7054       288.9228       287.6623       286.5404       285.8550    
 1896   285.4484       285.7006       286.1828       287.2675       288.5848       289.6951       289.9923       289.8119       288.9631       287.5999       286.4536       285.7191    
 1897   285.4559       285.7951       286.2108       287.2162       288.4130       289.5631       289.9217       289.7210       288.8640       287.6436       286.4892       285.7129    
 1898   285.4492       285.6860       286.1929       287.2014       288.4555       289.5099       289.9342       289.6820       288.7856       287.6142       286.4242       285.7556    
 1899   285.4634       285.5627       286.1205       287.2434       288.5412       289.6018       289.9564       289.7421       288.8355       287.7091       286.6109       285.8302    
 1900   285.5241       285.6617       286.3264       287.3456       288.5524       289.6682       290.0323       289.8302       288.9381       287.6903       286.5858       285.8728    
 1901   285.5218       285.5950       286.2544       287.2659       288.4105       289.5874       289.9785       289.7204       288.8695       287.6068       286.5557       285.7034    
 1902   285.4731       285.6806       286.1977       287.1845       288.4328       289.4970       289.8916       289.7089       288.8662       287.7057       286.3857       285.6987    
 1903   285.4875       285.6768       286.1464       287.1161       288.3228       289.4419       289.8860       289.5919       288.7472       287.5288       286.3377       285.6653    
 1904   285.4076       285.5320       286.0572       287.0577       288.3014       289.4414       289.7579       289.5472       288.7801       287.4871       286.2478       285.5772    
 1905   285.2879       285.4838       285.9463       287.0565       288.3094       289.4435       289.8493       289.6160       288.8278       287.5688       286.4585       285.6438    
 1906   285.5106       285.5850       286.0271       287.0757       288.4203       289.4575       289.9355       289.7129       288.9163       287.6958       286.5644       285.8855    
 1907   285.6926       285.7905       286.3906       287.3148       288.5559       289.6180       290.0284       289.7760       288.9539       287.6418       286.5609       285.8558    
 1908   285.5909       285.6195       286.1569       287.2284       288.5423       289.5953       289.9419       289.7043       288.8089       287.5813       286.4333       285.7577    
 1909   285.4951       285.6301       286.2462       287.2924       288.5689       289.5858       289.9791       289.7444       288.9262       287.7478       286.5785       285.8424    
 1910   285.6237       285.7838       286.3653       287.3256       288.5247       289.6003       289.9917       289.7878       288.9819       287.6534       286.4990       285.7555    
 1911   285.5619       285.8040       286.1920       287.3279       288.4603       289.6036       289.9820       289.7444       288.8564       287.6854       286.5772       285.9772    
 1912   285.6736       285.7156       286.2496       287.2344       288.5321       289.6361       289.9485       289.7464       288.9263       287.6665       286.5489       285.7988    
 1913   285.4860       285.7383       286.2144       287.2525       288.4644       289.4990       289.8947       289.6954       288.8224       287.5028       286.3920       285.6966    
 1914   285.3500       285.6045       286.0861       287.1514       288.3917       289.4608       289.8691       289.6347       288.8820       287.5579       286.4176       285.6756    
 1915   285.4085       285.6600       286.1061       287.0387       288.4045       289.5216       289.9052       289.7073       288.8767       287.5963       286.4900       285.7737    
 1916   285.5673       285.6486       286.1351       287.1659       288.4792       289.6211       290.0881       289.8315       288.9468       287.6648       286.5349       285.7737    
 1917   285.5445       285.7235       286.2544       287.2973       288.5487       289.6591       289.9680       289.7721       288.9865       287.7221       286.5588       285.7738    
 1918   285.5692       285.7972       286.3421       287.3977       288.5910       289.6767       290.1465       289.8800       288.9994       287.7306       286.5514       285.7871    
 1919   285.5263       285.7174       286.2728       287.2137       288.4007       289.6864       290.0530       289.8943       288.9614       287.7446       286.5648       285.8027    
 1920   285.4969       285.5924       286.2207       287.2786       288.5777       289.6145       289.9944       289.8513       288.9661       287.6988       286.5537       285.7311    
 1921   285.5267       285.7691       286.3384       287.2554       288.5628       289.6226       290.0431       289.8325       289.0299       287.7767       286.6846       285.9766    
 1922   285.7040       285.9677       286.4067       287.3890       288.6537       289.7429       290.1903       289.9307       289.1727       287.9463       286.8217       286.0934    
 1923   285.7987       285.9611       286.5272       287.5858       288.8152       289.9317       290.2778       290.1040       289.2182       288.0545       286.7947       286.0735    
 1924   285.8591       286.0478       286.5399       287.5714       288.7731       289.8299       290.2411       289.9303       289.1233       287.8400       286.7449       286.0697    
 1925   285.6825       285.8592       286.4290       287.4271       288.6451       289.7383       290.1046       289.9006       288.9854       287.7643       286.5785       285.8566    
 1926   285.5774       285.7958       286.3539       287.2308       288.5436       289.5959       290.0806       289.7903       288.9831       287.7322       286.5272       285.8756    
 1927   285.6483       285.7307       286.3085       287.3508       288.6186       289.6443       290.0727       289.8026       288.9704       287.6550       286.6172       285.8879    
 1928   285.6141       285.7734       286.3436       287.3199       288.5711       289.6165       290.0538       289.7834       288.9859       287.8265       286.7472       285.9279    
 1929   285.6923       285.9319       286.3439       287.3164       288.6046       289.7441       290.1443       289.9274       289.0493       287.8601       286.7163       286.0508    
 1930   285.7334       285.9382       286.4652       287.4030       288.7353       289.7277       290.1723       289.9580       289.1234       287.8407       286.7323       285.9502    
 1931   285.6478       285.9768       286.4894       287.4509       288.7181       289.8376       290.2342       290.0850       289.2507       288.0393       286.8958       286.2228    
 1932   286.0503       286.1858       286.7425       287.7435       288.9250       290.0756       290.4497       290.1483       289.3130       287.9632       286.8756       286.2305    
 1933   285.8492       285.9709       286.4389       287.5027       288.7091       289.7269       290.0929       289.9063       289.0237       287.8755       286.6509       285.8605    
 1934   285.6095       285.7793       286.3193       287.3579       288.5393       289.6835       289.9906       289.7350       288.9315       287.7110       286.5128       285.8228    
 1935   285.6398       285.7474       286.2919       287.3406       288.5503       289.6819       290.0284       289.8461       288.9659       287.7404       286.5723       285.8701    
 1936   285.6412       285.7701       286.2615       287.2235       288.6316       289.6049       290.0722       289.8537       289.0699       287.7706       286.5668       285.9334    
 1937   285.6907       285.8713       286.4325       287.3728       288.6416       289.7398       290.1225       289.9083       289.1161       287.8712       286.7412       286.0262    
 1938   285.7055       285.8984       286.4315       287.4276       288.6903       289.7453       290.1444       289.9710       289.0957       287.8485       286.7573       285.9803    
 1939   285.7120       285.9866       286.3986       287.4181       288.6404       289.7420       290.1551       289.9300       289.1071       287.8090       286.7694       286.0608    
 1940   285.7636       285.8564       286.5693       287.4991       288.7304       289.7098       290.1390       289.9374       289.0829       287.8363       286.7181       286.0526    
 1941   285.7800       285.8762       286.4511       287.4407       288.6986       289.7689       290.1598       289.9524       289.1780       287.9114       286.7156       286.0514    
 1942   285.7911       285.9592       286.5465       287.5559       288.7965       289.8209       290.2914       290.0844       289.2440       288.0296       286.8776       286.1835    
 1943   285.9341       286.0748       286.6756       287.5740       288.8649       289.9516       290.3192       290.0834       289.2600       288.0188       286.8544       286.1997    
 1944   285.9388       285.8911       286.3817       287.4619       288.7121       289.7159       290.1458       289.9566       289.0802       287.8741       286.6999       285.9435    
 1945   285.7229       285.8634       286.3722       287.4034       288.6538       289.7563       290.1338       289.8690       289.1381       287.8312       286.7353       286.0674    
 1946   285.6762       285.9953       286.5564       287.6107       288.7311       289.7985       290.2643       290.0178       289.2032       287.9631       286.8108       286.0866    
 1947   285.7419       286.0331       286.5960       287.5779       288.7959       289.8903       290.3228       290.1671       289.3138       288.0955       286.8781       286.1989    
 1948   285.8178       286.0332       286.6427       287.5735       288.8086       289.8619       290.2806       290.0568       289.2078       288.0385       286.8709       286.0760    
 1949   285.8953       285.8810       286.4929       287.5601       288.7555       289.8481       290.2202       290.0084       289.1464       287.9550       286.8151       286.1758    
 1950   285.8702       286.1042       286.5716       287.5630       288.8283       289.9087       290.3244       290.1842       289.2350       288.0432       286.9811       286.3770    
 1951   286.1151       286.1485       286.7796       287.8336       289.0646       290.0959       290.5082       290.3463       289.5273       288.3773       287.1821       286.5247    
 1952   286.2356       286.3356       286.9304       287.7583       288.9912       290.0681       290.4446       290.1113       289.2700       288.0016       286.7912       286.1723    
 1953   285.8229       285.9633       286.4975       287.4622       288.6765       289.6528       290.0393       289.7741       288.9312       287.6881       286.5235       285.8873    
 1954   285.6783       285.7568       286.2458       287.2431       288.5258       289.5852       289.9711       289.8031       288.9579       287.7666       286.6754       286.0106    
 1955   285.6728       285.7803       286.4182       287.3503       288.6068       289.6739       290.0938       289.9236       289.1173       287.8917       286.7724       286.1005    
 1956   285.8142       286.0076       286.4892       287.4304       288.6695       289.8138       290.2770       290.0412       289.2422       288.0505       286.8440       286.1633    
 1957   285.8546       286.0303       286.6371       287.5045       288.7970       289.8443       290.2460       290.0137       289.1808       287.9549       286.8274       286.1008    
 1958   285.8839       285.9334       286.3867       287.5361       288.7377       289.7875       290.2018       289.9533       289.1677       287.9137       286.8392       286.1544    
 1959   285.8182       286.1465       286.5732       287.5224       288.7827       289.8030       290.2486       290.0269       289.2143       287.9835       286.8799       286.0699    
 1960   285.8730       286.1245       286.6757       287.6291       288.8815       289.9380       290.2809       290.1372       289.2855       288.0548       286.9098       286.2945    
 1961   285.9607       286.1005       286.5418       287.6122       288.8096       289.9077       290.3480       290.0846       289.1885       287.9648       286.8301       285.9742    
 1962   285.6646       285.8841       286.2977       287.3152       288.5741       289.5695       290.0223       289.8479       288.9525       287.7283       286.6250       285.8593    
 1963   285.5334       285.7628       286.3118       287.3681       288.5663       289.6409       290.0193       289.8175       288.9240       287.7256       286.6508       285.9536    
 1964   285.7239       285.7540       286.3343       287.1597       288.4725       289.5322       289.9631       289.7099       288.8673       287.7087       286.6376       285.9168    
 1965   285.6673       285.8188       286.3445       287.2183       288.4701       289.6379       290.0943       289.8126       288.9774       287.7240       286.7033       286.0130    
 1966   285.8081       285.8453       286.3601       287.4101       288.6786       289.7412       290.1578       289.8677       289.0219       287.8181       286.6578       285.8693    
 1967   285.5835       285.8617       286.3100       287.3327       288.5736       289.6249       290.0209       289.7989       288.9261       287.6212       286.5321       285.8628    
 1968   285.6503       285.7343       286.4154       287.3628       288.5529       289.5268       289.9736       289.7842       288.8688       287.6684       286.5215       285.7619    
 1969   285.6122       285.7907       286.2129       287.1869       288.5309       289.5762       289.9418       289.7706       288.9267       287.7179       286.5968       285.9948    
 1970   285.7019       285.8028       286.3146       287.3501       288.5041       289.6831       290.0545       289.8637       288.9653       287.7481       286.6854       285.9519    
 1971   285.7021       285.8675       286.3066       287.3006       288.6165       289.6735       290.1149       289.9039       288.9996       287.7812       286.6365       285.9574    
 1972   285.6526       285.8177       286.2868       287.2788       288.5571       289.6282       290.0557       289.8767       288.9706       287.7672       286.6585       285.9192    
 1973   285.5655       285.8228       286.3003       287.2698       288.5079       289.5909       289.9852       289.8216       288.9338       287.7861       286.7360       285.9181    
 1974   285.7419       285.9334       286.3987       287.4449       288.6559       289.7240       290.1751       289.9532       289.1077       287.9189       286.7625       286.1309    
 1975   285.7641       285.9887       286.6000       287.5398       288.6252       289.7823       290.1758       289.9274       289.1145       287.8933       286.8290       286.1666    
 1976   285.9285       286.2389       286.6683       287.6059       288.8352       289.8858       290.3144       289.9652       289.1666       287.8589       286.7904       286.1257    
 1977   285.7387       285.9688       286.4594       287.4016       288.7273       289.8100       290.1880       289.9669       289.1428       287.9229       286.7579       286.2231    
 1978   285.9013       285.9534       286.5428       287.6038       288.8335       289.8943       290.2618       290.0069       289.1685       287.8899       286.8054       286.0454    
 1979   285.7594       285.8833       286.4560       287.4639       288.6141       289.7468       290.1686       289.9561       289.1906       287.9072       286.7381       286.0801    
 1980   285.6864       285.9942       286.3408       287.3622       288.6903       289.7891       290.2039       290.0055       289.1352       287.9057       286.7994       286.2305    
 1981   285.8184       286.1104       286.6487       287.5213       288.8169       289.8824       290.2678       290.0581       289.2184       288.0224       286.8896       286.2508    
 1982   286.0171       286.0253       286.6108       287.6299       288.8653       289.8892       290.3178       290.0571       289.2613       287.9477       286.8138       286.1115    
 1983   285.8564       285.8495       286.4277       287.5100       288.6951       289.7488       290.1212       289.8817       289.0243       287.7622       286.5973       285.9308    
 1984   285.5733       285.6969       286.3557       287.4108       288.5939       289.6096       290.0334       289.7675       288.9276       287.7008       286.5820       285.8127    
 1985   285.5717       285.7706       286.3548       287.3471       288.5586       289.5728       290.0205       289.7824       289.0404       287.7423       286.7014       286.0370    
 1986   285.7473       285.8623       286.4362       287.4108       288.6611       289.7090       290.2297       289.9950       289.1567       287.9230       286.9136       286.1872    
 1987   285.9869       286.0554       286.6476       287.5877       288.8966       289.9601       290.3593       290.1349       289.2660       288.0741       286.9653       286.2453    
 1988   286.0735       286.1456       286.7793       287.7849       288.8622       289.9723       290.3703       290.1963       289.3288       288.1366       286.9425       286.2509    
 1989   285.9539       286.1758       286.7386       287.7332       288.9226       289.9436       290.3934       290.1447       289.3155       288.1287       286.9256       286.1646    
 1990   285.9763       286.1588       286.6830       287.6226       288.8705       289.9518       290.3205       290.1617       289.2926       288.0215       286.9081       286.2426    
 1991   286.0307       286.1169       286.6726       287.6920       288.8275       289.9374       290.3272       290.0770       289.2194       287.9765       286.9143       286.2049    
 1992   285.8528       285.9720       286.4590       287.4424       288.5943       289.6656       290.1209       289.8825       288.9919       287.8535       286.7441       286.0613    
 1993   285.8812       286.0618       286.5853       287.6070       288.7995       289.8031       290.3198       290.1354       289.2686       288.1512       286.9179       286.2562    
 1994   286.0297       286.1574       286.6947       287.7137       288.8765       289.8780       290.3354       290.0738       289.2490       288.0307       286.9211       286.2392    
 1995   285.8899       286.0360       286.4038       287.5554       288.8000       289.8640       290.2954       290.1140       289.3075       288.0783       286.8767       286.1587    
 1996   285.8772       285.9224       286.5659       287.5728       288.8013       289.8322       290.2611       290.0663       289.1849       288.0045       286.8720       286.2397    
 1997   285.8967       286.1414       286.6881       287.7577       288.8833       289.9909       290.3834       290.2233       289.4533       288.3071       287.1864       286.5619    
 1998   286.1359       286.3292       286.8507       287.8241       288.9894       290.1040       290.4845       290.2693       289.5346       288.2795       287.1511       286.4846    
 1999   286.2055       286.3017       286.8424       287.8609       289.0014       290.0980       290.4926       290.2978       289.4725       288.3009       287.1715       286.4625    
 2000   286.1823       286.3588       286.8308       287.7752       289.0405       290.1602       290.4949       290.3300       289.5524       288.3962       287.2737       286.5984    
 2001   286.2520       286.4303       286.9050       287.8942       289.0950       290.1658       290.5774       290.3933       289.6357       288.4865       287.3152       286.6316    
 2002   286.3429       286.5013       286.9763       287.9130       289.2244       290.3275       290.7198       290.4959       289.6753       288.5692       287.4363       286.6907    
 2003   286.4443       286.4917       287.0554       288.0139       289.1701       290.2802       290.7434       290.4973       289.6931       288.4581       287.3535       286.6300    
 2004   286.3327       286.4808       287.0573       288.0010       289.3270       290.3281       290.7083       290.5291       289.7422       288.6349       287.4923       286.8309    
 2005   286.4438       286.4753       287.0392       288.1270       289.2981       290.2830       290.7267       290.5118       289.6555       288.5055       287.3274       286.6642    
 2006   286.3059       286.5357       286.9730       287.9138       289.1623       290.2472       290.6789       290.4591       289.6240       288.5655       287.4756       286.6842    
 2007   286.4868       286.4901       286.9936       288.0034       289.2295       290.2771       290.6998       290.5434       289.7425       288.5631       287.4529       286.7988    
 2008   286.4489       286.6709       287.0749       288.1948       289.3178       290.3572       290.8182       290.6201       289.8113       288.6812       287.5687       286.8065    
 2009   286.5166       286.7122       287.1718       288.2633       289.3579       290.4848       290.8374       290.5913       289.7969       288.6402       287.5259       286.7484    
 2010   286.4224       286.5298       287.0240       288.0876       289.2336       290.3070       290.7268       290.5255       289.7943       288.5996       287.4911       286.6961    
 2011   286.4235       286.6292       286.9801       287.9810       289.0830       290.2247       290.6410       290.4998       289.6709       288.5008       287.4038       286.7235    
 2012   286.3102       286.4333       286.9728       287.9617       289.1720       290.2619       290.7202       290.4772       289.6998       288.5359       287.3519       286.6662    
 2013   286.3142       286.5490       286.9876       288.0898       289.2889       290.3607       290.7990       290.5355       289.7017       288.6609       287.5291       286.9005    
 2014   286.5706       286.7624       287.2220       288.2782       289.4538       290.5683       290.9732       290.7586       290.0437       288.8321       287.8344       287.1409    
 2015   286.8170       286.9013       287.4279       288.5094       289.7216       290.8259       291.1741       290.8855       290.0876       288.9159       287.8369       287.1291    
 2016   286.7861       286.8177       287.3977       288.3660       289.5233       290.5852       291.0374       290.8123       289.9656       288.8539       287.6991       286.9133    
 2017   286.5960       286.6135       287.0820       288.1311       289.3162       290.4098       290.8635       290.5514       289.8358       288.6486       287.4955       286.7392    
 2018   286.4692       286.6502       287.0050       287.9907       289.3271       290.3811       290.6970       290.5437       289.8033       288.6181       287.5087       286.7954    
 2019   286.4744       286.4986       287.0787       288.0831       289.2925       290.3338       290.8418       290.6748       289.9040       288.7580       287.6501       286.9654    
 2020   286.5631       286.7501       287.2837       288.2171       289.5308       290.6404       291.0661       290.8448       290.1032       288.9603       287.8340       287.1106    
 2021   286.7901       286.8315       287.4485       288.4240       289.6769       290.7091       291.1585       290.8368       290.1235       288.8330       287.6931       286.9778    
 2022   286.6756       286.7239       287.1845       288.2625       289.5390       290.5655       290.9215       290.8058       290.0770       288.8481       287.7371       286.9444    
 2023   286.6789       286.7894       287.2705       288.2356       289.5826       290.5911       290.9628       290.7444       290.0080       288.8655       287.6656       286.9446    
 2024   286.5867       286.7877       287.2109       288.2485       289.5313       290.5810       291.0729       290.8413       290.1089       288.8925       287.7486       287.0479    
 2025   286.7555       286.9187       287.3892       288.4162       289.5645       290.6696       291.1157       290.9211       290.1582       289.0130       287.8282       287.2012    
 2026   286.8351       287.0711       287.5005       288.4469       289.6695       290.6566       291.1661       290.9626       290.1936       288.9326       287.9416       287.1645    
 2027   286.9744       287.2025       287.7635       288.6747       289.8395       290.8753       291.2827       291.0563       290.2393       289.0666       287.9898       287.2517    
 2028   286.8966       286.9315       287.4642       288.4848       289.7273       290.7394       291.1604       290.8320       290.0458       288.8694       287.6986       286.9921    
 2029   286.6390       286.7805       287.2857       288.2507       289.5175       290.6153       291.0031       290.7899       290.0589       288.8902       287.8019       287.1011    
 2030   286.6722       286.8924       287.4370       288.4211       289.6127       290.6662       291.1155       290.9260       290.1653       289.0444       287.9373       287.2697    
 2031   286.9819       287.0562       287.5127       288.6088       289.8184       290.9296       291.3636       291.0797       290.3759       289.2199       288.1780       287.4535    
 2032   287.1005       287.1873       287.7200       288.7147       289.8882       290.9553       291.3788       291.1231       290.3319       289.1835       288.1985       287.3789    
 2033   287.1088       287.2204       287.7291       288.8339       289.9221       290.9882       291.3501       291.1024       290.3001       289.2234       288.0486       287.2706    
 2034   286.9560       286.9751       287.5121       288.5343       289.7351       290.7728       291.1890       290.9842       290.2267       289.1006       287.9268       287.1305    
 2035   286.7635       286.9225       287.4081       288.4148       289.6536       290.7210       291.1165       290.9375       290.1515       289.0770       287.9309       287.1800    
 2036   286.7968       286.9090       287.4319       288.4803       289.7489       290.8232       291.1852       291.0530       290.3445       289.1812       288.0730       287.2870    
 2037   287.0703       287.1487       287.5840       288.6216       289.8750       290.9388       291.4111       291.2325       290.4688       289.3398       288.3018       287.6063    
 2038   287.2677       287.3584       287.8607       288.8318       290.0570       291.1887       291.5260       291.3055       290.5456       289.3730       288.3326       287.5277    
 2039   287.1170       287.2021       287.7989       288.7480       290.0470       291.0141       291.3882       291.1833       290.3999       289.1780       288.0423       287.2663    
 2040   286.9881       287.0294       287.6436       288.6940       289.7958       290.8650       291.2341       291.0417       290.2189       289.1422       288.0504       287.3622    
 2041   286.9370       287.0818       287.5876       288.5999       289.8534       290.9021       291.3391       291.0954       290.3700       289.2064       288.1581       287.4540    
 2042   287.2633       287.3876       287.8799       288.8565       290.0501       291.1061       291.5567       291.4562       290.7293       289.5851       288.5258       287.7836    
 2043   287.4840       287.5969       288.1977       289.1273       290.3237       291.3092       291.6967       291.4854       290.7309       289.5661       288.5367       287.7105    
 2044   287.4259       287.3882       287.8548       288.8850       290.1454       291.1590       291.5232       291.2884       290.4855       289.3268       288.2432       287.5310    
 2045   287.1587       287.1334       287.6563       288.6028       289.8458       290.9041       291.2917       291.0633       290.3669       289.2395       288.1093       287.3656    
 2046   287.0747       287.0763       287.6906       288.6511       289.9671       290.9754       291.3665       291.2040       290.5105       289.3893       288.2462       287.5297    
 2047   287.1963       287.2903       287.9254       288.8158       290.0399       291.1098       291.5199       291.4005       290.6311       289.5383       288.4458       287.7233    
 2048   287.4655       287.5905       288.1214       289.1016       290.3563       291.3571       291.7700       291.5437       290.7376       289.6200       288.5767       287.7656    
 2049   287.4401       287.5120       288.0377       289.0518       290.3255       291.2260       291.6461       291.3815       290.6076       289.5622       288.4897       287.6345    
 2050   287.1646       287.3143       287.8869       288.7258       290.0135       291.1110       291.4759       291.3076       290.5618       289.4840       288.3839       287.5717    
 2051   287.3777       287.3186       287.8647       288.7799       289.9781       291.0803       291.4951       291.3112       290.4893       289.3599       288.3104       287.5042    
 2052   287.2792       287.4181       287.8403       288.8943       290.0498       291.0461       291.4898       291.3054       290.5292       289.5101       288.3162       287.5711    
 2053   287.3110       287.3987       287.9265       288.8943       290.0774       291.1743       291.5894       291.4714       290.7636       289.6803       288.6465       287.9671    
 2054   287.5925       287.8073       288.1924       289.1635       290.4972       291.5090       291.8778       291.7538       290.9911       289.9117       288.9384       288.0513    
 2055   287.7967       287.8106       288.2543       289.2406       290.4404       291.4660       291.8308       291.5857       290.7041       289.6368       288.5128       287.7105    
 2056   287.3730       287.4805       287.9439       289.0247       290.1027       291.1069       291.5614       291.2776       290.5620       289.4682       288.2587       287.5802    
 2057   287.1473       287.1894       287.8057       288.8542       290.0110       291.0327       291.4614       291.2751       290.5921       289.4388       288.3437       287.5980    
 2058   287.2462       287.3047       287.8470       288.9595       290.1180       291.1808       291.5196       291.4018       290.6255       289.5163       288.4525       287.7149    
 2059   287.4608       287.5254       288.1021       289.0266       290.2350       291.2224       291.6992       291.5247       290.8706       289.7528       288.6747       287.8905    
 2060   287.6095       287.7487       288.3078       289.3069       290.5072       291.5211       292.0212       291.8378       290.9752       289.9414       288.8303       288.0109    
 2061   287.7436       287.8304       288.3178       289.2039       290.4045       291.4568       291.7997       291.5988       290.8154       289.6588       288.4950       287.6956    
 2062   287.3131       287.4580       288.0036       289.0021       290.2041       291.2094       291.6172       291.4974       290.6693       289.5841       288.4184       287.7362    
 2063   287.3968       287.4670       288.0376       289.0792       290.2584       291.3145       291.6595       291.5137       290.7320       289.6588       288.5874       287.8475    
 2064   287.5795       287.5569       288.0634       289.0442       290.2746       291.3036       291.6996       291.5320       290.8458       289.7912       288.6624       287.8611    
 2065   287.5730       287.7194       288.1730       289.1609       290.4040       291.4553       291.9745       291.7648       291.0365       289.9471       288.9467       288.2163    
 2066   287.8161       287.8938       288.5658       289.3344       290.5925       291.5771       291.9872       291.7397       291.0727       289.9026       288.8611       288.1289    
 2067   287.7895       287.8066       288.3988       289.2776       290.3803       291.3904       291.8046       291.5802       290.8565       289.7250       288.7061       287.9720    
 2068   287.6288       287.6385       288.0672       289.0962       290.4455       291.3767       291.8140       291.5982       290.8655       289.7024       288.6008       287.8208    
 2069   287.4482       287.4912       288.0073       289.0277       290.2340       291.2621       291.6664       291.4750       290.7748       289.7037       288.6105       287.8788    
 2070   287.5184       287.5828       288.1859       289.1523       290.3605       291.3941       291.7651       291.5987       290.8536       289.8054       288.7321       287.9652    
 2071   287.6640       287.7959       288.2593       289.2617       290.5807       291.5680       292.0008       291.7689       290.9724       289.9289       288.8015       288.0820    
 2072   287.7909       287.8436       288.3263       289.3814       290.5050       291.5934       292.0278       291.8031       291.0124       289.9267       288.7822       287.9951    
 2073   287.6190       287.7417       288.2820       289.1805       290.4156       291.4094       291.8626       291.6820       290.9000       289.8011       288.7426       287.9391    
 2074   287.5962       287.5190       288.1129       289.1718       290.3003       291.3582       291.7901       291.6382       290.8937       289.7857       288.7351       287.9479    
 2075   287.5309       287.5916       288.1130       289.1636       290.4298       291.4442       291.8391       291.6518       290.8545       289.7809       288.6211       287.8844    
 2076   287.5049       287.6923       288.1862       289.1911       290.3901       291.3919       291.8191       291.6665       290.9469       289.8537       288.8055       288.0203    
 2077   287.6918       287.8762       288.4042       289.3769       290.5934       291.6060       292.0027       291.9006       291.1461       290.0036       288.9485       288.1919    
 2078   287.8830       287.8716       288.4868       289.4968       290.6660       291.6923       292.0742       291.8708       291.1339       290.0361       289.0054       288.3156    
 2079   287.9189       287.9273       288.5185       289.3900       290.6061       291.5275       291.9641       291.8241       291.0144       289.8859       288.8224       288.0273    
 2080   287.7067       287.7335       288.2879       289.3105       290.4698       291.5258       291.9280       291.7509       290.9650       289.8464       288.8355       288.0066    
 2081   287.6322       287.6636       288.1995       289.1591       290.3585       291.4184       291.8537       291.6935       290.9409       289.8652       288.8061       288.0299    
 2082   287.6318       287.7754       288.1970       289.2655       290.4715       291.5029       291.9163       291.7934       291.0893       290.0481       288.9464       288.1227    
 2083   287.7621       287.8926       288.3595       289.3885       290.5553       291.5528       292.0033       291.7518       291.0117       289.9492       288.9315       288.1670    
 2084   287.7650       287.8648       288.5121       289.3429       290.5682       291.6226       292.0332       291.8408       291.1738       290.0918       289.1280       288.3296    
 2085   287.9518       288.0563       288.5751       289.4918       290.7232       291.6727       292.0475       291.7776       291.0120       290.0019       288.9062       288.1088    
 2086   287.6919       287.7613       288.4337       289.3719       290.5194       291.4323       291.8457       291.7056       291.0238       289.8878       288.8694       288.0385    
 2087   287.7472       287.8547       288.2547       289.2511       290.4433       291.4618       291.8481       291.7075       290.9788       289.9220       288.8426       287.9961    
 2088   287.7279       287.7688       288.2539       289.2741       290.4591       291.4751       291.9723       291.7837       291.0567       290.0385       288.9801       288.1582    
 2089   287.8938       288.0562       288.5357       289.5051       290.6380       291.7180       292.1301       291.9702       291.2388       290.2332       289.1875       288.4526    
 2090   288.2460       288.2549       288.7481       289.7184       290.8991       291.8505       292.2689       292.0835       291.3634       290.2888       289.1913       288.2914    
 2091   287.9750       288.0639       288.5558       289.5646       290.6793       291.6516       291.9983       291.7549       290.9955       289.9928       288.8549       288.0357    
 2092   287.6451       287.7920       288.3073       289.2459       290.4685       291.3587       291.7763       291.5824       290.9697       289.8808       288.7844       287.9605    
 2093   287.7621       287.7168       288.2781       289.2953       290.3819       291.4685       291.8975       291.7600       291.0147       290.0031       288.9069       288.1114    
 2094   287.7726       287.8922       288.3708       289.3515       290.5618       291.5185       291.9939       291.8087       291.1059       290.0506       289.0772       288.2588    
 2095   287.9578       288.0297       288.5581       289.4788       290.6996       291.7535       292.1383       291.9154       291.1385       290.1204       289.1544       288.3731    
 2096   288.0449       287.9311       288.4920       289.4989       290.6562       291.6031       291.9950       291.8441       291.1042       290.0285       288.9712       288.2119    
 2097   287.8192       287.9235       288.4269       289.4698       290.6565       291.5656       292.0526       291.7740       291.0372       290.0148       288.9674       288.2272    
 2098   287.9420       287.9270       288.3690       289.3623       290.5625       291.6032       292.0252       291.8711       291.1628       290.0912       289.0486       288.3283    
 2099   288.0366       288.0067       288.5846       289.5600       290.6959       291.7000       292.1551       292.0381       291.2583       290.1442       289.1447       288.3965    
 2100   288.0633       288.1361       288.5172       289.4761       290.6009       291.6696       292.0205       291.8149       291.0878       290.0625       288.9890       288.2253    
