# <a href=http://cmip-pcmdi.llnl.gov/cmip5/>CMIP5</a> global mean temperature computed at <a href=http://www.knmi.nl/selectfield_cmip5.cgi?someone@somewhere>KNMI Climate Explorer</a> tas_Amon_FIO-ESM_rcp26_r3i1p1
# tas [K] from FIO-ESM model output prepared for CMIP5 RCP2.6 r3i1p1
# cutting out region lon=   -1.406  358.594, lat=  -89.247   89.247
 1850   284.6366       284.8516       285.5139       286.4749       287.2249       287.8731       288.1489       287.9782       287.2074       286.1992       285.4291       284.7342    
 1851   284.4739       284.4542       285.4069       286.4751       287.2093       287.8553       288.1893       288.0070       287.3715       286.5206       285.5227       285.0116    
 1852   284.6490       284.7551       285.5372       286.3863       287.2187       287.9745       288.0960       287.9464       287.3149       286.7585       285.7377       284.9031    
 1853   284.8843       284.9347       285.5866       286.5103       287.3988       287.9342       288.2718       287.9857       287.3326       286.5533       285.6839       284.8971    
 1854   284.7510       284.8714       285.5139       286.4740       287.3757       288.1537       288.3647       287.9018       287.2382       286.4112       285.4698       284.9744    
 1855   284.6240       285.0237       285.5939       286.3798       287.2448       288.0458       288.0688       287.8739       287.3146       286.4834       285.4952       284.5944    
 1856   284.5191       284.6043       285.2883       286.1865       287.0696       287.8155       287.9968       287.9400       287.2239       286.3969       285.3263       284.8703    
 1857   284.5189       284.8148       285.3740       286.4116       287.3550       287.9819       288.1934       287.9802       287.4700       286.5709       285.6977       285.2752    
 1858   284.7321       285.0804       285.5005       286.6722       287.5200       288.2711       288.3386       288.1859       287.3771       286.6141       285.6517       285.0123    
 1859   284.4123       284.7830       285.6944       286.5895       287.4993       288.2093       288.0641       287.9859       287.1617       286.3711       285.4535       284.8251    
 1860   284.3171       284.6216       285.3678       286.2959       287.1768       287.8517       287.9449       287.9377       287.1708       286.4149       285.4810       284.7941    
 1861   284.7922       284.7672       285.6531       286.3709       287.2509       287.8869       288.3638       287.9627       287.3874       286.5513       285.6150       284.9618    
 1862   284.7985       285.0672       285.7444       286.5287       287.5326       288.0528       288.2317       287.9144       287.2253       286.2998       285.4094       284.9425    
 1863   284.6402       285.0018       285.5237       286.4653       287.3374       287.9204       288.1326       287.8128       287.1719       286.4840       285.5026       284.7965    
 1864   284.5032       284.6396       285.5811       286.3365       287.2074       287.8261       288.0614       287.7560       287.1786       286.3401       285.3773       284.8024    
 1865   284.5396       285.0163       285.5563       286.4698       287.4758       288.1148       288.1838       287.9985       287.4174       286.5189       285.6681       285.0298    
 1866   284.6815       284.9064       285.6687       286.4918       287.4233       288.0699       288.4465       288.0952       287.4123       286.5724       285.8910       285.2301    
 1867   284.8504       284.8979       285.8715       286.6155       287.3009       288.0480       288.3779       288.1263       287.4292       286.6575       285.5357       284.8846    
 1868   284.7236       285.0306       285.5984       286.4219       287.4601       288.1704       288.2472       288.0873       287.2967       286.4646       285.6135       284.8441    
 1869   284.7372       284.8881       285.4764       286.4437       287.2600       287.8727       288.3296       287.9693       287.2514       286.5663       285.5433       285.0742    
 1870   284.7074       284.9085       285.6896       286.5558       287.3168       288.1414       288.3147       287.8978       287.2824       286.4085       285.3079       284.7247    
 1871   284.4562       284.3737       285.2068       286.0966       287.0954       287.7773       288.0683       287.8686       287.2346       286.4026       285.4324       284.8154    
 1872   284.5147       284.7613       285.2748       286.4089       287.2685       288.0079       288.1538       287.9340       287.4178       286.5591       285.7957       285.1772    
 1873   284.7457       284.8138       285.8083       286.6977       287.5023       288.2893       288.5044       288.2833       287.5983       286.5540       285.6116       285.0877    
 1874   284.7948       285.0371       285.7288       286.7445       287.4809       288.1225       288.3161       288.0291       287.3730       286.4871       285.5862       284.6155    
 1875   284.4886       284.5051       285.1779       286.3690       287.3107       287.8720       288.0785       287.9388       287.3023       286.4437       285.6054       285.0318    
 1876   284.5432       284.7150       285.5774       286.4292       287.5226       288.0342       288.3032       287.9124       287.3580       286.4776       285.5766       284.9966    
 1877   284.5547       284.6597       285.4097       286.5225       287.2995       287.9367       288.1925       287.8320       287.3645       286.5390       285.6413       284.8978    
 1878   284.8208       284.9254       285.6079       286.4602       287.2187       287.9436       288.2551       287.9514       287.2827       286.5425       285.5501       284.6591    
 1879   284.2401       284.6876       285.2433       286.2645       287.2719       287.9696       288.1137       288.0200       287.3845       286.6584       285.5894       284.9336    
 1880   284.6146       285.0472       285.6853       286.4997       287.3424       288.1194       288.1924       287.9196       287.3172       286.4135       285.5525       284.8604    
 1881   284.4019       284.8015       285.4042       286.2444       287.1622       287.9728       288.0793       287.9498       287.3100       286.4765       285.6395       284.9967    
 1882   284.6545       284.8123       285.7513       286.6425       287.2766       288.0777       288.3957       288.1405       287.4335       286.6816       285.6164       285.1046    
 1883   284.7236       284.8265       285.4930       286.4417       287.1620       287.9127       288.0880       287.8740       287.3319       286.3510       285.3297       284.7338    
 1884   284.5455       284.7480       285.7020       286.4241       287.4026       288.1699       288.2239       288.1011       287.5158       286.5463       285.6762       284.8876    
 1885   284.6321       284.9326       285.5559       286.3713       287.3228       288.1588       288.2574       288.1542       287.5728       286.7116       285.8557       285.1490    
 1886   284.7718       285.0580       285.7078       286.6630       287.6636       288.3286       288.4555       288.2303       287.4991       286.5484       285.6067       284.9643    
 1887   284.3982       284.8587       285.4760       286.3219       287.0911       287.8012       287.9979       287.8024       287.3181       286.4418       285.5999       284.9634    
 1888   284.5518       284.7354       285.5333       286.3690       287.4923       288.1319       288.3954       288.2257       287.4765       286.5543       285.7136       285.1300    
 1889   284.7831       285.0493       285.7276       286.6191       287.5745       288.2479       288.5126       288.1620       287.4828       286.6036       285.6626       285.1933    
 1890   284.5587       284.7047       285.3361       286.2991       287.1725       288.0023       288.0582       287.9431       287.2353       286.4804       285.5110       284.9828    
 1891   284.6107       284.5338       285.6291       286.5031       287.1812       287.9838       288.3069       288.0736       287.4536       286.5131       285.5998       285.0473    
 1892   284.7400       285.2340       286.0444       286.6204       287.6057       288.2326       288.4164       288.2943       287.5701       286.7422       285.8010       285.0001    
 1893   284.6945       285.1147       285.7409       286.5654       287.5034       288.1554       288.2864       287.9964       287.3900       286.5244       285.5791       284.6756    
 1894   284.6084       285.0381       285.4756       286.2708       287.4215       288.1580       288.1835       287.9584       287.3982       286.4720       285.7011       285.1294    
 1895   284.7423       285.0945       285.4601       286.4279       287.3151       288.0888       288.4324       288.1037       287.5533       286.6324       285.7415       285.2592    
 1896   284.9763       284.8381       285.7674       286.6162       287.3343       288.0549       288.1414       288.0253       287.4236       286.4170       285.3629       284.9648    
 1897   284.5247       284.6758       285.4041       286.2940       287.1941       287.9110       288.1250       287.9183       287.2381       286.4226       285.5559       284.8199    
 1898   284.5837       284.7636       285.2767       286.5309       287.3351       288.0023       288.1151       288.0277       287.3006       286.5399       285.7101       284.6119    
 1899   284.2226       284.7681       285.6737       286.4909       287.3415       287.9065       288.0229       287.7903       287.3067       286.4963       285.6575       285.0738    
 1900   284.7074       285.1741       285.5959       286.4327       287.4445       287.9662       288.2752       288.1541       287.5375       286.5750       285.7167       284.9018    
 1901   284.9504       285.3417       285.6430       286.6955       287.6717       288.2601       288.4885       288.1271       287.5640       286.6175       285.6143       284.8530    
 1902   284.9035       285.0882       285.7116       286.6588       287.6084       288.1892       288.1251       287.9000       287.3175       286.2652       285.4165       284.6945    
 1903   284.4415       284.6511       285.3924       286.2668       287.2342       287.8010       288.1027       287.9948       287.2296       286.3766       285.4548       284.9060    
 1904   284.3488       284.9890       285.7216       286.5298       287.4178       288.2237       288.4508       288.1784       287.6871       286.7257       285.7578       285.1851    
 1905   284.8610       284.9573       285.6461       286.8332       287.6099       288.2462       288.3946       288.1349       287.2980       286.4987       285.6454       285.0022    
 1906   284.5902       284.4803       285.3875       286.3403       287.2251       288.0123       288.2384       288.0770       287.5059       286.4896       285.6364       285.1122    
 1907   285.0186       285.0239       285.7937       286.4828       287.4406       288.1241       288.3387       288.1364       287.3972       286.6550       285.6067       285.1776    
 1908   284.6017       284.6155       285.4413       286.4261       287.3899       287.9486       288.1986       287.8510       287.2845       286.5428       285.5757       285.0114    
 1909   284.7951       284.9850       285.7279       286.6052       287.4395       288.1674       288.3140       287.9691       287.4623       286.6738       285.8207       285.2343    
 1910   284.8634       284.9967       285.9768       286.7191       287.7004       288.3164       288.5743       288.2602       287.5901       286.7477       285.8606       285.2298    
 1911   284.8567       284.6902       285.5746       286.4839       287.4129       288.0836       288.2655       287.9957       287.3777       286.2408       285.4424       284.6667    
 1912   284.3818       284.6091       285.1620       286.0063       287.0083       287.7930       287.8908       287.8409       287.2613       286.3063       285.2317       284.8244    
 1913   284.3184       284.8354       285.6642       286.3092       287.2098       288.0679       288.1692       287.9391       287.4255       286.5800       285.5854       284.8905    
 1914   284.8836       285.2463       285.7552       286.6995       287.4824       288.2359       288.5251       288.3818       287.7764       286.8754       286.0234       285.1874    
 1915   284.8502       285.0911       285.8812       286.7083       287.4991       288.2273       288.3579       288.1371       287.3550       286.4821       285.4938       284.8782    
 1916   284.6925       284.8847       285.4535       286.3277       287.1748       287.7418       288.1297       288.1167       287.4148       286.4408       285.4867       285.0023    
 1917   284.6992       285.2433       285.6809       286.4932       287.5797       288.2035       288.1931       288.0464       287.3708       286.7496       285.8753       285.2112    
 1918   284.8920       285.2162       285.6996       286.6452       287.4940       288.1663       288.4404       287.9867       287.4817       286.7421       285.9500       285.1184    
 1919   284.9121       284.9433       285.5548       286.5422       287.2452       288.0087       288.1814       287.9971       287.3352       286.5662       285.6742       284.9378    
 1920   284.7246       285.0787       285.6501       286.5975       287.4861       288.0329       288.2953       288.1737       287.4652       286.5840       285.8030       285.2130    
 1921   284.6324       285.1623       285.9597       287.0042       287.8002       288.4047       288.4755       288.3210       287.5486       286.7329       285.7469       285.0879    
 1922   284.7318       284.8217       285.5012       286.5076       287.3288       287.9554       288.2479       287.9226       287.3168       286.6220       285.6012       284.9879    
 1923   284.6916       284.8395       285.5102       286.4580       287.3274       288.0245       288.3434       288.1326       287.5351       286.7605       285.6706       285.2328    
 1924   284.7986       285.0580       285.9286       286.7558       287.6588       288.3202       288.5822       288.2772       287.4005       286.7605       285.9458       285.2221    
 1925   284.8030       285.2508       286.0584       286.7816       287.5837       288.1490       288.3376       288.0619       287.3045       286.4596       285.4377       284.7771    
 1926   284.6040       284.8160       285.5149       286.3663       287.3286       288.1266       288.3203       288.0775       287.3842       286.5730       285.5649       285.0367    
 1927   284.8526       285.1510       286.1912       286.8701       287.6132       288.3974       288.6064       288.1437       287.6202       286.6135       285.6897       284.9991    
 1928   284.8229       284.7545       285.7784       286.4135       287.3877       287.8723       288.2582       288.0105       287.4533       286.6793       285.7395       285.1974    
 1929   284.7743       285.0571       285.7659       286.6811       287.5105       288.0899       288.5580       288.2003       287.6299       286.7691       285.8588       285.4407    
 1930   284.8870       285.1808       286.0661       286.7088       287.6309       288.0886       288.4082       288.1269       287.4939       286.6454       285.8796       285.1804    
 1931   284.7163       284.9994       285.8326       286.4934       287.4612       288.1765       288.2956       288.0318       287.3198       286.4936       285.5447       284.9984    
 1932   284.8038       284.7346       285.6909       286.6721       287.5141       288.0707       288.2402       288.1727       287.3560       286.4872       285.6138       284.9305    
 1933   284.7386       285.0569       285.7679       286.6840       287.5725       288.2934       288.4526       288.3165       287.7207       286.8422       286.0821       285.4048    
 1934   284.8273       285.0656       286.0316       286.7467       287.5926       288.2970       288.6451       288.3925       287.5866       286.6440       285.7494       284.8843    
 1935   284.6273       285.0739       285.6240       286.4090       287.2901       287.9776       288.1615       288.0736       287.4871       286.5706       285.5236       285.0477    
 1936   284.7231       284.8709       285.3968       286.5705       287.4813       288.2682       288.4603       288.2971       287.7518       286.9139       286.0412       285.2588    
 1937   285.0226       285.3634       285.9578       286.8514       287.5761       288.2451       288.5500       288.4073       287.6456       286.9867       285.8777       285.2322    
 1938   284.8388       284.7130       285.6132       286.6044       287.3893       287.9612       288.2925       288.0197       287.3419       286.4662       285.5885       284.8128    
 1939   284.8238       284.7526       285.3902       286.3460       287.2882       288.0594       288.2455       288.0419       287.4966       286.6223       285.7882       285.2214    
 1940   284.8620       284.9300       285.7711       286.5945       287.4119       288.1977       288.3831       288.0440       287.4475       286.7962       285.7274       285.2076    
 1941   285.0297       285.2820       285.9532       286.7984       287.5752       288.3079       288.5443       288.3839       287.5431       286.7295       285.6336       285.1795    
 1942   284.7449       284.9819       285.7459       286.5387       287.4768       288.1155       288.4040       288.1492       287.5749       286.8434       285.8625       284.9968    
 1943   284.7558       284.9767       285.9146       286.8252       287.5982       288.3522       288.5871       288.2793       287.8064       286.7961       285.9406       285.2730    
 1944   285.0357       285.4274       286.0939       286.8290       287.6992       288.2795       288.3020       288.1469       287.5017       286.6290       285.6956       285.0540    
 1945   284.7520       285.0296       285.5696       286.5956       287.4707       288.1299       288.4015       288.1655       287.6972       286.8472       285.9319       285.3237    
 1946   284.8692       285.2616       286.1533       286.7903       287.4727       288.3540       288.6497       288.2865       287.6574       286.7924       285.9649       285.3040    
 1947   285.0910       285.3377       285.7373       286.7347       287.6691       288.3428       288.4968       288.1849       287.5659       286.8783       285.8249       285.1169    
 1948   284.7189       284.9610       285.5591       286.3627       287.2964       288.0891       288.2783       288.0043       287.5670       286.7468       286.0169       285.1896    
 1949   284.9434       285.0341       285.7044       286.5801       287.5180       288.1478       288.3135       288.2645       287.7067       286.8869       285.9041       285.2366    
 1950   285.0482       285.4504       286.3062       286.9221       287.6841       288.3199       288.5352       288.4138       287.8178       286.7612       285.8461       285.1436    
 1951   284.8537       284.7083       285.4366       286.5247       287.4996       288.0440       288.2614       288.0623       287.4543       286.5828       285.6995       285.1693    
 1952   284.7836       285.0054       285.8685       286.7695       287.5324       288.2869       288.5949       288.3939       287.6871       286.8881       285.9016       285.4551    
 1953   285.2296       285.4740       286.2093       287.0668       287.7420       288.4279       288.7068       288.3789       287.8242       286.9004       285.9030       285.2914    
 1954   284.8536       285.1858       286.1256       286.8125       287.7535       288.3846       288.6128       288.3705       287.8433       287.0110       286.0089       285.1474    
 1955   285.1026       285.1428       286.1170       286.7698       287.6337       288.3729       288.5698       288.2247       287.7556       286.8148       285.8824       285.1711    
 1956   284.9158       285.3598       285.8677       286.7627       287.7953       288.4027       288.6659       288.2809       287.7172       286.9623       285.9463       285.1310    
 1957   284.8792       285.1062       285.6348       286.6803       287.5984       288.3710       288.5948       288.3461       287.7975       286.8857       286.0082       285.3592    
 1958   285.2052       285.1841       286.0103       286.7934       287.7537       288.4866       288.7403       288.4026       287.7266       287.0876       286.1722       285.3051    
 1959   285.0996       285.5060       286.0795       286.7826       287.5932       288.2179       288.6438       288.2681       287.6334       286.9199       285.9195       284.9943    
 1960   284.9624       285.2408       285.8837       286.7080       287.5926       288.2545       288.5055       288.3647       287.5432       286.8464       285.8324       285.2363    
 1961   285.1277       285.4210       286.1393       287.0504       287.6931       288.4548       288.6270       288.3960       287.7749       287.0520       285.9785       285.5916    
 1962   285.1793       285.3058       286.1098       286.7856       287.5637       288.1943       288.4446       288.2997       287.5106       286.7538       285.6763       284.9402    
 1963   284.6955       285.0443       285.5096       286.4433       287.4102       288.2023       288.4116       288.2619       287.6175       286.7107       286.0529       285.3807    
 1964   285.0553       285.2591       286.0562       286.9388       287.8530       288.4136       288.8441       288.4929       287.6666       286.7371       285.9035       285.1950    
 1965   285.1705       285.2057       285.9327       286.9221       287.5826       288.3035       288.4797       288.2728       287.6288       286.8347       285.8519       285.0715    
 1966   285.1569       285.1170       285.7637       286.5895       287.5822       288.2156       288.6014       288.3765       287.7512       286.8544       286.0244       285.4304    
 1967   285.0692       285.6090       286.2401       286.9070       287.7297       288.2971       288.7166       288.3820       287.8530       286.8299       285.8807       285.2780    
 1968   285.1853       285.0404       285.9509       286.7214       287.7058       288.2877       288.4427       288.3243       287.8168       286.9414       285.9212       285.4459    
 1969   285.1277       285.4360       286.1859       286.8199       287.7009       288.4095       288.5945       288.4479       287.7485       287.0093       286.0981       285.3709    
 1970   284.9827       285.1628       285.8665       286.8525       287.6853       288.4122       288.5862       288.4010       287.9459       287.0072       286.1971       285.5466    
 1971   285.1988       285.3651       286.0079       286.8050       287.7627       288.5786       288.6222       288.3194       287.8236       287.0000       286.0580       285.4626    
 1972   285.1786       285.4994       286.0541       287.0693       287.9633       288.6601       288.7672       288.2316       287.7686       286.8762       286.0113       285.3449    
 1973   284.9512       285.4096       286.0366       286.9515       287.9110       288.3970       288.5166       288.2885       287.7417       286.8438       285.7761       285.2792    
 1974   285.0916       285.3446       285.7553       286.6844       287.6644       288.3929       288.6467       288.4044       287.8642       286.9315       286.1270       285.5822    
 1975   285.3062       285.4092       286.2232       287.0403       287.7918       288.5418       288.8275       288.4980       287.8090       286.9647       285.8767       285.2834    
 1976   285.1270       285.2070       285.8460       286.9238       287.9604       288.5561       288.6032       288.3472       287.7482       287.0302       286.0664       285.4444    
 1977   285.4432       285.2788       286.0378       287.1810       287.7771       288.6568       288.8382       288.5596       288.0229       287.1231       286.2596       285.7692    
 1978   285.3547       285.6052       286.2564       287.1097       287.9994       288.6633       288.8660       288.6974       288.0420       287.1004       286.1606       285.3416    
 1979   285.4233       285.4617       286.0680       287.1295       287.8605       288.4989       288.7699       288.5118       287.9186       287.0926       286.2892       285.5527    
 1980   284.8409       285.3141       285.9219       286.8053       287.6520       288.4393       288.4682       288.3753       287.7825       286.9064       286.0412       285.4936    
 1981   285.2514       285.3291       286.1684       286.9565       287.9624       288.5926       288.8942       288.6238       288.0925       287.3972       286.5161       285.7892    
 1982   285.4519       285.8201       286.3639       287.0528       288.0205       288.7682       288.9712       288.5618       287.8978       287.0023       286.2829       285.5824    
 1983   285.3238       285.4530       286.0927       286.9228       287.7498       288.2791       288.3999       288.3999       287.6356       286.8092       285.9188       285.2862    
 1984   284.8308       285.3977       285.9158       286.8271       287.7036       288.4643       288.8314       288.5895       288.1150       287.1966       286.3660       285.7692    
 1985   285.5587       285.8921       286.2599       287.1932       288.0871       288.6591       288.8632       288.6059       288.0556       287.2329       286.4680       285.6659    
 1986   285.3258       285.6561       286.3240       287.1817       287.9804       288.6431       288.9244       288.6665       288.0510       287.1309       286.1289       285.6902    
 1987   285.4720       285.6176       286.2392       286.9751       288.0043       288.6253       288.7956       288.6896       288.0284       287.1996       286.4073       285.6720    
 1988   285.5210       285.9229       286.2346       287.3302       287.9447       288.6095       288.9838       288.8237       288.2267       287.4730       286.5288       285.8967    
 1989   285.6990       285.8856       286.5883       287.3668       288.1560       288.9207       289.1304       288.7623       288.3279       287.4873       286.5291       285.7652    
 1990   285.6786       285.7056       286.6259       287.2452       288.1054       288.8431       288.9990       288.6592       288.1399       287.2172       286.3069       285.6282    
 1991   285.2105       285.4392       286.2332       286.9853       287.7509       288.7324       289.0471       288.9574       288.2591       287.3835       286.4911       285.7383    
 1992   285.6061       285.7390       286.5680       287.6164       288.2691       288.9724       289.1815       288.9306       288.3280       287.6145       286.8594       285.9532    
 1993   285.5476       285.9169       286.6626       287.3625       288.1259       288.8030       288.9691       288.8611       287.9831       287.2478       286.3116       285.4774    
 1994   285.2294       285.3325       285.9504       286.9655       287.8813       288.5038       288.7237       288.7298       288.0533       287.1159       286.2129       285.4751    
 1995   285.2765       285.7413       286.2545       287.4247       288.1825       288.8394       289.2065       288.9863       288.4717       287.4742       286.7076       286.2154    
 1996   285.7944       286.0056       286.5632       287.4070       288.1404       288.9487       289.2243       288.8408       288.3056       287.4890       286.6516       285.8806    
 1997   285.6591       285.7122       286.6026       287.3452       288.3458       289.0022       289.1809       288.8486       288.1592       287.5566       286.7314       286.2555    
 1998   285.8104       286.0019       286.6723       287.4858       288.4348       288.9811       289.0992       288.8513       288.3241       287.5534       286.6852       286.0057    
 1999   285.7940       285.8697       286.7888       287.7394       288.5003       289.0728       289.3093       288.8901       288.2114       287.4310       286.5614       285.8940    
 2000   285.4753       285.7301       286.5217       287.2114       288.1265       288.9235       289.0835       288.7639       288.0268       287.1465       286.3020       285.7144    
 2001   285.5136       285.4826       286.1396       287.1874       287.9599       288.8775       289.0848       288.9684       288.2975       287.5085       286.5711       285.9485    
 2002   285.8864       286.1566       286.7158       287.5309       288.3490       289.1119       289.3516       289.1497       288.4530       287.8465       286.8691       286.2582    
 2003   285.8294       285.8097       286.7415       287.5588       288.3124       288.8978       289.0943       288.9106       288.2455       287.4391       286.6731       285.9549    
 2004   285.7720       285.8860       286.5305       287.4822       288.3300       289.0060       289.2976       289.1499       288.4707       287.7080       286.7828       286.2457    
 2005   285.9810       286.0045       286.8319       287.6898       288.4749       289.2266       289.3291       289.1076       288.4674       287.6163       286.9004       286.1800    
 2006   286.0845       286.1594       286.6723       287.6274       288.3532       289.0172       289.4107       289.1443       288.3735       287.5256       286.5620       286.0273    
 2007   285.7274       286.0068       286.6923       287.4818       288.3774       289.1364       289.3290       289.1120       288.5393       287.8582       286.9368       286.3517    
 2008   286.1422       286.1307       286.7520       287.4417       288.4269       288.9499       289.4254       289.0348       288.4575       287.6284       286.8487       285.9938    
 2009   285.8192       285.9966       286.4850       287.4013       288.3557       289.1519       289.2736       289.1424       288.4092       287.5919       286.7004       286.0524    
 2010   285.7678       286.0952       286.8745       287.5314       288.5854       289.1811       289.4279       289.3560       288.7077       287.9293       286.9007       286.5250    
 2011   285.8841       286.1331       286.9601       287.8352       288.6357       289.4337       289.5652       289.2414       288.5402       287.5214       286.8475       285.9409    
 2012   285.6328       285.7754       286.5812       287.6533       288.4952       289.1013       289.2426       289.0274       288.4310       287.6321       286.9957       286.0746    
 2013   285.9722       286.1156       286.8255       287.6393       288.5268       289.0765       289.4397       289.3483       288.7474       287.9718       287.0755       286.4094    
 2014   285.8645       286.4749       286.9349       287.7472       288.5497       289.1494       289.4323       288.8975       288.1613       287.4539       286.4996       285.9156    
 2015   285.6433       285.9107       286.3238       287.5154       288.1610       288.9757       289.2805       289.0995       288.4732       287.7929       286.9038       286.2953    
 2016   285.9975       285.7954       286.5572       287.6976       288.5453       289.1626       289.3824       289.2630       288.5401       287.9073       287.1716       286.3693    
 2017   286.0329       286.2885       286.8383       287.7513       288.6419       289.3115       289.5852       289.3556       288.7027       287.7200       286.9048       286.0981    
 2018   286.0114       286.2282       286.7860       287.6581       288.4157       289.1064       289.3683       289.0818       288.7411       288.0101       287.2260       286.6107    
 2019   286.0384       286.4831       287.1461       287.7804       288.6137       289.1950       289.4976       289.2437       288.6179       287.8180       287.0243       286.0805    
 2020   286.0049       286.0652       286.5146       287.4873       288.4454       289.1320       289.3212       289.0728       288.4972       287.7934       286.8040       286.0366    
 2021   286.0034       286.3315       286.8024       287.4849       288.4591       289.2229       289.5563       289.3326       288.5949       287.9195       286.9655       286.1990    
 2022   285.9726       286.2543       286.9260       287.7115       288.6025       289.2516       289.5523       289.2674       288.7101       287.7788       286.9005       286.3438    
 2023   285.8875       285.7997       286.4561       287.6004       288.5528       289.2758       289.4876       289.2827       288.7536       287.9875       287.2040       286.3862    
 2024   286.0200       286.3565       286.9842       287.8571       288.6357       289.3878       289.5869       289.2120       288.5481       287.7312       286.7968       286.0804    
 2025   285.5122       286.0738       286.5894       287.4630       288.2532       289.0293       289.2093       289.1416       288.7213       287.9637       286.9112       286.0861    
 2026   285.7747       286.1728       286.8551       287.9298       288.6589       289.4136       289.6379       289.5078       288.8366       287.9640       287.1860       286.5293    
 2027   285.9546       286.3209       287.0059       287.7459       288.7114       289.5282       289.5600       289.3068       288.6815       287.8011       286.9018       286.3634    
 2028   285.8286       286.2291       286.6039       287.5929       288.5045       289.2050       289.4532       289.3401       288.6610       287.9080       287.0635       286.4841    
 2029   286.0645       286.2357       286.9935       287.8699       288.8590       289.5770       289.5982       289.2076       288.7325       287.9853       287.1740       286.4386    
 2030   286.1288       286.3525       286.7729       287.6667       288.5970       289.3097       289.5504       289.3398       288.6751       287.9961       287.1782       286.5125    
 2031   286.1090       286.5038       286.8710       287.6955       288.7594       289.3948       289.6636       289.5069       288.8756       288.1576       287.1904       286.4914    
 2032   286.3903       286.3126       287.2032       287.9033       288.6810       289.2662       289.4450       289.3934       288.5924       287.8027       287.0072       286.2150    
 2033   285.8982       285.9032       286.4578       287.5133       288.5202       289.3430       289.5242       289.4276       288.7645       287.8961       287.0779       286.4930    
 2034   286.2223       286.5232       287.1708       287.8900       288.6824       289.4678       289.8121       289.5054       288.8279       288.0019       287.1252       286.5942    
 2035   286.2316       286.2134       286.6799       287.6240       288.5184       289.2068       289.5682       289.2174       288.5327       287.7129       286.9073       286.4093    
 2036   285.8509       286.2088       287.0134       287.9165       288.6366       289.4082       289.6635       289.5577       288.8921       288.1697       287.3789       286.7245    
 2037   286.3199       286.5661       287.0737       287.8246       288.8670       289.6227       289.7262       289.5295       289.0125       288.0240       287.2083       286.3451    
 2038   286.0977       286.5022       286.9622       287.8426       288.8125       289.4613       289.6768       289.2921       288.6614       287.5838       286.6540       285.9870    
 2039   285.7190       285.8585       286.6741       287.6748       288.4348       289.2113       289.4883       289.2773       288.7141       287.8047       287.0741       286.3460    
 2040   286.0140       286.3559       287.0994       288.0615       288.8485       289.5604       289.7897       289.6990       289.0106       288.1878       287.1871       286.6821    
 2041   286.2301       286.3711       286.8926       287.9211       288.8559       289.4255       289.5682       289.2358       288.6226       287.7263       286.7676       286.1405    
 2042   285.6847       286.0445       286.5742       287.6100       288.5730       289.4779       289.6223       289.3821       288.8769       288.1183       287.1568       286.5917    
 2043   286.0201       286.5913       287.2149       288.0544       288.8418       289.5942       289.7924       289.5707       289.0264       288.1325       287.2457       286.5113    
 2044   286.1263       286.2447       287.2914       288.0781       288.7466       289.5195       289.7236       289.3854       288.9150       288.0523       287.2047       286.4911    
 2045   286.2303       286.3668       286.8181       287.8326       288.7750       289.6044       289.7600       289.5817       288.9027       288.0995       287.1055       286.4948    
 2046   286.1135       286.3017       287.0493       288.0358       288.7836       289.5269       289.7347       289.3768       288.8758       288.1163       286.9962       286.4901    
 2047   285.9124       286.3222       287.0982       288.0001       288.8374       289.4922       289.7654       289.6346       288.9884       288.0680       287.3785       286.4471    
 2048   286.3284       286.3780       287.2016       288.0671       288.8148       289.6281       289.7765       289.4873       288.9568       288.2177       287.1211       286.5472    
 2049   286.3366       286.4161       286.9840       287.9578       289.0226       289.6882       289.9818       289.5963       288.9770       288.0659       287.3153       286.5510    
 2050   286.4544       286.0742       286.7806       287.6982       288.5774       289.2234       289.5270       289.3031       288.7729       287.8935       287.0642       286.3320    
 2051   286.1590       286.3914       287.0275       287.9490       288.7549       289.5769       289.8317       289.6253       288.9964       288.1505       287.3113       286.5310    
 2052   286.2556       286.5054       287.0859       288.0364       288.7985       289.6332       289.7325       289.5763       288.8785       288.1401       287.1879       286.3585    
 2053   286.2863       286.2383       286.9820       287.9289       288.7807       289.4454       289.8829       289.4638       288.8720       288.1939       287.4332       286.5894    
 2054   286.1241       286.5629       287.2320       287.9668       288.8128       289.4314       289.8388       289.4485       288.9784       288.0693       287.1496       286.3243    
 2055   285.8516       285.8217       286.7469       287.8803       288.6071       289.2815       289.4765       289.4359       288.7129       287.8538       287.0649       286.3859    
 2056   285.7534       286.2735       286.9039       287.7579       288.8396       289.4361       289.7942       289.5635       288.8859       287.9548       287.1339       286.3877    
 2057   286.0859       286.3954       286.9536       287.9718       288.9125       289.5451       289.8274       289.4572       288.8850       287.9638       287.2104       286.2803    
 2058   286.2259       285.9462       286.8136       287.7987       288.6599       289.3806       289.5561       289.2890       288.6727       287.8292       286.8262       285.9469    
 2059   285.7058       285.7286       286.6158       287.7325       288.5679       289.2426       289.4604       289.3423       288.5406       287.7830       286.8174       286.3364    
 2060   286.1519       286.3506       286.8181       287.7491       288.8681       289.4724       289.9150       289.8242       289.1184       288.2264       287.0904       286.5744    
 2061   286.1994       286.4731       287.0852       287.9320       288.9171       289.6457       289.9184       289.5716       288.7137       287.6745       286.9448       286.3257    
 2062   286.1655       286.3235       286.9603       287.8636       288.7434       289.5324       289.6642       289.5564       288.9354       288.1032       287.1151       286.3512    
 2063   286.0757       286.5790       287.0934       287.9263       288.6956       289.4235       289.8001       289.4524       288.8082       287.8523       286.9163       286.4233    
 2064   285.9958       286.0113       286.8788       287.9671       288.7483       289.3901       289.4308       289.0907       288.5770       287.6370       286.4442       285.8702    
 2065   285.6055       285.7838       286.4793       287.4788       288.5717       289.1974       289.5461       289.2141       288.6177       287.7727       286.7550       286.1559    
 2066   285.9944       286.1566       286.7407       287.4497       288.5356       289.3338       289.6547       289.4505       288.6985       287.8732       286.9890       286.2667    
 2067   285.7045       285.7681       286.7302       287.7916       288.7021       289.4527       289.6454       289.4201       288.6782       287.8183       286.7828       285.9542    
 2068   285.7224       286.0359       286.7089       287.7069       288.6713       289.4401       289.6784       289.3144       288.7764       287.9364       287.0836       286.4078    
 2069   285.7869       286.2816       286.6943       287.7271       288.6417       289.4690       289.6607       289.3896       288.7724       287.9163       286.9425       286.4686    
 2070   285.9314       286.0460       286.6382       287.7668       288.7381       289.4821       289.4853       289.0316       288.4077       287.6653       286.5540       285.7639    
 2071   285.5268       285.8339       286.4333       287.5902       288.5554       289.1589       289.4380       289.2399       288.5117       287.7132       286.7810       286.1142    
 2072   286.0445       286.2185       286.6169       287.8567       288.5771       289.3258       289.5887       289.5749       288.8325       287.8745       286.9637       286.1733    
 2073   285.7076       285.8605       286.5107       287.6043       288.4668       289.1979       289.4518       289.2220       288.4344       287.3282       286.4810       285.6581    
 2074   285.4471       285.5870       286.4124       287.2277       288.1904       289.0162       289.1747       288.9584       288.2511       287.4962       286.5005       285.8063    
 2075   285.6849       285.7016       286.4904       287.5085       288.4712       289.3789       289.5470       289.1978       288.5609       287.6682       286.7281       285.9383    
 2076   285.7707       285.8276       286.7246       287.7796       288.5189       289.3681       289.6553       289.3871       288.6928       287.7913       286.7567       286.2113    
 2077   285.8456       286.0637       286.7606       287.4057       288.5903       289.2076       289.3934       289.0857       288.3643       287.4593       286.3341       285.5451    
 2078   285.2499       285.5131       286.2973       287.4770       288.4086       289.1773       289.3758       289.1540       288.5750       287.7323       286.7804       285.9870    
 2079   285.4208       286.0198       286.5707       287.5687       288.5482       289.2798       289.5652       289.3982       288.5512       287.7955       286.7799       285.9736    
 2080   285.6938       285.6880       286.6770       287.6428       288.6490       289.3523       289.6816       289.3906       288.7268       287.7808       286.6631       285.9977    
 2081   285.8894       286.0707       286.8108       287.6991       288.5065       289.1217       289.4211       289.1410       288.4557       287.5818       286.4565       285.7351    
 2082   285.5217       285.4002       286.1147       287.1040       288.0157       289.0213       289.3057       288.9510       288.3365       287.6666       286.5547       285.7387    
 2083   285.7433       285.7196       286.4299       287.5254       288.5135       289.1772       289.5514       289.4451       288.6392       287.7881       286.6904       286.0028    
 2084   285.6790       286.0062       286.6089       287.6075       288.5158       289.3911       289.4767       289.1452       288.3297       287.5051       286.5853       285.8235    
 2085   285.4733       285.4844       286.4528       287.4489       288.4003       289.0406       289.3080       289.0304       288.2901       287.2675       286.0304       285.5229    
 2086   285.5545       285.4848       286.2275       287.2309       288.3367       289.0010       289.1924       288.9890       288.2834       287.3871       286.2422       285.5828    
 2087   285.2039       285.4218       286.3856       287.4084       288.3223       289.1886       289.3031       289.2130       288.3919       287.4534       286.6150       285.7286    
 2088   285.4501       285.5791       286.4127       287.4777       288.4538       289.3003       289.4689       289.0420       288.3817       287.5581       286.4784       286.0485    
 2089   285.5483       285.5462       286.4744       287.5590       288.5880       289.3405       289.5094       289.3031       288.4927       287.6579       286.5877       285.8839    
 2090   285.4612       285.6652       286.5855       287.5468       288.4937       289.1935       289.5349       289.2325       288.4883       287.5706       286.6970       285.6385    
 2091   285.2315       285.5062       286.0675       287.4405       288.3480       289.0891       289.3261       289.1124       288.3730       287.4560       286.5096       285.6182    
 2092   285.2688       285.8096       286.3136       287.3859       288.4695       289.2222       289.4185       289.0401       288.4595       287.5435       286.4762       285.6270    
 2093   285.6360       285.7732       286.2673       287.3806       288.4325       289.1180       289.2596       289.0264       288.3541       287.4443       286.6329       285.7676    
 2094   285.2257       285.8631       286.5914       287.5503       288.4973       289.2541       289.5273       289.1648       288.3174       287.3673       286.4315       285.1969    
 2095   285.2916       285.6285       286.4243       287.2394       288.5455       289.0066       289.3293       289.0763       288.4167       287.3955       286.3544       285.7506    
 2096   285.2740       285.7800       286.2416       287.1253       288.2772       288.9408       289.3811       289.1391       288.3712       287.4801       286.2032       285.7702    
 2097   285.2849       285.6952       286.3213       287.4247       288.3023       289.0729       289.3671       289.0240       288.2802       287.3985       286.4072       285.4715    
 2098   285.2590       285.1906       286.1321       287.2045       288.1389       288.7792       289.0211       288.8466       288.1797       287.3270       286.1394       285.3265    
 2099   285.0066       285.1908       286.2394       287.2341       288.1541       289.0786       289.3046       289.0941       288.4041       287.5424       286.4593       285.7651    
 2100   285.2241       285.6756       286.4508       287.4933       288.3875       289.1313       289.4391       289.3293       288.4984       287.4032       286.5043       285.7089    
