# <a href=http://cmip-pcmdi.llnl.gov/cmip5/>CMIP5</a> global mean temperature computed at <a href=http://www.knmi.nl/selectfield_cmip5.cgi?someone@somewhere>KNMI Climate Explorer</a> tas_Amon_FIO-ESM_rcp26_r1i1p1
# tas [K] from FIO-ESM model output prepared for CMIP5 RCP2.6 r1i1p1
# cutting out region lon=   -1.406  358.594, lat=  -89.247   89.247
 1850   284.5929       284.6348       285.3127       286.1620       287.0616       287.8395       288.2529       287.9608       287.2947       286.4346       285.6184       284.8259    
 1851   284.5284       284.7472       285.4756       286.2219       287.1981       287.9513       288.1518       287.9256       287.2788       286.4948       285.5667       284.9872    
 1852   284.6237       284.7960       285.6362       286.6075       287.3009       288.0226       288.3380       288.1813       287.4594       286.7831       285.8260       285.1880    
 1853   284.8637       285.2256       285.7908       286.6428       287.5350       287.9715       288.3399       288.1380       287.2931       286.2764       285.3690       284.4772    
 1854   284.5282       284.6683       285.3275       286.3484       287.4051       287.8730       288.0634       287.8355       287.1246       286.3699       285.5833       284.7060    
 1855   284.3485       284.8180       285.5571       286.6028       287.4128       288.0266       288.0915       287.9706       287.3210       286.4382       285.4740       284.7703    
 1856   284.8830       284.8566       285.5989       286.6777       287.2748       288.0887       288.2001       287.9117       287.3101       286.4534       285.5453       284.8069    
 1857   284.5506       284.7226       285.5667       286.4561       287.2791       287.9985       288.0786       287.9292       287.3372       286.4552       285.5388       284.9216    
 1858   284.5880       284.8507       285.3303       286.4549       287.3492       287.7758       288.0454       287.8339       287.3595       286.3859       285.3102       284.8225    
 1859   284.5475       285.0986       285.5989       286.3974       287.2805       288.0486       288.4753       288.1683       287.6921       286.6995       285.6539       285.1945    
 1860   284.9588       285.1714       285.8245       286.6867       287.5831       288.1551       288.5142       288.0778       287.4771       286.6777       285.6920       285.0351    
 1861   284.9395       285.0693       285.7446       286.6514       287.4472       288.1311       288.2291       287.9566       287.5172       286.4196       285.5104       284.8576    
 1862   284.7387       284.8946       285.6364       286.4550       287.3288       288.0130       288.2725       288.0981       287.3396       286.6348       285.6793       284.9929    
 1863   284.9555       285.1994       285.8110       286.6453       287.4729       288.1451       288.2999       288.1162       287.3730       286.6126       285.6755       284.9206    
 1864   284.6320       284.7813       285.3490       286.4428       287.4006       288.0925       288.1095       288.0333       287.2914       286.4377       285.4144       284.8380    
 1865   284.3301       284.7284       285.3796       286.3796       287.3790       287.9200       288.0027       287.8096       287.2751       286.3996       285.4875       284.9078    
 1866   284.7422       284.7889       285.6753       286.5768       287.5262       288.1806       288.2816       288.0859       287.4568       286.5203       285.4653       284.8604    
 1867   284.7767       284.8632       285.5934       286.3226       287.1093       287.8449       288.0058       287.8136       287.0646       286.3309       285.4538       284.7897    
 1868   284.6686       284.7549       285.2984       286.3832       287.2109       287.9663       288.2781       288.0061       287.4199       286.4416       285.5710       284.9085    
 1869   284.8752       284.9122       285.4339       286.3435       287.2062       288.0443       288.2876       288.0816       287.4602       286.6572       285.7589       285.1300    
 1870   284.8468       285.0923       286.0052       286.7620       287.5721       288.1088       288.3132       288.0642       287.3547       286.4740       285.4752       284.7506    
 1871   284.6175       284.6119       285.4286       286.2390       287.1806       287.7453       287.9037       287.6639       287.2041       286.4242       285.4437       284.8076    
 1872   284.6786       284.9439       285.5522       286.4025       287.2892       287.8295       288.2965       288.0784       287.4532       286.5786       285.6272       284.9900    
 1873   284.8068       285.0903       285.6848       286.6120       287.4452       288.1168       288.3169       288.0888       287.5739       286.5708       285.7228       284.9129    
 1874   284.7752       285.0132       285.6207       286.5613       287.3282       288.1151       288.3387       287.9944       287.4116       286.5481       285.5962       284.9685    
 1875   284.9371       284.9472       285.6001       286.4761       287.3058       287.8737       287.9111       287.7206       287.2213       286.2666       285.3488       284.6595    
 1876   284.5640       284.3793       285.5029       286.1764       287.0601       287.6988       287.9244       287.7493       287.1256       286.3464       285.3368       284.7488    
 1877   284.6414       284.6278       285.4257       286.4630       287.2541       288.0603       288.1578       288.0699       287.3175       286.4098       285.6983       285.1380    
 1878   284.8138       284.8150       285.6879       286.3564       287.2025       287.8420       288.2366       287.9149       287.1863       286.2979       285.5848       284.7029    
 1879   284.4495       284.7733       285.5239       286.4294       287.3959       287.9189       288.0922       287.9012       287.1666       286.3133       285.4667       284.7589    
 1880   284.3936       284.7894       285.4359       286.3267       287.2363       287.9323       288.2202       288.0092       287.4944       286.6618       285.7968       284.7804    
 1881   284.7362       284.8134       285.4588       286.2709       287.1990       287.8073       288.1759       287.8551       287.1465       286.2281       285.2594       284.5569    
 1882   284.1962       284.6642       285.2772       286.1084       287.0032       287.7045       287.9444       287.7092       287.1771       286.3743       285.5134       284.7084    
 1883   284.4727       284.9195       285.5313       286.4183       287.2381       287.9974       288.2997       287.9468       287.3127       286.5851       285.6014       285.0544    
 1884   284.6024       285.1487       285.6819       286.5974       287.4400       288.1228       288.3341       288.0378       287.3611       286.4959       285.4594       284.7305    
 1885   284.4499       284.6067       285.3855       286.3507       287.0380       287.8050       288.0942       287.8106       287.2958       286.2596       285.3429       284.5801    
 1886   284.5817       284.7315       285.4886       286.3444       287.2549       288.1226       288.3754       288.2976       287.5744       286.6232       285.8096       284.9345    
 1887   284.9115       285.0300       285.7229       286.4761       287.3022       287.9162       288.2469       288.0558       287.2472       286.4556       285.4540       284.9501    
 1888   284.3015       284.7759       285.4294       286.1842       287.1291       287.6980       287.8810       287.6717       287.1227       286.1935       285.3329       284.6669    
 1889   284.3549       284.5915       285.4120       286.2348       287.2020       287.8676       288.1461       287.9970       287.3311       286.5191       285.8087       285.0895    
 1890   284.9073       285.1189       285.8292       286.7895       287.5781       288.2478       288.3430       288.0150       287.3373       286.5570       285.6305       284.9521    
 1891   284.7214       284.9146       285.3790       286.4833       287.2638       287.8164       288.0768       287.8865       287.3349       286.3172       285.4731       284.6283    
 1892   284.6304       284.6611       285.5635       286.3195       287.2872       288.0000       288.2183       287.9878       287.3377       286.4285       285.7119       284.8546    
 1893   284.6119       285.2081       285.7450       286.6839       287.4406       288.0628       288.3070       288.1696       287.5499       286.5599       285.6441       285.0765    
 1894   284.8774       285.0165       285.8469       286.6814       287.5416       288.3184       288.4745       288.0981       287.3114       286.5464       285.5331       284.7892    
 1895   284.6046       284.8086       285.4316       286.4396       287.2367       288.0250       288.0727       288.0170       287.2510       286.5565       285.5551       284.9648    
 1896   284.7619       285.0782       285.9202       286.5546       287.4997       288.2417       288.3076       288.0971       287.4719       286.6301       285.6285       284.7178    
 1897   284.7610       285.0869       285.5855       286.7060       287.5859       288.1730       288.1781       288.0441       287.3381       286.4437       285.5754       285.0308    
 1898   284.5329       285.0285       285.3908       286.5402       287.3248       287.8162       288.1570       287.9306       287.3344       286.5464       285.7495       285.0439    
 1899   284.8528       285.0385       285.5566       286.5729       287.4328       288.0995       288.4712       288.1807       287.7076       286.8852       285.7895       285.2424    
 1900   284.9988       285.0323       285.6525       286.6596       287.4828       287.9779       288.2556       288.0338       287.3234       286.5903       285.6440       284.8205    
 1901   284.4895       285.0458       285.5873       286.3048       287.1010       287.9409       288.0010       287.9048       287.3042       286.5374       285.5893       284.7414    
 1902   284.5247       284.8099       285.3926       286.3085       287.2331       287.8968       288.2951       288.0349       287.4571       286.4594       285.7319       284.9310    
 1903   284.9066       285.0578       285.6786       286.5363       287.3937       288.0073       288.2635       288.1672       287.5474       286.7772       285.8222       284.8438    
 1904   284.6750       284.9292       285.7302       286.7225       287.4611       287.9851       288.1215       287.9305       287.2592       286.3575       285.4878       284.8286    
 1905   284.5082       284.4171       285.1975       286.1569       287.2235       287.7004       288.0453       287.8885       287.2789       286.4620       285.4677       284.9671    
 1906   284.7434       284.8217       285.6394       286.5520       287.3207       287.9842       288.3930       288.0099       287.4806       286.6949       285.8797       285.0904    
 1907   284.8620       285.2173       285.8021       286.8027       287.7341       288.1362       288.4805       288.0917       287.5332       286.6180       285.5802       284.9663    
 1908   284.7763       284.8751       285.4616       286.5547       287.3858       287.9586       288.1153       287.9299       287.3757       286.4581       285.3727       284.8898    
 1909   284.5583       284.9607       285.5649       286.3827       287.3960       288.1411       288.4675       288.1792       287.6626       286.7361       285.8501       285.2651    
 1910   284.7611       285.2412       285.9064       286.9014       287.6432       288.2509       288.5633       288.2331       287.3868       286.5170       285.6492       285.1200    
 1911   284.6982       284.7814       285.4577       286.3589       287.3162       287.9123       288.0927       287.8226       287.2651       286.3156       285.2299       284.6859    
 1912   284.3823       284.7805       285.5664       286.4906       287.1861       288.0154       288.2915       287.9621       287.3851       286.6577       285.9092       285.0400    
 1913   285.0104       285.1821       285.9694       286.6166       287.4274       288.0529       288.1926       288.0974       287.4634       286.5900       285.7572       285.0459    
 1914   284.7967       285.0005       285.5969       286.5186       287.3315       287.8114       288.0359       287.8127       287.2613       286.3947       285.3608       284.6525    
 1915   284.6449       284.6165       285.4759       286.3315       287.1621       288.1261       288.2222       287.9915       287.3823       286.6223       285.7847       285.0238    
 1916   284.4554       284.7460       285.5578       286.7160       287.5302       288.2855       288.4088       288.0847       287.4315       286.6286       285.6658       285.1541    
 1917   285.0778       285.2065       285.7197       286.7406       287.5393       288.1933       288.3901       288.1624       287.4882       286.5103       285.6158       285.0782    
 1918   284.9452       284.9960       285.6892       286.5876       287.3819       288.1818       288.4333       288.1972       287.4418       286.7252       285.7837       285.1084    
 1919   284.5017       285.0715       285.5504       286.6111       287.4891       288.3086       288.5093       288.2645       287.6141       286.7665       285.9089       285.0878    
 1920   284.9326       284.8445       285.8114       286.8958       287.7191       288.4147       288.4897       288.1836       287.5812       286.6717       285.8164       285.0528    
 1921   284.7825       284.9067       285.7867       286.6185       287.5149       288.1470       288.3428       288.0948       287.3031       286.5756       285.9610       285.3430    
 1922   284.9283       285.3436       285.8468       286.7680       287.5934       288.3039       288.4801       288.2091       287.6772       286.9945       286.0800       285.3871    
 1923   285.0837       285.3657       286.0504       286.9563       287.7119       288.2422       288.5831       288.3280       287.5758       286.6969       285.6693       284.8904    
 1924   284.8647       284.6465       285.3536       286.3878       287.4479       288.0911       288.2587       288.0647       287.4901       286.5303       285.6889       285.0471    
 1925   284.5500       285.1385       285.6675       286.4279       287.4185       288.1034       288.2973       288.0860       287.5984       286.8812       285.9290       285.3853    
 1926   284.9425       285.3459       285.9115       286.8188       287.6373       288.2712       288.3271       288.1734       287.6693       286.7430       285.8625       285.1354    
 1927   284.9243       285.0810       285.8895       286.7793       287.4425       288.1194       288.3579       288.0406       287.4081       286.5638       285.5722       284.9380    
 1928   284.4356       284.8067       285.3801       286.5728       287.4760       288.0949       288.3817       288.3500       287.7002       286.8785       285.9707       285.2497    
 1929   284.7194       285.0318       285.8600       286.7379       287.6094       288.4858       288.5131       288.2945       287.6909       286.8338       285.7982       285.0874    
 1930   284.8804       285.0245       285.4851       286.4176       287.4362       288.1588       288.2490       288.0514       287.2896       286.3961       285.4611       284.9490    
 1931   284.7081       284.8711       285.5526       286.3626       287.4227       288.1490       288.3396       288.2288       287.5206       286.6203       285.9307       285.1971    
 1932   285.1455       285.0784       285.7045       286.7701       287.6450       288.3182       288.4873       288.3727       287.6562       286.8322       285.7838       285.4129    
 1933   284.9528       285.0028       285.6773       286.6771       287.5568       288.0864       288.1516       288.1311       287.4833       286.5592       285.7385       285.0628    
 1934   284.7720       284.9361       285.7216       286.6970       287.5600       288.2237       288.4706       288.0960       287.3500       286.6266       285.8729       285.2470    
 1935   284.7053       285.0556       285.7532       286.4643       287.4214       288.2511       288.3203       288.1298       287.5437       286.7176       285.9471       285.0876    
 1936   285.1077       284.9671       285.9989       286.9768       287.7503       288.3399       288.7184       288.2437       287.6944       286.7795       285.8699       285.0656    
 1937   284.7480       285.0716       285.8380       286.7653       287.5727       288.3290       288.5415       288.1966       287.5392       286.5937       285.6144       285.3643    
 1938   284.8340       285.1495       285.6710       286.7931       287.6735       288.3093       288.5760       288.2141       287.5826       286.8235       285.8809       285.3844    
 1939   285.0720       285.1153       285.7521       286.6963       287.5926       288.3885       288.4237       288.2347       287.5689       286.7791       285.5881       284.9297    
 1940   285.0020       285.0700       285.7275       286.6028       287.4968       288.2065       288.4789       288.3097       287.5426       286.6875       285.8780       285.1329    
 1941   284.7546       285.1279       285.9451       286.6704       287.5958       288.2314       288.4191       288.0571       287.4023       286.7303       285.8590       285.1498    
 1942   284.6191       284.9337       285.4411       286.3799       287.2585       287.9410       288.3627       288.1170       287.4925       286.6056       285.7185       285.0989    
 1943   284.5821       285.0391       285.6942       286.6097       287.5786       288.3066       288.5531       288.2473       287.8137       286.8785       285.9267       285.2514    
 1944   284.8522       285.3141       286.1299       286.6605       287.6646       288.2587       288.6885       288.4126       287.6285       286.6689       285.7930       285.2327    
 1945   285.0412       285.1427       285.8044       286.6813       287.6190       288.2882       288.5253       288.1960       287.4792       286.6655       285.6411       284.9997    
 1946   284.7348       284.9431       285.9448       286.7292       287.6762       288.1874       288.3427       288.0741       287.4805       286.5553       285.6066       284.7832    
 1947   284.6858       284.8401       285.8363       286.6304       287.5010       288.0741       288.3803       288.1903       287.4803       286.6921       285.7121       284.9859    
 1948   285.1281       285.4022       285.9791       286.9025       287.7966       288.4051       288.4328       288.1717       287.6862       286.7245       285.8730       285.2608    
 1949   284.9441       285.2138       285.9511       286.7437       287.5081       288.2019       288.6189       288.2449       287.6035       286.7614       285.7957       284.9617    
 1950   284.8972       285.2755       286.0265       286.6591       287.5555       288.1230       288.4484       288.2209       287.4924       286.6284       285.9456       285.1705    
 1951   284.7304       285.1314       285.8818       286.9215       287.6480       288.2940       288.4351       288.1987       287.5605       286.8225       286.0082       285.1941    
 1952   285.0702       285.0788       285.8683       286.7075       287.6618       288.1480       288.4951       288.1687       287.5437       286.6158       285.7622       284.9987    
 1953   284.7765       284.9507       285.4605       286.3750       287.3777       288.0678       288.1109       287.9683       287.2389       286.4896       285.4855       284.8161    
 1954   284.6232       284.8467       285.4617       286.4872       287.2584       287.9461       288.2231       287.9946       287.5469       286.6362       285.7281       285.1598    
 1955   284.8895       285.0308       285.8224       286.6893       287.5811       288.2226       288.5103       288.1986       287.4848       286.6732       285.7526       284.9797    
 1956   284.6522       284.7873       285.6511       286.3796       287.2301       287.9086       288.2884       288.0250       287.2536       286.4588       285.4901       284.8522    
 1957   284.4693       284.6794       285.5755       286.3898       287.1923       287.8978       288.3417       288.2560       287.6154       286.7326       285.8773       285.1815    
 1958   284.9219       285.0890       285.7088       286.6370       287.4629       288.2603       288.5272       288.2005       287.6679       286.9482       285.9595       285.3615    
 1959   284.9116       285.1168       286.1510       286.8768       287.6868       288.2132       288.5290       288.2139       287.5257       286.7760       285.6065       285.1978    
 1960   284.8338       284.9823       285.5907       286.5331       287.4072       288.1755       288.2825       288.2425       287.6991       286.7587       285.6445       285.1985    
 1961   284.8820       285.2397       285.9730       286.8731       287.7019       288.3952       288.5750       288.3289       287.6117       286.8844       285.9908       285.4082    
 1962   285.0198       285.3168       286.0294       286.8979       287.7127       288.3813       288.6515       288.3617       287.8749       286.8667       285.9621       285.3335    
 1963   284.8145       284.8846       285.8562       287.0166       287.6175       288.4261       288.5588       288.3253       287.6978       286.9220       285.9814       285.4404    
 1964   284.8503       285.2080       285.9583       286.8628       287.7343       288.3907       288.5006       288.2302       287.5995       286.7130       285.6755       285.1293    
 1965   284.8003       284.8359       285.6531       286.3728       287.2592       288.0689       288.2371       288.1929       287.5547       286.7723       285.8040       285.1286    
 1966   284.8286       285.0907       285.6664       286.6134       287.7096       288.3410       288.5099       288.1622       287.6537       286.9237       285.8268       285.1054    
 1967   284.5345       285.0880       285.8037       286.4678       287.4557       288.0697       288.3243       288.2021       287.8069       286.9943       286.1701       285.4691    
 1968   285.0883       285.3452       286.0891       286.7522       287.6646       288.4720       288.5001       288.2402       287.7385       286.8640       285.9089       285.4513    
 1969   285.1593       285.0277       285.8611       286.7823       287.5564       288.3193       288.5145       288.1774       287.4803       286.7016       285.8752       285.1282    
 1970   284.8934       284.9508       285.4536       286.4671       287.5933       288.3685       288.4713       288.2464       287.6703       286.8901       285.9085       285.1966    
 1971   284.8282       285.2688       285.7577       286.6982       287.6502       288.4084       288.7021       288.3488       287.8643       287.1063       286.2340       285.3916    
 1972   285.2466       285.4365       286.0355       286.8583       287.6240       288.4775       288.7425       288.4961       287.6706       286.9421       285.9791       285.4298    
 1973   285.3123       285.1804       286.0107       286.7737       287.7672       288.4702       288.6599       288.5060       287.8826       287.0453       286.1360       285.5430    
 1974   285.0993       285.6601       286.2075       287.1642       287.9580       288.5995       288.7387       288.4316       287.9340       287.0849       286.0675       285.6485    
 1975   285.3792       285.6133       286.2466       287.0539       288.0039       288.5915       288.7810       288.4696       287.9073       287.1077       286.0621       285.5384    
 1976   285.0682       285.2647       285.9435       286.6566       287.5269       288.1191       288.3097       288.0770       287.5359       286.6374       285.6800       285.1595    
 1977   284.9640       285.1404       285.8363       286.7047       287.5509       288.3734       288.6114       288.4968       287.9011       286.9949       285.9481       285.5467    
 1978   285.2311       285.2852       286.1481       287.0191       287.8006       288.5890       288.7294       288.4894       287.8175       286.9827       286.0031       285.2917    
 1979   285.1603       285.3911       285.8294       286.8266       287.6008       288.3910       288.6130       288.3810       287.6804       286.9206       286.1126       285.5301    
 1980   285.2459       285.0525       285.9286       286.8443       287.7100       288.4519       288.8768       288.5014       287.9398       287.3521       286.3412       285.4828    
 1981   285.3590       285.4042       286.2149       287.2173       288.0539       288.7341       288.6669       288.4639       287.9127       286.8568       286.0805       285.3467    
 1982   285.1871       285.0869       285.6128       286.7545       287.6016       288.2334       288.5556       288.4905       287.8535       287.0594       285.9869       285.6234    
 1983   285.1711       285.6547       286.1736       287.0047       287.9533       288.6085       288.8264       288.6098       288.0297       287.2161       286.2489       285.6669    
 1984   285.3675       285.5471       286.2694       287.1289       287.8488       288.6021       288.8892       288.4855       287.9815       287.1877       286.3740       285.3917    
 1985   285.0774       285.2230       285.9822       286.8915       287.6117       288.3250       288.5924       288.6427       287.9049       286.8668       285.9631       285.3328    
 1986   285.0829       285.1981       286.0389       286.9345       287.9178       288.5233       288.7784       288.6017       288.0992       287.2230       286.4224       285.7840    
 1987   285.3636       285.6483       286.2137       286.9874       287.9698       288.6984       288.9940       288.6670       287.9755       287.1559       286.4713       285.7208    
 1988   285.4940       285.9067       286.3708       287.3078       288.1981       288.9510       289.0204       288.7083       287.9954       287.0661       286.1653       285.4774    
 1989   285.2334       285.3888       286.1226       286.9877       287.9927       288.7061       288.7319       288.5387       287.9676       287.3406       286.4124       285.7893    
 1990   285.4565       285.5520       286.1865       287.3434       288.0844       288.6961       288.8221       288.7554       288.0865       287.3584       286.4778       285.8245    
 1991   285.5866       285.7561       286.5759       287.2971       288.2252       288.9128       289.0319       288.6227       288.1513       287.3301       286.4157       285.4780    
 1992   285.1485       285.2902       286.3101       287.2599       287.9473       288.6330       288.7172       288.6444       288.0025       287.2675       286.3050       285.4173    
 1993   285.4564       285.6916       286.1687       287.0912       288.2007       288.8618       288.8974       288.6467       288.2493       287.3757       286.3712       285.7496    
 1994   285.7011       285.9501       286.4131       287.2036       288.1563       288.8472       289.1229       288.8365       288.2406       287.4599       286.6037       285.8216    
 1995   285.7013       285.7452       286.5705       287.6816       288.3438       289.0429       289.2712       288.9895       288.4585       287.6107       286.6721       285.8967    
 1996   285.7539       286.1445       286.6336       287.4698       288.2472       288.8867       288.9568       288.7311       288.0925       287.4076       286.4460       285.4367    
 1997   285.1879       285.4174       285.8868       286.9012       287.9063       288.6027       288.8128       288.5838       288.1692       287.3257       286.1903       285.7763    
 1998   285.8697       286.2784       286.7904       287.5679       288.3416       288.9756       289.2114       288.9547       288.3216       287.4124       286.7951       285.8759    
 1999   285.5498       285.9438       286.8694       287.5952       288.4758       289.1069       289.3118       288.9187       288.2090       287.5610       286.7443       285.8176    
 2000   285.6773       285.9489       286.4963       287.3904       288.2053       288.9459       288.9655       288.8451       288.2656       287.4398       286.3354       285.7195    
 2001   285.5232       285.6898       286.2979       287.6183       288.2951       288.9267       289.1192       288.8833       288.3792       287.4665       286.8490       286.0455    
 2002   285.7838       285.6574       286.5989       287.3030       288.2035       289.0198       289.2138       288.9163       288.3601       287.5025       286.5366       285.9761    
 2003   285.7374       285.9692       286.7371       287.4463       288.3639       288.8277       289.0850       288.9622       288.4944       287.5203       286.6996       286.2270    
 2004   285.7376       286.1776       286.6243       287.2422       288.2429       289.1017       289.3334       289.0432       288.2834       287.5007       286.5773       285.6236    
 2005   285.4680       285.7922       286.3719       287.3036       288.0398       288.8225       288.9832       288.8011       288.1740       287.4097       286.5399       285.8189    
 2006   285.3888       285.4968       286.3413       287.2373       288.1234       288.8661       289.2491       288.9077       288.2984       287.5266       286.7709       285.7790    
 2007   285.7292       285.8613       286.5062       287.4113       288.4118       289.0361       289.3803       289.1176       288.5938       287.7675       286.7456       285.9761    
 2008   286.0293       285.9434       286.5630       287.2943       288.1800       288.9959       289.1925       288.8789       288.3104       287.3988       286.4507       285.6370    
 2009   285.4854       285.5473       286.1450       286.9977       288.1488       288.7888       288.9968       288.6557       288.1613       287.1729       286.4597       285.9060    
 2010   285.4746       285.9341       286.4641       287.4485       288.3203       289.0598       289.2948       289.1818       288.6262       287.9107       287.0834       286.2731    
 2011   286.0684       286.0883       286.8349       287.6495       288.5204       289.1610       289.2337       289.1297       288.4209       287.7729       286.9310       286.0804    
 2012   285.6315       285.8725       286.6007       287.4919       288.3910       288.8991       289.2852       289.0353       288.4100       287.5480       286.8084       286.0482    
 2013   285.7990       286.0175       286.7773       287.5684       288.4742       289.1815       289.4053       289.0700       288.5554       287.7688       286.7130       286.1214    
 2014   286.0155       286.1081       286.5835       287.5127       288.4583       289.1454       289.1646       289.0671       288.3592       287.5833       286.6690       286.0271    
 2015   285.7219       285.8445       286.5168       287.5630       288.5233       289.0538       289.3366       289.1983       288.5763       287.8607       287.1040       286.4738    
 2016   286.1820       286.3035       286.7742       287.7881       288.5530       289.3304       289.5107       289.1250       288.5765       287.8090       287.0096       286.3715    
 2017   286.0064       286.1426       286.6306       287.4290       288.5374       289.1939       289.3095       289.2255       288.6047       287.7175       286.8407       286.1116    
 2018   285.9542       285.8543       286.5103       287.6413       288.4037       289.0235       289.2053       289.0016       288.4721       287.8187       286.8652       286.1287    
 2019   286.2307       286.2387       286.8509       287.7198       288.6033       289.4726       289.5332       289.3107       288.6781       287.8986       286.8910       286.4068    
 2020   286.0950       286.2761       286.8649       288.1070       288.5135       289.2695       289.4984       289.4100       288.6795       287.8093       286.7972       286.0892    
 2021   285.7751       285.9533       286.5709       287.6007       288.4346       289.1377       289.3700       289.1607       288.5284       287.7592       287.0024       286.3871    
 2022   285.8925       286.4887       287.0570       287.8659       288.8693       289.4739       289.5676       289.4426       288.7603       288.0087       287.2047       286.6281    
 2023   286.2561       286.6201       286.8438       287.8141       288.6403       289.2336       289.5263       289.3380       288.7457       287.7621       287.0907       286.1027    
 2024   285.8765       285.8438       286.4292       287.5134       288.4680       289.2677       289.4575       289.2908       288.6299       287.7897       287.1789       286.2962    
 2025   286.0927       286.3127       287.0276       287.7863       288.6451       289.4265       289.6904       289.5187       288.7530       287.9238       287.0243       286.4475    
 2026   286.0153       286.3537       287.0543       287.9417       288.6303       289.2925       289.5688       289.5252       288.8201       287.9356       287.0511       286.3771    
 2027   286.1191       286.1335       286.6826       287.5374       288.4025       289.1275       289.4230       289.2672       288.5737       287.8347       286.9379       286.2637    
 2028   285.7874       285.7501       286.5907       287.4827       288.5901       289.2776       289.5068       289.3001       288.7317       287.9708       287.0631       286.2350    
 2029   286.1844       286.2880       287.0465       287.9980       288.8221       289.4203       289.7023       289.5163       288.8166       287.9369       287.0947       286.2977    
 2030   286.0746       286.4445       286.9759       287.8050       288.7241       289.4690       289.6145       289.2748       288.6394       287.8233       286.7887       286.0894    
 2031   285.9504       285.8922       286.6148       287.5222       288.5918       289.2714       289.3776       289.2300       288.5049       287.6954       286.9058       286.1829    
 2032   285.8129       286.2093       287.0148       287.9540       288.7299       289.3971       289.6400       289.2030       288.9868       288.1203       287.2311       286.5293    
 2033   286.0233       286.4170       287.2186       287.9826       288.7760       289.4325       289.6540       289.3694       288.7315       287.9353       287.0121       286.2659    
 2034   285.9669       286.1520       286.8851       287.7743       288.6679       289.3146       289.7437       289.4762       288.8276       288.0473       287.0378       286.3140    
 2035   286.3599       286.5244       287.1870       287.9092       288.8388       289.5986       289.6171       289.3984       288.8384       288.0192       287.0009       286.3268    
 2036   286.0706       286.2088       287.0398       288.0017       288.8152       289.4937       289.6114       289.4781       288.7463       288.0410       287.1582       286.1875    
 2037   286.0117       286.2669       286.8911       287.8438       288.7550       289.5211       289.6863       289.3657       288.9131       288.1308       287.3197       286.6261    
 2038   285.9636       286.2931       287.0062       287.9412       288.8556       289.5915       289.6957       289.2954       288.7841       287.8837       287.0340       286.1651    
 2039   285.7060       285.9547       286.6266       287.6703       288.6213       289.2363       289.4495       289.1696       288.5793       287.7527       286.8887       286.2144    
 2040   286.0672       286.3584       286.8480       287.7339       288.6221       289.5223       289.7796       289.3778       288.9925       288.1877       287.1918       286.4967    
 2041   286.2598       286.2011       287.0882       287.8726       288.7620       289.4657       289.8507       289.5286       288.9106       288.0110       287.0962       286.0762    
 2042   285.7951       286.1098       286.7543       287.7402       288.6832       289.2411       289.3762       289.2403       288.6194       287.5543       286.7440       286.2592    
 2043   285.8912       285.8486       286.8051       287.6539       288.6147       289.3451       289.6672       289.4220       288.9130       288.1852       287.1998       286.5606    
 2044   286.3076       286.4031       287.0630       287.9494       288.8519       289.5312       289.7817       289.5587       288.9897       288.0224       287.0790       286.3647    
 2045   286.1277       286.1531       287.0112       287.8194       288.7577       289.5142       289.6500       289.4188       288.7235       287.8410       286.9729       286.2600    
 2046   285.9888       286.5346       287.0366       287.8564       288.7794       289.3653       289.6944       289.4675       288.8064       288.1105       287.3304       286.3470    
 2047   286.0728       286.1075       286.9181       287.7614       288.8087       289.6470       289.6638       289.4239       288.7716       287.8992       286.9421       286.3313    
 2048   286.0296       286.0671       286.6434       287.6797       288.5649       289.1946       289.5433       289.3778       288.8142       287.9057       287.1119       286.4870    
 2049   286.3686       286.4091       287.1666       287.7198       288.7316       289.4752       289.5741       289.5013       288.8773       287.8872       287.0099       286.5638    
 2050   286.2636       286.1641       287.0976       287.8503       288.6333       289.5210       289.7164       289.3971       288.6819       287.7237       286.8269       286.3110    
 2051   285.7341       285.8293       286.4818       287.3707       288.5298       289.1665       289.4199       289.1298       288.6587       287.7940       286.9584       286.2144    
 2052   285.9508       285.9593       286.7164       287.8347       288.6603       289.3077       289.6697       289.3312       288.9030       287.9519       287.1589       286.3339    
 2053   285.8037       286.2817       286.8029       287.7607       288.7477       289.5870       289.6934       289.4494       288.7980       287.9607       286.8544       286.0391    
 2054   285.6627       285.8647       286.6481       287.4673       288.3903       289.0143       289.3250       289.0959       288.4097       287.5451       286.5920       285.9940    
 2055   285.8800       286.1942       286.6861       287.6330       288.7674       289.5106       289.7432       289.4453       288.7314       287.8690       286.9871       286.4612    
 2056   286.0771       285.9368       287.1627       287.7466       288.6588       289.5740       289.7671       289.3169       288.5566       287.8147       286.6767       285.9623    
 2057   285.5645       285.7885       286.6558       287.7243       288.5203       289.3279       289.6364       289.4580       288.7250       288.0265       287.1617       286.0824    
 2058   286.0824       285.9126       286.8384       287.7034       288.5776       289.4329       289.7737       289.4590       288.7766       287.8163       286.7551       286.0939    
 2059   286.0204       286.1078       286.7593       287.6447       288.5853       289.2964       289.6310       289.2816       288.4854       287.7176       286.6790       285.9157    
 2060   285.8684       285.7978       286.6936       287.6880       288.5268       289.2838       289.4704       289.2242       288.6087       287.6642       286.7824       286.0232    
 2061   285.7640       286.0256       286.7328       287.4185       288.5618       289.3622       289.4792       289.3989       288.4887       287.5490       286.6825       285.8479    
 2062   285.5430       286.0429       286.6771       287.6751       288.5381       289.2909       289.5715       289.2921       288.5621       287.7311       286.7823       286.2966    
 2063   285.9481       286.2462       286.7225       287.7921       288.5342       289.3124       289.5617       289.3205       288.5777       287.5296       286.8531       285.8368    
 2064   285.4005       285.8004       286.5817       287.4265       288.3357       289.2128       289.3893       289.1633       288.5049       287.7981       286.8273       286.2208    
 2065   285.9272       286.0420       286.6897       287.6335       288.6564       289.2548       289.7163       289.2373       288.6188       287.7638       286.8672       286.1007    
 2066   285.6696       285.8737       286.5338       287.6193       288.5758       289.2479       289.3951       289.2309       288.6284       287.7039       286.4907       285.8706    
 2067   285.5059       285.6501       286.5461       287.7810       288.5458       289.3749       289.5264       289.2848       288.7766       287.7585       286.6671       286.1777    
 2068   285.6619       285.9886       286.5786       287.8205       288.7460       289.4710       289.6184       289.3152       288.7154       287.6134       286.6360       285.7959    
 2069   285.5124       285.9556       286.8177       287.7847       288.9047       289.4795       289.4831       289.1747       288.5550       287.3628       286.4527       285.5939    
 2070   285.0612       285.3813       286.1773       287.1744       288.1408       288.8708       289.2121       289.1044       288.4158       287.4888       286.5026       285.7921    
 2071   285.6560       285.7441       286.4617       287.5057       288.4903       289.1830       289.4488       289.2812       288.6482       287.5708       286.5071       286.0626    
 2072   285.6295       285.9154       286.3953       287.6692       288.5107       289.2613       289.4433       289.3116       288.5601       287.5230       286.6273       285.6313    
 2073   285.4681       286.0274       286.4659       287.5449       288.4653       289.2744       289.5222       289.2281       288.5030       287.5421       286.3636       285.6598    
 2074   285.3924       285.3050       286.2528       287.1676       288.0666       288.8727       289.1429       288.9005       288.4175       287.5609       286.3566       285.8785    
 2075   285.4532       285.5336       286.4181       287.3525       288.5117       289.2146       289.4494       289.1260       288.4852       287.5322       286.5606       285.8168    
 2076   285.4070       285.6345       286.1431       287.2725       288.2871       289.0639       289.1101       289.0748       288.2304       287.1979       286.1219       285.5891    
 2077   285.3680       285.5909       286.1821       287.2220       288.3000       289.1987       289.4267       289.2534       288.5300       287.5706       286.4731       285.8651    
 2078   285.3927       285.5304       286.4003       287.3886       288.2783       289.0430       289.3239       288.9648       288.3017       287.2523       286.1570       285.4382    
 2079   285.0019       285.3549       285.9801       287.0666       288.0771       288.9372       289.2360       289.0744       288.1949       287.2372       286.3802       285.4957    
 2080   285.3399       285.0904       285.9247       287.0173       288.3007       288.9794       289.3065       289.0964       288.5045       287.5434       286.5446       285.6185    
 2081   285.5798       285.6565       286.4535       287.4267       288.4786       289.3279       289.4947       289.2470       288.5246       287.4920       286.5005       285.6993    
 2082   285.4545       285.4604       286.1426       287.3677       288.4583       289.1728       289.4520       289.1104       288.2791       287.3495       286.2678       285.5701    
 2083   285.1710       285.3524       286.1057       287.1829       288.1889       288.9757       289.2356       288.8236       288.3323       287.2901       286.3293       285.6419    
 2084   285.2475       285.7509       286.5572       287.4085       288.3097       289.2833       289.4667       289.2247       288.5577       287.2652       286.5009       285.8256    
 2085   285.5015       285.5773       286.4612       287.4478       288.4792       289.3442       289.3969       289.2038       288.4579       287.4410       286.5258       285.8623    
 2086   285.3120       285.8492       286.4036       287.2440       288.4551       289.1612       289.4057       289.1008       288.2431       287.3700       286.4037       285.4797    
 2087   285.2827       285.4066       286.3359       287.2025       288.3542       289.0923       289.3728       289.1393       288.5237       287.4973       286.3588       285.7769    
 2088   285.4757       285.6727       286.5733       287.4555       288.5420       289.3532       289.5045       289.1622       288.3476       287.3577       286.3345       285.7388    
 2089   285.0484       285.5053       286.0749       287.1232       288.1942       288.9460       289.1630       288.9684       288.2081       287.3479       286.2621       285.6095    
 2090   284.9665       285.2671       286.2288       287.4623       288.3244       289.0955       289.3166       289.2004       288.5226       287.5715       286.4110       285.7527    
 2091   285.4499       285.3918       286.3430       287.4451       288.2709       288.9270       289.2165       288.8927       288.2095       287.3709       286.0921       285.3158    
 2092   285.0286       285.3983       285.9252       287.0736       288.1489       288.8267       289.1590       288.8028       288.1994       287.1324       286.1488       285.3044    
 2093   285.2036       285.5666       286.2781       287.3340       288.3654       288.9349       289.1681       288.9034       288.2369       287.3080       286.1577       285.3788    
 2094   285.3307       285.3792       286.1384       287.1263       288.3057       288.9576       289.2350       289.0267       288.1776       287.2030       286.1412       285.4991    
 2095   285.4401       285.4497       286.2450       287.2964       288.2044       289.0425       289.3102       289.0163       288.4302       287.5065       286.4487       285.7440    
 2096   285.3327       286.0353       286.5912       287.4415       288.2595       288.9907       289.4109       289.1874       288.3683       287.4861       286.5203       285.5047    
 2097   285.1935       285.5921       286.1358       287.2751       288.1908       288.9985       289.1284       288.9211       288.2488       287.1097       286.0475       285.3518    
 2098   285.0836       284.9742       285.9863       286.9675       288.0489       288.9457       289.2387       289.0521       288.3742       287.2483       286.5708       285.8997    
 2099   285.5892       285.5781       286.4226       287.3463       288.4453       289.2141       289.3781       289.1306       288.2680       287.2784       286.5444       285.6518    
 2100   284.9752       285.4985       286.2674       287.2946       288.2834       289.0754       289.2798       289.0359       288.2814       287.5191       286.3981       285.5322    
