# tas [K] from CCSM4 model output prepared for CMIP5 natural-only r6i1p1
# cutting out region lon=   -0.625  359.375, lat=  -90.000   90.000
 1850   284.8927       285.3741       285.7805       286.5581       287.4396       288.1069       288.5168       288.3050       287.4984       286.4453       285.3242       284.7116    
 1851   284.4646       284.6794       285.4587       286.4189       287.1031       288.0194       288.3890       288.1676       287.4773       286.2103       284.9795       284.4116    
 1852   284.3169       284.8274       285.1908       286.1463       287.1358       287.9640       288.3141       288.1258       287.3694       286.3022       285.1309       284.5641    
 1853   284.4863       284.4813       285.4993       286.2364       287.1356       287.9562       288.3926       288.2374       287.4515       286.3286       285.2615       284.5961    
 1854   284.4101       285.2107       285.5190       286.3734       287.1292       287.9103       288.4265       288.0812       287.3557       286.2017       285.3758       284.7881    
 1855   284.4962       285.1679       285.7684       286.2880       287.0948       288.0772       288.4143       288.3412       287.4714       286.4040       285.4591       284.6560    
 1856   284.4927       284.7058       285.4784       286.4536       287.5890       288.2360       288.4445       288.1458       287.4390       286.3330       285.5598       284.9855    
 1857   284.5024       285.0259       285.5752       286.4643       287.2259       288.0383       288.1953       288.0946       287.4091       286.2106       285.1585       284.5794    
 1858   284.4861       284.7856       285.5807       286.2826       287.1576       288.0948       288.4217       288.1766       287.5237       286.2837       285.3444       284.6138    
 1859   284.8722       284.9180       285.4918       286.4717       287.2496       288.0297       288.3715       288.2715       287.3363       286.2397       285.3132       284.6133    
 1860   284.8206       284.8788       285.2166       286.1793       287.1504       287.8568       288.4248       288.0466       287.4386       286.3354       285.2775       284.5446    
 1861   284.2201       284.8324       285.4672       286.3535       287.1577       287.8987       288.4282       288.2042       287.1821       286.1612       285.2156       284.6296    
 1862   284.6366       284.9308       285.5302       286.5251       287.1151       288.0011       288.4618       288.2163       287.3522       286.3981       285.3580       284.7523    
 1863   284.5147       284.9558       285.4953       286.5331       287.2603       288.0925       288.4614       288.2234       287.4549       286.2998       285.2144       284.7241    
 1864   284.8284       285.0482       285.5829       286.5108       287.3468       288.0466       288.4492       288.1655       287.3868       286.4904       285.4015       284.7696    
 1865   284.8583       284.9442       285.4380       286.3788       287.3456       287.8541       288.2793       288.0467       287.3100       286.2783       285.2423       284.5770    
 1866   284.4760       284.7814       285.5665       286.2901       287.1528       288.0404       288.4128       288.0858       287.4613       286.3525       285.2011       284.6962    
 1867   284.5337       284.9444       285.6982       286.6157       287.3365       288.0847       288.4116       288.2902       287.4916       286.3330       285.3737       284.5746    
 1868   284.7969       285.0034       285.5608       286.3959       287.0869       287.9402       288.4872       288.3260       287.4861       286.3311       285.2672       285.0259    
 1869   284.8464       284.8433       285.4724       286.3203       287.3305       288.0010       288.4753       288.2200       287.4735       286.5264       285.5160       284.5494    
 1870   284.6955       285.0539       285.6697       286.4892       287.3918       288.0798       288.3755       288.2170       287.4741       286.5053       285.4488       284.5984    
 1871   284.4221       284.8368       285.4388       286.3062       287.1897       288.0659       288.3619       288.3225       287.5362       286.3290       285.4757       284.8717    
 1872   284.8577       285.0243       285.5313       286.4453       287.2740       287.9193       288.5888       288.1951       287.4544       286.3288       285.4356       284.6926    
 1873   284.7343       284.6372       285.4790       286.2418       287.2119       287.8642       288.3543       288.1504       287.3572       286.1736       285.0324       284.5706    
 1874   284.4476       284.6799       285.4026       286.1113       287.0507       287.9221       288.3520       288.3640       287.4741       286.2404       285.2133       284.4875    
 1875   284.4114       284.9897       285.3838       286.3821       287.2787       288.1230       288.4918       288.3037       287.4121       286.3894       285.5547       284.8062    
 1876   284.7984       285.0352       285.5954       286.6365       287.4226       288.1828       288.6618       288.3062       287.4958       286.4805       285.5109       285.0066    
 1877   285.0552       285.1032       285.8122       286.7662       287.4758       288.2877       288.7290       288.4184       287.5165       286.5192       285.4661       284.9672    
 1878   284.7590       285.0608       285.6911       286.5558       287.2944       288.2571       288.3439       288.1373       287.3580       286.3120       285.3464       284.8763    
 1879   284.6463       284.8819       285.5043       286.4079       287.2671       288.0373       288.4297       288.3574       287.5048       286.5146       285.3819       284.7406    
 1880   284.6819       285.0585       285.6049       286.4169       287.3156       288.0543       288.4891       288.2197       287.4072       286.4742       285.6126       284.7872    
 1881   284.5826       284.9285       285.7107       286.4102       287.5374       288.0193       288.5064       288.4265       287.7222       286.5761       285.4792       284.9046    
 1882   284.7582       285.0657       285.7786       286.4811       287.4394       288.0956       288.5112       288.3134       287.4928       286.4142       285.4862       285.0074    
 1883   284.6736       285.1292       285.5572       286.4439       287.5019       288.2188       288.6611       288.2865       287.4344       286.3603       285.2363       284.6391    
 1884   284.4350       284.6818       285.1948       286.0110       286.8330       287.4829       288.0049       287.8510       287.1279       285.9519       284.8633       284.3490    
 1885   284.5312       284.8057       285.2478       286.2840       286.8814       287.5941       288.1037       287.8848       287.0949       286.0100       285.0841       284.2899    
 1886   284.1020       284.5162       285.0302       285.9783       286.8403       287.6166       288.0638       287.9413       287.2104       286.0224       284.9879       284.7078    
 1887   284.3350       284.7569       285.2467       286.1631       286.9395       287.7015       288.2848       288.0518       287.3438       286.3076       285.3806       284.7982    
 1888   284.9124       284.8421       285.6187       286.3722       287.1776       287.8148       288.3507       288.1286       287.3813       286.0856       284.9806       284.5390    
 1889   284.3195       284.7745       285.3430       286.0760       286.9778       287.7455       288.1748       288.0798       287.1510       286.1639       285.2046       284.3858    
 1890   284.3354       285.0225       285.2902       286.1183       287.1221       287.6697       288.1839       287.9738       287.1523       286.0598       285.1140       284.6255    
 1891   284.4936       284.5710       285.2026       285.8769       286.8771       287.7068       288.1041       287.9980       287.1792       286.1211       284.9698       284.4487    
 1892   284.3497       284.5192       285.1709       286.0035       286.7471       287.6632       287.9816       287.9034       287.1544       286.0087       285.2758       284.5392    
 1893   284.1225       284.7696       285.1936       286.2312       286.9735       287.8672       288.2015       288.0351       287.0867       286.0166       285.0717       284.3684    
 1894   284.1553       284.5916       285.0327       286.0638       286.9987       287.8542       288.1052       287.9202       287.2856       286.0003       285.0654       284.2233    
 1895   284.4520       284.5495       285.2715       286.0904       287.0129       287.6442       288.0497       288.0296       287.3378       286.2096       285.0376       284.4113    
 1896   284.3543       284.9973       285.2205       286.2464       286.8617       287.6703       288.3367       288.1236       287.3343       286.0558       285.2997       284.5926    
 1897   284.4683       284.9309       285.3998       286.3869       287.1183       287.8718       288.4313       288.2229       287.5280       286.2767       285.2217       284.7318    
 1898   284.6180       284.9746       285.5302       286.2858       287.1618       287.9228       288.3151       288.1741       287.2911       286.0940       285.0317       284.6485    
 1899   284.4250       284.5617       285.3239       286.1924       287.0524       287.6923       288.1485       288.0604       287.0496       286.1653       285.2870       284.6088    
 1900   284.5070       284.6405       285.4631       286.2434       287.1889       287.9025       288.3165       288.1326       287.4129       286.2225       285.4659       284.7166    
 1901   284.5688       285.1030       285.6687       286.5303       287.3402       288.1894       288.4327       288.1420       287.4465       286.5286       285.3470       284.4157    
 1902   284.4082       284.7278       285.4582       286.2982       287.0939       287.7591       288.1964       288.1040       287.1989       285.9648       284.9865       284.5221    
 1903   284.3895       284.5217       284.9438       285.8962       286.6145       287.4591       287.8405       287.8159       286.9062       285.6784       284.8166       284.3085    
 1904   284.0465       284.3644       285.1303       286.0340       286.6970       287.6040       287.9942       287.7867       287.2463       285.8987       284.9569       284.4238    
 1905   284.2907       284.6780       285.3228       286.2007       287.0066       287.8933       288.2937       287.8986       287.2299       286.1008       285.1612       284.6797    
 1906   284.4647       284.2674       285.0300       286.2469       287.0035       287.7525       288.2118       287.9824       287.3051       286.2312       285.1648       284.4021    
 1907   284.3365       284.4619       285.1788       286.0963       286.8458       287.7844       288.1817       287.8476       287.0468       285.9346       285.1233       284.4814    
 1908   284.3180       284.8405       285.3799       286.1469       286.9203       287.7398       288.2270       287.8974       287.1941       285.9966       285.0656       284.3709    
 1909   284.4561       284.6722       285.2701       286.2365       287.0777       287.9142       288.2719       287.9311       287.3510       286.0791       285.2141       284.5241    
 1910   284.5072       284.6985       285.3407       286.1821       287.0992       287.8372       288.3065       288.1046       287.2921       286.1372       285.1819       284.6281    
 1911   284.4091       284.5080       285.4107       286.3374       287.2434       287.8570       288.4308       288.0003       287.2088       286.1827       284.8275       284.2198    
 1912   284.4140       284.6825       285.5719       286.0965       287.1300       287.9058       288.3408       288.0685       287.1520       286.0545       285.1177       284.5269    
 1913   284.6276       285.1027       285.1584       286.0898       287.1377       287.9428       288.3228       288.0773       287.2186       286.2165       285.2375       284.5997    
 1914   284.3586       284.4557       285.1719       286.0028       287.0236       287.8840       288.2522       288.1126       287.2995       286.0882       285.0569       284.5979    
 1915   284.1283       284.8068       285.4985       286.2936       287.1317       287.9624       288.4962       288.1543       287.3568       286.1774       285.3215       284.5043    
 1916   284.2840       284.6804       285.5525       286.4005       287.1729       287.9210       288.3666       288.0375       287.3612       286.3040       284.9885       284.4861    
 1917   284.4013       284.8156       285.4532       286.2944       287.3986       287.9960       288.3319       288.2115       287.3570       286.4226       285.3829       284.7248    
 1918   284.7940       285.0919       285.4977       286.3552       287.0861       287.7910       288.3697       288.2317       287.3379       286.1891       285.4438       284.6837    
 1919   284.4034       284.8510       285.4260       286.5511       287.3798       288.1238       288.5518       288.1821       287.4073       286.3668       285.3550       284.9507    
 1920   284.6654       284.9572       285.4913       286.4747       287.3820       288.0693       288.4882       288.2848       287.4174       286.4812       285.2224       284.7564    
 1921   284.6654       284.9527       285.6646       286.5424       287.5547       288.2090       288.5707       288.4028       287.6628       286.6536       285.6061       284.8809    
 1922   284.7133       285.0654       285.8798       286.8160       287.4724       288.4243       288.5942       288.3045       287.4211       286.2953       285.4156       284.8044    
 1923   284.5957       284.9830       285.5806       286.3951       287.2410       287.9228       288.3886       288.1852       287.4034       286.3265       285.2332       284.7853    
 1924   284.5525       284.6761       285.4710       286.2783       287.1697       287.9656       288.3802       288.2018       287.5842       286.5343       285.4262       284.8467    
 1925   284.8257       285.0572       285.6713       286.5403       287.1483       288.1159       288.4810       288.2285       287.5411       286.5063       285.3650       284.7281    
 1926   284.6128       284.9253       285.3145       286.3556       287.2857       287.8631       288.3997       288.1331       287.3440       286.3022       285.2384       284.7074    
 1927   284.4428       284.8221       285.4518       286.5322       287.3624       288.1114       288.4849       288.3346       287.5511       286.4181       285.4383       284.7256    
 1928   284.8166       285.1889       285.7698       286.4785       287.6207       288.3134       288.5633       288.3162       287.5891       286.4185       285.7206       284.8533    
 1929   284.5359       284.9635       285.6813       286.3559       287.3644       288.0299       288.4552       288.1681       287.4268       286.2989       285.2324       284.4793    
 1930   284.3431       284.6725       285.2866       286.2146       287.3478       287.8404       288.3353       288.1330       287.2209       286.1194       285.4791       284.3049    
 1931   284.1364       284.6490       285.3069       286.0655       287.1114       287.8576       288.2994       288.1057       287.4354       286.2968       285.3049       284.8783    
 1932   284.7717       284.9560       285.6382       286.3891       287.3439       287.9154       288.4734       288.2147       287.2926       286.1839       285.2318       284.5256    
 1933   284.3610       284.7355       285.3004       286.2751       287.0351       287.8348       288.3144       288.2876       287.4860       286.3903       285.3186       284.5158    
 1934   284.5078       284.9211       285.5370       286.2754       287.1065       287.8853       288.3608       288.1492       287.3867       286.1611       285.2548       284.6317    
 1935   284.3476       284.6743       285.4915       286.2264       287.1542       287.9682       288.4041       288.2000       287.4393       286.1781       285.3341       284.9778    
 1936   284.7199       284.9176       285.4902       286.2398       287.1710       287.9968       288.3396       288.0779       287.3819       286.2526       285.3638       284.6351    
 1937   284.6217       284.8133       285.7274       286.1942       287.2631       287.8962       288.4041       288.2332       287.4708       286.1210       285.3198       284.4416    
 1938   284.4347       284.6286       285.7111       286.3727       287.0902       287.9897       288.2876       288.0848       287.3133       286.1909       285.1887       284.5957    
 1939   284.5111       284.8520       285.3299       286.2313       287.2292       287.9395       288.3311       288.2679       287.4559       286.2303       285.0953       284.7139    
 1940   284.3579       284.8378       285.3293       286.3009       287.1206       288.0566       288.4229       288.3817       287.5492       286.3573       285.3376       284.6505    
 1941   284.6423       284.8749       285.5881       286.3665       287.2993       288.0589       288.4401       288.2302       287.4073       286.3427       285.3476       284.7865    
 1942   284.4092       284.9613       285.5287       286.3449       287.3239       288.1160       288.5279       288.2314       287.7682       286.4200       285.4042       284.6826    
 1943   284.7795       284.7839       285.6613       286.5353       287.3711       288.1038       288.4557       288.1244       287.4961       286.4809       285.6557       285.0441    
 1944   284.5368       284.9328       285.5465       286.5091       287.4561       288.1279       288.5852       288.2994       287.3770       286.3944       285.4742       284.7738    
 1945   284.9222       285.0786       285.3448       286.3507       287.2639       288.0029       288.5372       288.2451       287.5397       286.4944       285.3407       284.7220    
 1946   284.4960       285.1796       285.7383       286.5063       287.5214       288.1765       288.5263       288.3892       287.5235       286.5181       285.4036       284.7645    
 1947   284.8526       285.2190       285.6855       286.3820       287.2901       288.1542       288.3822       288.2856       287.3918       286.3835       285.4008       284.7346    
 1948   284.7899       284.8712       285.4599       286.3362       287.0488       287.8005       288.3406       288.1091       287.3400       286.2193       285.2962       284.7944    
 1949   284.7255       284.5459       285.1577       286.1765       286.9797       287.7306       288.2404       288.1590       287.1714       286.0507       285.1068       284.5558    
 1950   284.4156       284.7960       285.6193       286.3322       287.1067       287.8239       288.3324       288.2415       287.3580       286.2557       285.2633       284.4874    
 1951   284.4035       284.9751       285.3710       286.1962       287.1275       287.7653       288.2488       288.1100       287.2575       286.1733       285.3238       284.7911    
 1952   284.7430       285.1370       285.7366       286.3443       287.2185       287.9382       288.3046       288.1112       287.5161       286.5217       285.5285       284.8325    
 1953   284.6847       284.8392       285.7617       286.3545       287.3362       287.8781       288.3703       288.2554       287.3952       286.3090       285.3086       284.6820    
 1954   284.3814       284.5138       285.2041       286.1524       287.0216       287.7802       288.1974       288.0125       287.2151       286.1765       285.2427       284.8146    
 1955   284.4907       284.7133       285.4807       286.1590       287.0877       287.8900       288.3119       288.0521       287.3204       286.2010       285.2470       284.5348    
 1956   284.5818       285.0215       285.6450       286.3460       287.3097       287.9109       288.5097       288.1650       287.4545       286.3754       285.2728       284.7743    
 1957   284.7200       284.8431       285.6739       286.3493       287.3276       287.8836       288.4230       288.1298       287.6350       286.4422       285.5205       284.8884    
 1958   284.7288       285.0205       285.9519       286.7126       287.4758       288.1661       288.5888       288.2333       287.5838       286.4091       285.5636       285.0413    
 1959   284.9449       284.9694       285.6127       286.4955       287.4604       288.2947       288.5784       288.4828       287.6515       286.4849       285.6214       284.8132    
 1960   284.8112       284.6240       285.5262       286.2692       287.3419       287.9079       288.4420       288.1711       287.4137       286.3114       285.2880       284.7781    
 1961   284.4479       285.1440       285.7126       286.3965       287.2143       288.0891       288.6198       288.2823       287.5404       286.5210       285.4691       285.0245    
 1962   285.0066       285.2296       285.7918       286.4201       287.1255       287.9627       288.4398       288.0528       287.4242       286.3861       285.4309       284.4614    
 1963   284.6037       284.8910       285.6913       286.4383       287.3221       287.9506       288.2915       287.9792       287.2553       285.9455       284.8232       284.4337    
 1964   284.2041       284.6125       285.1452       286.0840       287.0021       287.5912       287.9767       287.9854       287.2480       286.1337       285.0365       284.3450    
 1965   283.9647       284.2563       285.2037       286.0340       286.9521       287.8899       288.1639       288.0086       287.3300       286.2696       285.2194       284.7043    
 1966   284.5653       284.9116       285.4853       286.0922       287.1062       288.0152       288.3406       288.1451       287.3998       286.2978       285.3172       284.6325    
 1967   284.6278       284.8994       285.3992       286.3597       287.2614       287.8362       288.1952       288.0988       287.4268       286.2269       284.9876       284.4649    
 1968   284.4298       284.6752       285.2107       286.0112       286.9763       287.7477       288.3141       288.0385       287.3407       286.2339       285.2874       284.5947    
 1969   284.5389       284.8308       285.4352       286.4149       287.2000       287.9562       288.4366       288.4090       287.6285       286.4322       285.5991       285.0581    
 1970   284.8096       284.9899       285.4331       286.4499       287.4773       288.2166       288.6678       288.3896       287.6236       286.3760       285.4935       284.9652    
 1971   284.8730       285.0437       285.4615       286.2353       287.0075       287.9178       288.4133       288.0707       287.2671       286.0649       285.1214       284.4993    
 1972   284.5701       284.9098       285.2693       286.2494       287.0169       287.9917       288.3572       288.1398       287.4134       286.1547       285.1032       284.5793    
 1973   284.4099       284.8848       285.5573       286.2397       286.9694       287.8111       288.3506       288.1975       287.3602       286.3346       285.3359       284.6737    
 1974   284.2881       284.8361       285.5550       286.3735       287.1890       288.0600       288.3492       288.1853       287.2925       286.1115       285.3122       284.7066    
 1975   284.5928       284.9152       285.6580       286.3173       287.0535       287.7121       288.2333       287.9223       287.3051       286.1032       285.0353       284.5715    
 1976   284.3559       284.8947       285.5784       286.2534       287.1773       287.9967       288.4335       288.2123       287.4629       286.2649       285.3341       284.8786    
 1977   284.9099       285.1211       286.0687       286.5681       287.5567       287.9672       288.7120       288.4578       287.5839       286.5576       285.5746       284.8969    
 1978   284.7151       285.0287       285.7643       286.5250       287.4551       288.0160       288.5166       288.2427       287.4613       286.3379       285.2427       284.7073    
 1979   284.7487       284.6835       285.5587       286.3412       287.3051       288.0642       288.3875       288.2670       287.3505       286.2006       285.2434       284.7658    
 1980   284.5046       284.7417       285.3183       286.1310       287.0892       287.9267       288.4954       288.2264       287.5312       286.4622       285.1906       284.6316    
 1981   284.5429       284.8387       285.2977       286.3596       287.1817       288.0711       288.4751       288.1797       287.5012       286.1824       285.4467       284.8868    
 1982   284.6433       284.6204       285.5462       286.4319       287.1589       287.9279       288.2488       288.0370       287.2495       286.1566       285.0107       284.1925    
 1983   284.1111       284.8474       285.0208       286.0934       286.8933       287.5628       288.0370       287.7837       286.9959       285.8778       284.9417       284.1288    
 1984   284.2029       284.2619       285.1389       285.8221       287.0205       287.7389       288.2782       288.0833       287.3842       286.2022       285.2105       284.5708    
 1985   284.5355       285.0017       285.3420       286.3392       287.0315       287.8477       288.1839       288.0901       287.3231       286.1323       285.0695       284.4341    
 1986   284.2657       284.8669       285.4742       285.9926       287.1113       287.7722       288.2724       288.1694       287.2967       286.2640       285.2442       284.6730    
 1987   284.4649       284.6159       285.3562       286.0832       287.0038       287.9492       288.3358       288.1331       287.4007       286.3381       285.3773       284.7557    
 1988   284.6292       285.2235       285.8304       286.5523       287.3217       287.9833       288.5380       288.0943       287.3159       286.4772       285.4683       284.7191    
 1989   284.7191       285.0174       285.5813       286.2095       287.1352       287.9451       288.3710       288.2402       287.4178       286.3516       285.2999       284.6143    
 1990   284.5339       284.8766       285.6387       286.3654       287.2508       287.9550       288.4833       288.2618       287.3897       286.3476       285.5162       284.7726    
 1991   284.6546       285.1047       285.6389       286.3117       287.2453       288.0775       288.4748       288.1171       287.3460       286.2380       285.2171       284.7065    
 1992   284.5223       284.9076       285.1572       286.0040       286.9388       287.6194       287.8484       287.7035       287.0390       285.9696       284.8146       284.1171    
 1993   284.2664       284.5479       285.0730       285.7394       286.8294       287.5169       287.8279       287.8425       287.0887       285.9802       285.0476       284.1087    
 1994   284.2344       284.5961       285.0629       286.0269       286.9793       287.9453       288.2874       287.9863       287.3083       286.1258       284.9926       284.3109    
 1995   284.2782       284.6083       285.1401       286.1024       287.0363       287.8985       288.1732       288.0687       287.2751       286.0872       284.9019       284.5401    
 1996   284.3965       284.7635       285.2837       286.2565       287.1307       287.9263       288.4009       288.0750       287.3826       286.2995       285.1879       284.4402    
 1997   284.4003       284.9106       285.5653       286.5209       287.2307       288.0667       288.3245       288.0948       287.3224       286.0499       285.2423       284.4918    
 1998   283.8885       284.6852       285.2543       286.1763       287.0206       287.6956       288.1739       288.1308       287.2399       286.2331       285.2483       284.3642    
 1999   284.1176       284.5376       285.1446       285.9338       287.0864       287.8643       288.1802       288.0839       287.4228       286.1044       284.9904       284.3597    
 2000   284.4050       284.6078       285.1787       286.1266       286.9755       287.8054       288.1624       288.1673       287.2453       286.0698       285.1065       284.7016    
 2001   284.3052       284.6993       285.4444       286.3102       287.0573       287.8213       288.3022       288.1731       287.4120       286.3224       285.2305       284.4621    
 2002   284.2712       284.6602       285.4479       286.3561       287.1397       287.9316       288.3829       288.1714       287.3448       286.2527       285.3393       284.6944    
 2003   284.2323       284.7192       285.1837       286.0333       287.0291       287.8391       288.1980       288.0818       287.2119       286.1593       285.2313       284.4144    
 2004   284.4208       284.8959       285.3265       286.4464       287.2469       287.9991       288.2043       287.9633       287.3462       286.2512       285.1602       284.5338    
 2005   284.7649       284.9219       285.6256       286.4976       287.4649       287.9854       288.5623       288.2787       287.4176       286.4824       285.3648       284.7802    
