# <a href=http://cmip-pcmdi.llnl.gov/cmip5/>CMIP5</a> global mean temperature computed at <a href=http://www.knmi.nl/selectfield_cmip5.cgi?someone@somewhere>KNMI Climate Explorer</a> tas_Amon_GISS-E2-H_rcp26_r1i1p2
# tas [K] from GISS-E2-H model output prepared for CMIP5 RCP2.6 r1i1p2
# cutting out region lon=    0.000  360.000, lat=  -90.000   90.000
 1850   286.2451       286.6033       287.2936       288.2306       288.9976       289.5921       289.8878       289.6985       288.9865       287.9309       286.8094       286.3576    
 1851   286.1725       286.8925       287.4492       288.1250       289.0648       289.7383       289.9579       289.7650       288.8923       287.8674       286.8841       286.1388    
 1852   286.1121       286.4829       287.2405       288.1906       288.9484       289.6034       289.7928       289.5676       288.7777       287.8213       286.8017       286.3729    
 1853   286.2291       286.7706       287.4110       288.3774       289.1013       289.5873       289.9359       289.6942       288.9244       287.8820       286.9128       286.3386    
 1854   286.2938       286.6655       287.2901       288.2025       289.0436       289.5724       289.8630       289.6790       288.8732       287.7664       286.9438       286.2832    
 1855   286.1872       286.5699       287.4902       288.2781       289.0929       289.6882       289.8086       289.6221       288.9431       287.7851       286.8130       286.2976    
 1856   286.1999       286.6394       287.2709       288.1739       288.8779       289.5200       289.7961       289.4153       288.8447       287.6909       286.7526       286.1140    
 1857   286.0596       286.5181       287.1729       288.1177       288.8200       289.4792       289.6234       289.4175       288.8145       287.7122       286.7129       286.0953    
 1858   286.0663       286.4272       287.2667       288.0807       288.8327       289.3755       289.6406       289.4433       288.7352       287.7131       286.6614       286.0385    
 1859   286.1366       286.5228       287.1316       288.0179       288.8539       289.4050       289.6973       289.5116       288.6628       287.7649       286.7532       286.2849    
 1860   286.0969       286.4688       287.2826       288.0642       288.8768       289.3781       289.6430       289.3768       288.7953       287.6515       286.6725       286.1473    
 1861   286.1705       286.2720       287.3095       288.2524       289.0516       289.5002       289.7286       289.4775       288.8957       287.7906       286.8835       286.3898    
 1862   286.2140       286.5598       287.2905       288.2333       288.9936       289.4528       289.6669       289.4541       288.8364       287.6471       286.6156       286.2428    
 1863   286.1269       286.4909       287.1398       288.2459       288.9427       289.5421       289.8052       289.6052       288.9196       287.8572       286.8332       286.2977    
 1864   286.2372       286.8003       287.5269       288.1291       289.0498       289.5566       289.8027       289.6052       288.8518       287.7712       286.8774       286.2699    
 1865   286.3185       286.6406       287.2728       288.1076       288.9113       289.5504       289.6958       289.5753       288.7870       287.7413       286.6042       286.2288    
 1866   286.2614       286.5197       287.2854       288.1524       288.9455       289.5320       289.8403       289.6320       288.9398       288.0991       286.9888       286.3557    
 1867   286.2571       286.8031       287.4899       288.3465       289.2006       289.6893       289.9244       289.6268       288.8231       287.8923       286.8134       286.1820    
 1868   286.3483       286.7023       287.4138       288.3095       289.1100       289.6542       289.9419       289.7447       288.9180       287.8798       286.9760       286.3224    
 1869   286.2910       286.7210       287.5007       288.2502       289.1151       289.7613       290.0150       289.8455       289.1123       288.1120       287.0653       286.4880    
 1870   286.3576       286.6726       287.4099       288.3298       289.1570       289.7916       290.0179       289.7297       289.1242       288.2235       287.0478       286.5371    
 1871   286.3519       286.8299       287.3929       288.4709       289.3049       289.8451       290.0867       289.8527       289.0724       288.1039       287.1321       286.4442    
 1872   286.4524       286.9756       287.5717       288.3732       289.1245       289.7074       289.8501       289.6709       289.0372       287.9198       287.0172       286.4676    
 1873   286.3933       286.6479       287.4772       288.3220       289.1807       289.7586       289.8665       289.7899       289.1431       288.2235       287.3576       286.5841    
 1874   286.5960       286.8986       287.4691       288.4119       289.1859       289.7474       290.0318       289.7906       289.0583       287.9620       286.9974       286.4757    
 1875   286.3546       286.8291       287.4299       288.3457       289.0804       289.6620       289.8887       289.5758       288.9706       288.0498       287.0219       286.5713    
 1876   286.2614       286.8095       287.6120       288.2522       289.1314       289.7173       289.9619       289.6260       288.9576       287.9325       286.8303       286.2303    
 1877   286.2089       286.7420       287.5122       288.3376       289.1128       289.6848       289.8345       289.6691       288.9613       287.9380       286.8764       286.4385    
 1878   286.3689       286.7953       287.6539       288.5229       289.3623       289.8228       289.9412       289.6466       289.0880       288.1881       287.0115       286.5580    
 1879   286.4301       286.8006       287.5002       288.3434       289.0738       289.6774       289.9746       289.7351       288.9991       288.0582       287.2180       286.5440    
 1880   286.4379       286.8571       287.4851       288.5242       289.2168       289.8197       290.1100       289.7789       289.1165       288.0612       287.0869       286.6118    
 1881   286.4768       286.9797       287.5621       288.6147       289.2324       289.6530       289.9430       289.7657       289.0031       288.1181       286.9778       286.4943    
 1882   286.5460       286.9119       287.5200       288.3251       289.1249       289.7662       289.8766       289.6095       288.9880       287.9890       286.9277       286.3388    
 1883   286.4412       286.7549       287.5992       288.3542       289.1473       289.6850       289.9214       289.6813       288.9962       288.1404       286.8760       286.4302    
 1884   286.3391       286.8383       287.3921       288.1499       288.8209       289.3259       289.5284       289.3201       288.5895       287.6260       286.5258       286.0758    
 1885   286.0393       286.4535       287.1219       288.0533       288.6587       289.2894       289.6110       289.2583       288.6338       287.5916       286.5671       286.1361    
 1886   286.1378       286.7235       287.1870       288.1562       288.9434       289.4549       289.7414       289.6288       288.7925       287.8032       286.8214       286.4166    
 1887   286.1550       286.7811       287.4535       288.2302       288.8796       289.3522       289.5997       289.3808       288.6419       287.7487       286.7229       286.0922    
 1888   286.1948       286.5687       287.0944       288.0792       288.9175       289.5099       289.7337       289.4592       288.8223       287.8520       286.8129       286.2173    
 1889   286.1297       286.6622       287.2487       288.2443       289.0970       289.5700       289.7327       289.4974       288.8235       287.9587       286.9815       286.3818    
 1890   286.2222       286.5632       287.3287       288.1831       288.9333       289.5269       289.6996       289.5048       288.8594       287.8777       286.7768       286.3129    
 1891   286.2166       286.4846       287.3682       288.1421       288.9720       289.5276       289.7486       289.4491       288.7041       287.8778       287.0146       286.4151    
 1892   286.3586       286.7025       287.4917       288.3627       289.1641       289.5726       289.7682       289.4779       288.7967       287.7782       286.9040       286.4901    
 1893   286.3217       286.7519       287.4016       288.2226       288.9772       289.4412       289.6781       289.5794       288.8357       287.8248       286.8499       286.3824    
 1894   286.3409       286.6505       287.5481       288.4493       289.2642       289.8248       289.9034       289.6411       288.9013       287.9149       287.0080       286.4416    
 1895   286.4422       286.8325       287.4709       288.3538       289.1103       289.7127       289.8829       289.6904       289.0307       288.0277       286.9219       286.3268    
 1896   286.3347       286.6313       287.5413       288.4618       289.2484       289.6827       289.9399       289.6656       289.0452       288.0510       287.0543       286.6422    
 1897   286.4269       286.7883       287.5483       288.4937       289.2698       289.7850       289.8721       289.7665       289.0296       287.9892       286.9717       286.4016    
 1898   286.3393       286.7010       287.4009       288.2310       289.0892       289.6565       289.9589       289.7338       289.1358       288.1269       287.1815       286.5972    
 1899   286.4839       286.8315       287.6832       288.4250       289.2185       289.7654       289.9655       289.8412       289.1243       288.1334       287.0920       286.5792    
 1900   286.4444       287.0226       287.6461       288.4355       289.3450       289.8282       290.0340       289.7653       289.0427       288.1402       287.2375       286.4836    
 1901   286.2972       286.9061       287.7198       288.4350       289.2018       289.8436       290.1091       289.9049       289.1268       288.1787       287.2670       286.6908    
 1902   286.5451       286.8245       287.5630       288.4786       289.2486       289.8623       290.0456       289.7754       288.9925       287.9752       287.0565       286.2007    
 1903   286.2328       286.6337       287.4904       288.2611       288.9202       289.5971       289.8045       289.5826       288.9116       287.8942       286.8315       286.2903    
 1904   286.3456       286.6331       287.3126       288.3846       289.1820       289.7259       289.9002       289.8003       289.0096       287.9789       287.0246       286.4710    
 1905   286.2529       286.6508       287.5281       288.2231       289.2057       289.6515       289.8865       289.6119       288.9936       287.9554       287.0356       286.5014    
 1906   286.4096       286.6516       287.3255       288.2542       289.1034       289.6920       289.9358       289.6764       289.0428       287.9832       287.0717       286.4310    
 1907   286.5509       286.7801       287.6137       288.3675       289.1694       289.7442       289.9500       289.8509       289.1284       288.0721       286.9560       286.5747    
 1908   286.5564       286.8212       287.5771       288.4468       289.2795       289.7858       290.0497       289.7561       289.1339       288.0933       287.1850       286.6942    
 1909   286.4776       287.0417       287.7099       288.5899       289.3738       289.8886       290.0123       289.8051       289.2587       288.2924       287.3007       286.5375    
 1910   286.3617       286.8215       287.5930       288.2973       289.2349       289.7773       290.0261       289.8317       289.0966       288.1016       287.1812       286.5383    
 1911   286.5923       286.9595       287.7012       288.5214       289.2744       289.8549       290.0865       289.8817       289.1751       288.2185       287.2189       286.6412    
 1912   286.6022       286.9778       287.6790       288.5105       289.3699       289.8693       290.0601       289.7488       289.0461       288.1031       287.1648       286.6654    
 1913   286.5849       287.0219       287.6418       288.5228       289.3125       289.7338       289.9361       289.8083       289.1457       288.0831       287.0609       286.4514    
 1914   286.5653       286.9042       287.5842       288.5246       289.2484       289.7682       289.9595       289.8187       289.0911       288.0732       287.0958       286.5588    
 1915   286.4644       286.8153       287.4908       288.3616       289.1828       289.7581       289.9570       289.8257       289.0197       288.1663       286.9882       286.5428    
 1916   286.4643       286.9498       287.6275       288.5095       289.2533       289.7971       290.0976       289.8102       289.1064       288.0312       287.1433       286.5044    
 1917   286.6980       287.0331       287.8896       288.6261       289.3796       289.8182       290.0102       289.8684       289.1653       288.1980       287.2462       286.6011    
 1918   286.4728       286.8173       287.6342       288.5631       289.3427       289.7555       290.0908       289.8320       289.1621       288.2009       287.2810       286.7610    
 1919   286.5323       286.8972       287.6126       288.3882       289.2425       289.8112       290.0453       289.9253       289.2385       288.1160       287.0681       286.4325    
 1920   286.3794       286.8778       287.6364       288.5397       289.2363       289.7814       289.9434       289.7579       289.0374       288.0702       287.1045       286.4437    
 1921   286.5902       287.1112       287.7401       288.6763       289.2697       289.7890       290.0977       289.9142       289.2231       288.1898       287.2525       286.7706    
 1922   286.6128       287.0717       287.7501       288.5934       289.4160       289.8900       290.0632       289.9304       289.1439       288.1683       287.2531       286.6456    
 1923   286.5568       287.1148       287.7872       288.6547       289.3346       289.8839       290.1093       289.7788       289.1729       288.1566       287.1367       286.6227    
 1924   286.7137       286.9745       287.7436       288.6072       289.3364       289.9001       290.0418       289.7885       289.1738       288.2481       287.3235       287.0106    
 1925   286.7593       287.2833       287.9351       288.7631       289.5577       290.0219       290.2078       290.0964       289.2803       288.3568       287.4709       286.9564    
 1926   286.7621       287.2003       287.8184       288.7365       289.4406       290.0646       290.1531       290.0166       289.2794       288.2859       287.2653       286.7777    
 1927   286.4916       286.8730       287.7939       288.8025       289.5385       290.0709       290.3057       290.0971       289.3640       288.3378       287.3214       286.7906    
 1928   286.8549       287.1317       287.8096       288.7835       289.4716       290.0099       290.2292       290.1130       289.3017       288.3622       287.3910       286.9795    
 1929   286.8174       287.2195       288.0234       288.8318       289.4947       290.0195       290.2535       290.0648       289.3058       288.3798       287.3082       286.8369    
 1930   286.8780       287.0925       287.9076       288.7464       289.5724       290.0696       290.2552       289.9719       289.2558       288.3951       287.3164       286.7883    
 1931   286.8661       286.9939       287.7280       288.5024       289.3148       289.8165       290.1116       289.8660       289.2693       288.2413       287.2044       286.7112    
 1932   286.6969       287.0846       287.7783       288.5607       289.3307       289.9185       290.1249       289.8924       289.2231       288.3859       287.0529       286.7294    
 1933   286.7585       286.9771       287.8277       288.5251       289.3502       289.8734       290.1220       289.9195       289.2364       288.2264       287.2138       286.6401    
 1934   286.5745       286.8976       287.7507       288.5969       289.1505       289.7807       290.1440       289.9592       289.2486       288.3182       287.1985       286.6856    
 1935   286.7679       287.1049       287.8784       288.5676       289.2831       289.9876       290.2352       289.9829       289.3605       288.2598       287.2766       286.6807    
 1936   286.5458       286.9778       287.7842       288.6593       289.3346       289.8742       290.2162       290.0106       289.3216       288.4184       287.4817       286.8282    
 1937   286.8197       287.3095       287.8090       288.4847       289.4358       289.9801       290.2063       290.0242       289.3586       288.1730       287.4402       286.8626    
 1938   286.7162       287.0183       287.8364       288.6948       289.4118       290.0330       290.1914       290.0425       289.3825       288.3957       287.4257       286.7292    
 1939   286.6511       287.1988       287.9497       288.6185       289.4622       290.0364       290.2059       290.0206       289.2363       288.3591       287.3410       286.6979    
 1940   286.6820       287.1447       287.7285       288.5642       289.3754       289.8789       290.1536       289.9758       289.2994       288.2059       287.3653       286.9125    
 1941   286.7252       287.0059       287.8846       288.6645       289.3773       289.8275       290.2159       289.9866       289.3823       288.3690       287.3181       286.6648    
 1942   286.6717       287.1616       287.7412       288.8247       289.4128       289.9230       290.1963       290.0002       289.4008       288.3503       287.2785       286.8669    
 1943   286.7858       287.0682       287.7767       288.6491       289.3445       289.8480       290.1016       289.9616       289.2861       288.3222       287.2177       286.8528    
 1944   286.5845       287.0470       287.8568       288.6428       289.4129       289.9531       290.1990       290.0067       289.3008       288.4012       287.4133       286.7395    
 1945   286.7581       287.1389       287.8825       288.8000       289.3669       290.0533       290.1127       289.9421       289.2720       288.2434       287.3661       286.9910    
 1946   286.9723       287.2127       287.8019       288.7229       289.5771       290.0343       290.2116       290.0054       289.3145       288.3767       287.3152       286.7956    
 1947   286.8666       287.0367       287.8276       288.7551       289.3235       289.8994       290.0478       289.8253       289.1786       288.2044       287.2267       286.7392    
 1948   286.5903       286.9981       287.5820       288.4624       289.3256       289.8296       290.0241       289.8746       289.2410       288.2756       287.4286       286.8565    
 1949   286.7294       287.2402       287.9155       288.5921       289.5139       290.0278       290.1794       289.9716       289.2673       288.3981       287.4555       286.9706    
 1950   286.8283       287.2675       287.7784       288.6619       289.3376       289.8892       290.1794       289.8632       289.1966       288.3238       287.2883       286.8595    
 1951   286.6741       287.1571       287.8435       288.6203       289.2763       289.8398       290.0027       289.8892       289.1555       288.2629       287.3147       286.7778    
 1952   286.6514       286.9274       287.7236       288.3927       289.3179       289.9274       290.0583       289.8682       289.1767       288.3100       287.4718       286.8929    
 1953   286.8783       287.2608       287.9348       288.6879       289.5391       289.9569       290.0910       289.8120       289.1572       288.1537       287.1501       286.7165    
 1954   286.6550       287.0579       287.6814       288.6157       289.2715       289.7527       290.0116       289.6907       288.9971       288.0750       287.0724       286.5442    
 1955   286.6476       287.1095       287.7599       288.5497       289.3008       289.8165       290.0180       289.8857       289.1755       288.1957       287.1547       286.8434    
 1956   286.8104       287.0461       287.6647       288.5598       289.2712       289.8065       290.0881       289.8503       289.2401       288.2650       287.1959       286.8849    
 1957   286.8930       287.2617       287.8946       288.6355       289.4753       289.8734       290.1417       289.9049       289.2353       288.2473       287.1950       286.8214    
 1958   287.0298       287.3346       287.9583       288.6958       289.3869       289.8383       289.9878       289.7975       289.1617       288.2562       287.2843       286.7105    
 1959   286.7897       287.0170       287.7194       288.4845       289.2509       289.8411       290.1067       289.9381       289.3591       288.3099       287.5151       286.9983    
 1960   286.8442       287.2181       287.9396       288.5334       289.3417       289.9043       290.2261       289.9100       289.2197       288.2773       287.3771       286.8308    
 1961   286.6336       287.0391       287.8052       288.5844       289.3941       289.9023       290.0141       289.8328       289.2003       288.2509       287.3042       286.8085    
 1962   286.6100       287.0089       287.6746       288.6926       289.3842       289.8105       290.0760       289.9001       289.2584       288.3407       287.3028       286.6871    
 1963   286.8171       287.2425       287.8872       288.7011       289.3843       289.8505       290.0735       289.8506       289.1699       288.2460       287.3396       286.7735    
 1964   286.3845       286.8652       287.5214       288.2747       289.0990       289.5201       289.7813       289.6763       288.9971       288.0344       287.1124       286.6142    
 1965   286.5666       286.8145       287.5779       288.5095       289.1665       289.7342       289.8593       289.7671       289.0302       288.0492       287.2047       286.6371    
 1966   286.6216       286.8977       287.7418       288.6730       289.1574       289.7957       289.9352       289.7862       289.0865       288.0938       287.2440       286.6682    
 1967   286.5504       287.1301       287.6764       288.6153       289.3033       289.8312       289.9951       289.8382       289.2679       288.2562       287.2573       286.8346    
 1968   286.6969       287.1012       287.5994       288.6622       289.3784       289.8578       289.9615       289.7910       289.1826       288.1557       287.1491       286.6241    
 1969   286.5774       286.9057       287.5393       288.4009       289.1451       289.7103       289.9073       289.7000       288.9498       288.0304       286.9850       286.5381    
 1970   286.5454       286.9470       287.6676       288.4285       289.2347       289.8653       290.0094       289.6973       289.0728       288.1486       287.2678       286.5904    
 1971   286.6292       287.1500       287.7547       288.5699       289.3273       289.9121       290.0509       289.8659       289.1624       288.3987       287.4722       286.8219    
 1972   286.6142       287.0453       287.7694       288.6715       289.3539       289.9100       290.1497       289.9395       289.1806       288.2201       287.2285       286.8154    
 1973   286.6230       287.0569       287.7499       288.5729       289.3950       289.8247       290.1380       289.8933       289.1901       288.2093       287.3417       286.8217    
 1974   286.7905       287.0306       287.7113       288.7036       289.3804       289.9211       290.0146       289.9028       289.1349       288.2708       287.3473       286.8165    
 1975   286.7508       287.0071       287.7990       288.5828       289.2777       289.7740       290.0421       289.8082       289.1440       288.1772       287.3098       286.8782    
 1976   286.7561       287.1779       287.7423       288.5380       289.3017       289.8178       290.0859       289.8801       289.2106       288.2775       287.2568       286.6953    
 1977   286.7556       287.0198       287.6917       288.5443       289.2572       289.9454       290.1277       289.8995       289.2535       288.2455       287.2637       286.8663    
 1978   286.7679       287.2432       287.8420       288.6677       289.4732       290.0594       290.2615       290.0262       289.4503       288.3914       287.5442       286.8919    
 1979   286.9894       287.4167       288.1124       288.8391       289.5721       290.0838       290.4073       290.1756       289.4865       288.5118       287.4782       286.9104    
 1980   286.9951       287.3493       288.0698       288.9347       289.6649       290.1696       290.2937       290.1671       289.4901       288.4536       287.5172       286.9456    
 1981   286.9335       287.1520       287.8724       288.7360       289.5193       290.0980       290.3169       290.2586       289.5196       288.5169       287.5651       287.0920    
 1982   286.9784       287.5201       288.2114       288.9649       289.6631       290.0691       290.2805       290.1663       289.4109       288.3560       287.4172       286.9890    
 1983   286.8447       287.3019       287.9362       288.5959       289.2531       289.7578       290.1100       289.8521       289.2913       288.2368       287.4142       286.8511    
 1984   286.8208       287.2270       287.9070       288.6882       289.3713       290.0143       290.2560       290.0818       289.3543       288.5132       287.3873       286.9406    
 1985   287.1744       287.5542       288.1249       288.7953       289.5324       290.0750       290.2571       290.1705       289.4597       288.4617       287.4602       287.0042    
 1986   286.8029       287.3973       287.9917       288.9935       289.6075       290.1349       290.3542       290.1243       289.4966       288.5541       287.6264       286.9626    
 1987   286.8347       287.2702       287.9911       288.7898       289.5780       290.1907       290.3848       290.2263       289.5703       288.4597       287.6171       287.3726    
 1988   287.3371       287.4034       288.2030       288.9828       289.7788       290.2175       290.5044       290.1928       289.6229       288.6164       287.5836       286.9986    
 1989   287.0421       287.3838       288.0832       288.8634       289.5830       290.1747       290.3821       290.2227       289.4634       288.4792       287.5644       287.1591    
 1990   286.8346       287.3888       288.1201       288.9571       289.6623       290.1543       290.4292       290.1998       289.5536       288.6637       287.6979       287.1913    
 1991   287.1241       287.4945       288.1336       288.9381       289.8024       290.3387       290.5545       290.3307       289.5220       288.6176       287.7914       286.9393    
 1992   286.7778       287.3059       287.9958       288.7944       289.4653       289.9150       290.1702       289.9742       289.2373       288.3033       287.3703       286.9972    
 1993   286.9384       287.2090       288.0486       288.7238       289.5764       290.0492       290.2756       290.1227       289.3597       288.2966       287.3187       287.0359    
 1994   286.9857       287.3415       287.9342       288.7002       289.5624       290.1342       290.3828       290.1642       289.4933       288.4763       287.5314       287.0644    
 1995   286.9710       287.3368       287.9960       288.8489       289.5976       290.1613       290.4490       290.1046       289.5425       288.6044       287.7371       287.1511    
 1996   287.0142       287.4519       288.0515       288.9492       289.8074       290.3115       290.5989       290.3380       289.7280       288.7794       287.7917       287.1505    
 1997   287.2097       287.5605       288.2401       289.1183       289.8532       290.3611       290.5864       290.3972       289.7213       288.7748       287.8270       287.3360    
 1998   287.3464       287.5076       288.2253       289.0697       289.8268       290.3946       290.5018       290.3200       289.6404       288.6751       287.7768       287.1129    
 1999   287.0813       287.4200       287.9789       288.7789       289.5925       290.2460       290.4915       290.3265       289.6842       288.6038       287.6882       287.2674    
 2000   287.4228       287.6888       288.2914       289.0450       289.7304       290.3525       290.5343       290.4093       289.8517       288.7272       287.7454       287.3765    
 2001   287.3074       287.6462       288.2643       289.3628       289.9790       290.5807       290.8388       290.6201       289.8870       288.9755       287.9535       287.4041    
 2002   287.6992       287.8489       288.4439       289.1989       289.8646       290.4641       290.6355       290.3454       289.8001       288.8847       287.7428       287.1799    
 2003   287.1057       287.4550       288.2109       289.0003       289.8829       290.3357       290.6244       290.4792       289.7568       288.7487       287.9728       287.5546    
 2004   287.3619       287.7452       288.4759       289.3179       289.9775       290.5071       290.7988       290.5483       289.9290       288.9281       288.0865       287.4108    
 2005   287.4677       287.8545       288.5653       289.2156       289.9472       290.5446       290.7757       290.5940       289.9044       289.0204       288.0746       287.6960    
 2006   287.6048       287.9729       288.5453       289.0973       290.0343       290.4423       290.7459       290.6134       289.9436       288.9773       287.9895       287.4721    
 2007   287.4957       287.9689       288.4593       289.2635       289.8564       290.5354       290.8041       290.6866       289.9809       289.0152       288.1257       287.4552    
 2008   287.4273       287.7740       288.5041       289.3141       290.0178       290.5323       290.7888       290.5533       289.8951       288.8696       288.0582       287.5397    
 2009   287.3827       287.8896       288.4043       289.1919       289.8984       290.4582       290.7176       290.5500       289.9371       288.9131       288.0397       287.3678    
 2010   287.5559       287.8498       288.5558       289.2022       290.0017       290.4544       290.7849       290.6098       289.9843       289.0616       288.0732       287.6285    
 2011   287.4243       287.9013       288.7003       289.5567       290.1951       290.6845       290.7938       290.6476       290.1010       289.1106       288.1805       287.6393    
 2012   287.5378       287.7840       288.4984       289.3541       290.0720       290.6301       290.7727       290.6750       289.9238       289.1466       288.0863       287.3661    
 2013   287.4896       288.0078       288.6164       289.4714       290.1008       290.7091       290.9335       290.7598       290.0747       289.1640       288.3194       287.7912    
 2014   287.7664       287.9219       288.5277       289.3960       290.0579       290.6288       290.8991       290.6408       290.0404       289.1742       288.2507       287.6682    
 2015   287.7303       288.0333       288.5917       289.4255       290.1999       290.7873       290.9630       290.7458       290.0105       289.1380       288.1997       287.8108    
 2016   287.6243       288.0082       288.6773       289.4427       290.1231       290.6675       290.8353       290.6665       290.1954       289.1597       288.1627       287.6793    
 2017   287.6544       288.1725       288.8925       289.4339       290.2543       290.7772       291.0252       290.7887       290.0869       289.1027       288.0352       287.6580    
 2018   287.5081       287.8815       288.7249       289.4955       290.1009       290.7849       290.9660       290.8115       290.1223       289.0755       288.0782       287.6120    
 2019   287.5400       287.9319       288.6477       289.3423       290.1719       290.7339       290.8956       290.8211       290.1973       289.3424       288.3282       287.8232    
 2020   287.8712       288.2496       288.7356       289.4339       290.2065       290.7662       291.0088       290.7882       290.0989       289.1730       288.2691       287.8015    
 2021   287.7554       288.1078       288.5863       289.2796       290.0205       290.5637       290.9569       290.7158       290.0892       289.3481       288.3654       287.7554    
 2022   287.6938       288.1168       288.8748       289.6766       290.3020       290.8499       291.1664       290.8455       290.2020       289.3609       288.4287       287.8889    
 2023   287.9073       288.1031       288.8915       289.5409       290.3434       290.8539       291.0518       290.8144       290.2280       289.4144       288.3341       287.6137    
 2024   287.6614       287.9866       288.7733       289.4727       290.1407       290.7445       290.9219       290.7808       290.1970       289.1862       288.2591       287.7491    
 2025   287.6564       288.0059       288.7487       289.6339       290.3577       290.8166       291.0403       290.9543       290.3303       289.4110       288.3825       287.8642    
 2026   287.8630       287.9182       288.7040       289.6282       290.3675       290.8817       291.0337       290.9168       290.2646       289.3208       288.3177       287.8745    
 2027   287.6519       288.1718       288.8486       289.5503       290.2353       290.7580       291.0181       290.8355       290.1940       289.3601       288.4296       287.8612    
 2028   287.6824       288.1321       288.9269       289.6118       290.2915       290.9212       290.9945       290.9262       290.3517       289.2976       288.4591       287.9876    
 2029   287.9684       288.2400       288.7229       289.5307       290.3792       290.9157       291.0548       290.8839       290.1642       289.2738       288.4133       287.8818    
 2030   287.9271       288.1754       288.8937       289.4732       290.2042       290.7484       290.9604       290.8334       290.3388       289.2868       288.4811       287.8962    
 2031   288.0024       288.1265       288.8781       289.7154       290.2363       290.9245       291.1540       291.0115       290.2752       289.3723       288.4598       287.8325    
 2032   287.7469       288.1880       288.8113       289.6318       290.2973       290.9023       291.0992       290.9420       290.2864       289.2472       288.3982       287.7984    
 2033   287.7628       288.1277       288.8911       289.5527       290.2169       290.8828       291.0641       290.8849       290.1481       289.2588       288.3775       287.9888    
 2034   288.0051       288.1063       288.9001       289.7192       290.3421       290.9342       291.1555       291.0008       290.4660       289.4792       288.5161       288.0793    
 2035   288.0164       288.4511       289.0344       289.7308       290.4191       290.9011       291.1442       290.9236       290.3740       289.4210       288.6358       288.0851    
 2036   287.9550       288.1505       288.9720       289.5887       290.3085       290.9118       291.0920       290.9449       290.2347       289.3961       288.4701       287.9613    
 2037   287.8771       288.3697       288.9878       289.6638       290.4141       290.9042       291.2178       290.9984       290.4279       289.4159       288.5558       288.0896    
 2038   288.0480       288.2570       289.0358       289.6582       290.3654       290.8941       291.1616       290.8684       290.2297       289.3816       288.3927       287.9608    
 2039   287.7060       288.3084       288.7695       289.5710       290.2992       290.8903       291.0552       290.9699       290.2808       289.3503       288.4937       288.1180    
 2040   288.0277       288.3360       288.8775       289.7386       290.4951       291.0782       291.1526       290.9354       290.3177       289.4228       288.6102       288.1055    
 2041   287.9451       288.3549       289.0815       289.8464       290.4703       290.9404       291.1635       290.9780       290.4099       289.5785       288.5467       288.0671    
 2042   288.0768       288.4007       289.2571       289.7514       290.4728       290.9879       291.1191       290.9658       290.3239       289.3947       288.4663       287.9264    
 2043   287.9689       288.2945       288.9682       289.6902       290.4948       291.0520       291.1031       291.0435       290.3565       289.4962       288.5189       288.0387    
 2044   288.0455       288.3008       288.9942       289.6727       290.2453       290.8560       291.0672       290.8453       290.1711       289.3515       288.4835       287.8785    
 2045   287.7962       288.1589       288.8606       289.7190       290.3185       290.7417       291.0532       290.8552       290.1992       289.3459       288.4196       288.0939    
 2046   287.9450       288.2187       288.8846       289.5886       290.3311       290.8036       291.0761       290.9237       290.2650       289.4870       288.6725       288.1609    
 2047   288.0702       288.4509       289.0058       289.6628       290.3622       290.9181       291.1253       291.0157       290.3376       289.3730       288.4778       287.8647    
 2048   287.7597       288.2520       288.9275       289.5962       290.3701       290.9038       291.0959       290.9604       290.2614       289.4449       288.5062       288.0133    
 2049   287.9583       288.2200       288.8860       289.5895       290.3828       290.8979       291.1369       291.0595       290.4011       289.5166       288.5934       288.0642    
 2050   288.1093       288.4587       289.0631       289.7243       290.6064       291.1116       291.3540       291.1568       290.5500       289.5672       288.5291       288.0994    
 2051   288.0943       288.4157       289.1064       289.6984       290.3589       291.0389       291.2104       290.9233       290.3032       289.4276       288.5025       287.9176    
 2052   287.7965       288.2195       288.7882       289.6148       290.3059       290.8216       291.0745       290.9521       290.3531       289.5030       288.4348       287.9948    
 2053   288.0080       288.3329       288.9609       289.6933       290.3932       290.9753       291.1487       290.9243       290.2505       289.3711       288.6020       288.0115    
 2054   288.0335       288.2726       288.9433       289.7631       290.4563       291.0509       291.2833       291.0780       290.4611       289.4419       288.5945       288.1239    
 2055   288.2249       288.5242       288.8760       289.6008       290.3292       290.9282       291.1038       290.9529       290.4699       289.4214       288.5139       287.9979    
 2056   288.1064       288.3425       289.1017       289.7618       290.4482       291.0588       291.1932       290.9753       290.2956       289.4018       288.6349       287.9716    
 2057   287.9896       288.2368       288.8560       289.6824       290.3951       290.8634       291.1439       291.0010       290.3214       289.4604       288.6242       288.1795    
 2058   288.0594       288.3557       289.0364       289.7987       290.4369       290.9442       291.1963       290.9684       290.3635       289.3664       288.4533       287.8004    
 2059   287.8409       288.0763       288.8372       289.5444       290.2663       290.8800       291.0502       290.9716       290.3262       289.4600       288.5116       287.9274    
 2060   288.0740       288.2726       288.9236       289.7169       290.4444       290.8900       291.2172       290.9975       290.4124       289.5518       288.6781       287.9545    
 2061   288.0019       288.4759       289.0988       289.8086       290.4966       291.0974       291.2720       291.0469       290.4715       289.5807       288.6153       288.0919    
 2062   287.9649       288.4478       289.1043       289.7058       290.4302       291.0066       291.1429       290.9593       290.2491       289.4663       288.4975       287.9746    
 2063   287.9255       288.3710       289.2065       289.8082       290.5054       291.0280       291.2004       290.9678       290.3698       289.4173       288.5373       288.0600    
 2064   288.0872       288.2968       288.9705       289.6342       290.3199       290.8921       291.0347       290.8677       290.2657       289.3820       288.4391       288.0727    
 2065   288.0350       288.2102       289.0075       289.7208       290.4239       291.0039       291.1375       290.9714       290.3072       289.2917       288.5103       288.0278    
 2066   287.9684       288.1524       288.8809       289.4685       290.2603       290.9091       291.1821       291.0402       290.3046       289.3538       288.5001       288.0044    
 2067   288.0431       288.3689       289.0470       289.6927       290.3897       290.9262       291.0878       290.9293       290.3280       289.2964       288.4110       288.0466    
 2068   287.8846       288.2172       288.7921       289.5557       290.3835       290.8675       291.0319       290.8769       290.2674       289.1560       288.2815       287.7930    
 2069   287.8234       288.1127       288.8153       289.6433       290.2805       290.8845       291.1407       290.9204       290.1674       289.3246       288.5093       287.9131    
 2070   287.8253       288.4060       288.7753       289.5934       290.3123       290.9005       291.2218       290.8931       290.2862       289.3995       288.4162       287.9598    
 2071   287.8867       288.4107       288.8348       289.6854       290.3491       290.9327       291.1154       290.9623       290.2179       289.3965       288.6019       287.9195    
 2072   287.9501       288.2002       288.7762       289.6676       290.2997       290.9119       291.1273       290.9014       290.1377       289.1838       288.3403       287.6524    
 2073   287.7619       287.9397       288.5963       289.5028       290.1899       290.7594       291.0790       290.9893       290.3236       289.3790       288.4570       288.0973    
 2074   287.7991       288.3246       288.7947       289.7018       290.5095       291.0206       291.1989       290.9663       290.3203       289.4662       288.5141       288.0632    
 2075   288.0352       288.4940       289.0984       289.7727       290.5117       290.9152       291.1286       290.9673       290.4303       289.4018       288.5656       287.9682    
 2076   287.9953       288.1725       288.7433       289.5798       290.1469       290.8481       291.1214       290.9750       290.3096       289.4387       288.4798       287.9360    
 2077   288.0426       288.2389       288.9894       289.6119       290.3469       290.8354       291.0497       290.9337       290.2721       289.4089       288.5827       288.0424    
 2078   288.0189       288.3921       288.9620       289.6452       290.4120       290.8689       291.0932       290.8898       290.2518       289.3496       288.4881       287.9271    
 2079   287.9316       288.0195       288.8971       289.4626       290.2465       290.7556       291.0117       290.8498       290.2128       289.2396       288.3785       287.8514    
 2080   287.9264       288.2192       288.8205       289.5764       290.2286       290.7904       291.0384       290.8055       290.2327       289.3385       288.6362       288.1113    
 2081   287.8847       288.1795       288.8177       289.5758       290.4276       290.9238       291.1587       290.9182       290.2917       289.3846       288.4276       287.8992    
 2082   287.8936       288.1153       288.7734       289.4732       290.1937       290.7147       291.0271       290.8294       290.3199       289.3693       288.3674       287.8819    
 2083   287.8779       288.2591       288.6948       289.5132       290.2836       290.8636       291.2367       290.9818       290.1959       289.3365       288.3280       288.0063    
 2084   287.8895       288.2638       288.9415       289.5107       290.2496       290.8228       291.0972       290.7630       290.1589       289.3532       288.2679       287.8044    
 2085   287.7935       288.0179       288.8521       289.5490       290.2611       290.8302       291.0183       290.7601       290.2156       289.4384       288.4846       287.7518    
 2086   287.8563       288.1678       288.8127       289.4713       290.2124       290.8544       291.0739       290.8872       290.3176       289.3896       288.3963       288.0721    
 2087   287.8286       288.4250       289.0227       289.7364       290.4825       290.8911       291.1380       291.0031       290.4120       289.3871       288.6082       288.0290    
 2088   287.9408       288.1370       288.8049       289.5793       290.3761       290.8350       291.0562       290.8362       290.2407       289.2515       288.3954       287.7315    
 2089   287.7296       287.9965       288.7327       289.5218       290.2402       290.7317       291.0552       290.8380       290.1829       289.3240       288.5598       287.8825    
 2090   287.8886       288.2135       288.8598       289.6085       290.3115       290.8555       291.0692       290.9445       290.2025       289.2717       288.3382       287.9051    
 2091   287.7498       287.9179       288.7005       289.3965       290.1313       290.6874       290.9952       290.8210       290.1705       289.2307       288.3782       287.9944    
 2092   287.8397       288.1157       288.8410       289.5792       290.2997       290.8185       291.0125       290.8446       290.1034       289.3010       288.4162       287.7364    
 2093   287.5493       287.9379       288.7747       289.6042       290.2062       290.6555       290.9484       290.7191       290.1449       289.2215       288.2776       287.8416    
 2094   287.8724       288.2893       288.8190       289.5556       290.2199       290.7591       290.9589       290.8463       290.1759       289.1953       288.3440       287.9496    
 2095   287.9791       288.2495       288.7738       289.5078       290.1920       290.7712       291.0269       290.7845       290.1895       289.2341       288.3706       287.7460    
 2096   287.7413       288.1256       288.7146       289.6086       290.3112       290.7433       291.0310       290.7953       290.2110       289.3301       288.4052       287.7682    
 2097   287.8979       288.2220       288.8001       289.6739       290.2565       290.8518       291.1653       290.8225       290.2988       289.4237       288.4104       287.9007    
 2098   287.8791       288.1247       288.9035       289.6398       290.3430       290.9355       291.0513       290.9102       290.2440       289.3826       288.4537       287.8196    
 2099   287.8698       288.1459       288.8896       289.7225       290.3768       290.9150       291.0764       290.7417       290.1406       289.3051       288.3871       287.8459    
 2100   287.7672       288.2386       288.6965       289.6474       290.3298       290.8576       291.0381       290.9142       290.3307       289.3063       288.3238       288.0822    
 2101   287.8955       288.3039       288.8173       289.6174       290.3075       290.8284       291.1418       290.9324       290.2981       289.4358       288.4016       287.8857    
 2102   287.9063       288.3318       288.7416       289.5222       290.2538       290.8208       291.0696       290.8229       290.1519       289.3279       288.4605       287.9016    
 2103   287.8666       287.9366       288.7829       289.6278       290.3237       290.8747       290.9779       290.8035       290.1864       289.3504       288.3527       287.7795    
 2104   287.7492       288.3337       288.6345       289.6135       290.3309       290.7325       291.0429       290.7968       290.2790       289.2337       288.4594       287.9596    
 2105   287.8544       288.2380       288.8260       289.5790       290.3033       290.8488       291.0264       290.8858       290.1534       289.3272       288.4737       287.9677    
 2106   287.8680       288.1228       288.7828       289.7112       290.3153       290.8482       291.0926       290.8994       290.2682       289.2938       288.4371       287.9270    
 2107   288.0469       288.3086       288.9563       289.7052       290.4439       290.9005       291.0445       290.8944       290.1805       289.2866       288.4437       287.6063    
 2108   287.6619       288.1923       288.5711       289.4505       290.1509       290.6850       290.8403       290.7338       290.0484       289.2110       288.3309       287.8036    
 2109   287.8659       288.2709       288.7875       289.5802       290.2611       290.7770       290.9313       290.8216       290.1404       289.3782       288.5948       288.1069    
 2110   288.1828       288.3112       288.8886       289.6275       290.3021       290.9775       291.0878       290.8557       290.2851       289.3276       288.3895       287.7596    
 2111   287.8919       288.1198       288.8489       289.5453       290.2948       290.8260       291.0190       290.7556       290.2050       289.3695       288.4601       287.7890    
 2112   287.8834       288.2049       288.7984       289.6521       290.3340       290.8876       291.0909       290.8568       290.2760       289.3998       288.4322       287.9027    
 2113   287.7848       288.1634       288.9212       289.6355       290.3891       290.9163       291.0681       290.9184       290.2812       289.3554       288.5225       287.9359    
 2114   287.9713       288.0539       288.7762       289.4872       290.2234       290.7782       290.9664       290.7701       290.2364       289.1562       288.3336       287.8483    
 2115   287.8926       288.1917       288.8525       289.5395       290.2820       290.8056       291.0775       290.7926       290.2292       289.2371       288.4028       287.8390    
 2116   288.0255       288.3257       288.9866       289.5757       290.3518       290.8213       291.0670       290.8542       290.2112       289.3744       288.4661       287.8828    
 2117   287.8091       288.0060       288.6330       289.5970       290.3331       290.8094       290.9746       290.9553       290.2695       289.2816       288.4339       288.1597    
 2118   287.9932       288.2763       288.8025       289.6604       290.3279       290.8443       291.0894       290.8720       290.1339       289.3774       288.3494       287.8512    
 2119   287.8004       288.0155       288.7292       289.4342       290.2806       290.7827       290.9793       290.7847       290.1539       289.1236       288.3721       287.8728    
 2120   287.7590       288.0835       288.7273       289.5595       290.2415       290.7883       291.0838       290.8952       290.2744       289.1771       288.3855       287.8188    
 2121   287.8267       288.0736       288.6834       289.6703       290.3084       290.8217       290.9552       290.7506       290.0540       289.2874       288.3240       287.7818    
 2122   287.6459       288.0610       288.7478       289.5971       290.1868       290.6371       290.8720       290.7632       290.1069       289.2201       288.3496       287.8559    
 2123   287.9092       288.3641       288.8216       289.5286       290.1652       290.7507       291.0909       290.8669       290.3114       289.3489       288.3622       287.9111    
 2124   287.8919       288.2804       288.7341       289.5181       290.1938       290.7469       291.0170       290.8290       290.0617       289.1857       288.3217       287.6878    
 2125   287.7826       287.9621       288.5987       289.4990       290.1413       290.6501       290.8139       290.7023       290.1358       289.2191       288.1889       287.7229    
 2126   287.7615       288.1166       288.8223       289.5274       290.1688       290.7147       290.9256       290.7539       290.1007       289.3210       288.4626       287.7874    
 2127   287.7753       288.0792       288.7653       289.4926       290.3419       290.8842       290.9912       290.7948       290.2296       289.3192       288.4840       287.9857    
 2128   287.9469       288.1778       288.7631       289.4764       290.2175       290.7990       290.9469       290.7829       290.1249       289.2717       288.4003       287.8511    
 2129   287.8255       288.2975       288.7278       289.5764       290.2634       290.6908       290.9861       290.8136       290.1382       289.2388       288.2662       287.5735    
 2130   287.6589       288.1381       288.8074       289.4695       290.2384       290.7233       291.0054       290.8446       290.1833       289.2831       288.4017       288.0604    
 2131   287.9641       288.3408       288.9972       289.6448       290.2377       290.9023       291.0254       290.8582       290.1501       289.2027       288.3368       287.7605    
 2132   287.7648       288.0385       288.7456       289.5305       290.2195       290.7113       290.9588       290.8220       290.1636       289.3887       288.3831       288.0497    
 2133   287.9449       288.3093       288.9633       289.5983       290.2308       290.7822       290.9512       290.7751       290.1935       289.4013       288.4346       287.8503    
 2134   287.7354       288.0952       288.5664       289.3893       290.1740       290.6616       290.9051       290.8185       290.1943       289.2946       288.3371       287.7754    
 2135   287.7164       288.1840       288.7653       289.5260       290.2301       290.7238       290.9645       290.8602       290.1410       289.2751       288.4142       288.0034    
 2136   288.0317       288.1526       288.7348       289.6898       290.2782       290.7758       290.9429       290.8115       290.1801       289.3000       288.4139       287.7709    
 2137   287.7873       288.1628       288.6865       289.3641       290.1026       290.6829       290.9429       290.7504       290.1391       289.1955       288.3287       287.8529    
 2138   287.7767       288.0841       288.7740       289.5315       290.2765       290.7919       290.9066       290.7150       290.2043       289.2806       288.3822       287.9304    
 2139   287.7685       288.1096       288.7200       289.5836       290.3048       290.7781       291.1151       290.8567       290.2942       289.2867       288.3625       287.9786    
 2140   287.6917       288.2958       288.7630       289.2805       290.2302       290.8497       290.9321       290.8147       290.0517       289.2121       288.2119       287.6958    
 2141   287.8392       287.9904       288.7597       289.4863       290.1740       290.6832       290.9395       290.7315       290.1718       289.1881       288.2562       287.8960    
 2142   287.7608       288.0571       288.8113       289.5030       290.0961       290.7559       290.9251       290.7254       290.0407       289.1923       288.2093       287.7871    
 2143   287.9160       288.1562       288.9238       289.5264       290.2207       290.7109       290.9232       290.7534       290.1115       289.2459       288.3550       287.7887    
 2144   287.8188       288.2143       288.7993       289.4890       290.3088       290.8241       291.0362       290.8208       290.2618       289.2428       288.2643       287.7845    
 2145   287.7863       288.1626       288.5583       289.5061       290.3006       290.7008       290.9409       290.7469       290.0966       289.3122       288.3861       287.8327    
 2146   287.7822       288.0310       288.7817       289.5299       290.0593       290.6947       290.8946       290.7348       290.1218       289.2116       288.3380       287.8029    
 2147   287.7352       288.0002       288.7141       289.4801       290.1419       290.5566       290.8832       290.7045       290.0646       289.2076       288.2535       287.6942    
 2148   287.7372       288.1389       288.5679       289.2914       290.0322       290.4608       290.7621       290.5227       289.8844       289.1087       288.2368       287.8351    
 2149   287.7190       288.1218       288.6118       289.4168       290.2003       290.6232       290.9587       290.7727       290.1776       289.1902       288.2300       287.7436    
 2150   287.8800       288.2370       288.7700       289.5647       290.1702       290.7487       291.0040       290.7900       290.1774       289.0618       288.2473       287.7553    
 2151   287.6133       288.0434       288.4281       289.4673       290.0810       290.6240       290.9618       290.8374       290.1163       289.2445       288.3731       287.8994    
 2152   287.8082       288.0958       288.7051       289.4412       290.2461       290.6355       290.9288       290.6288       289.9467       289.0042       288.2533       287.8302    
 2153   287.7424       287.9893       288.6060       289.3413       290.1178       290.6821       290.8344       290.6778       290.0863       289.1039       288.1757       287.6311    
 2154   287.7853       288.0860       288.7148       289.3067       290.0706       290.6418       290.9541       290.7785       290.0333       289.1738       288.2350       287.8371    
 2155   287.7994       288.0075       288.6842       289.4534       290.1948       290.6339       290.8533       290.7236       290.0338       289.0916       288.1989       287.6333    
 2156   287.5494       288.0130       288.7090       289.4247       290.1111       290.6744       290.8476       290.6834       290.1393       289.2147       288.2683       287.6791    
 2157   287.7411       288.1339       288.6418       289.4641       290.0728       290.5782       290.8273       290.7431       290.0911       289.0294       288.1622       287.8776    
 2158   287.9159       287.9783       288.8635       289.5536       290.0984       290.6725       290.9389       290.6671       290.0840       289.2264       288.2821       287.6999    
 2159   287.7148       288.1729       288.8623       289.4908       290.1339       290.7520       290.9276       290.6969       290.0497       289.0796       288.2218       287.6067    
 2160   287.7819       288.1020       288.6643       289.5043       290.1642       290.8409       291.0051       290.8181       290.0800       289.2816       288.2089       287.7319    
 2161   287.6244       287.9808       288.5637       289.3991       290.2403       290.7125       290.9048       290.6705       290.0225       289.1252       288.2381       287.6484    
 2162   287.5465       287.9301       288.6563       289.3324       290.0346       290.5708       290.8334       290.7314       290.1206       289.0635       288.1949       287.8533    
 2163   287.6404       287.8865       288.6074       289.3380       290.2855       290.6972       290.9005       290.7382       290.1107       289.1329       288.3196       287.6555    
 2164   287.5786       287.9138       288.7965       289.4821       290.1926       290.6932       290.8772       290.6746       290.0741       289.1118       288.1896       287.5513    
 2165   287.5679       287.9141       288.6180       289.4135       290.1666       290.7613       290.9600       290.6797       290.1432       289.1477       288.1765       287.7208    
 2166   287.7890       288.0096       288.4113       289.3606       290.1669       290.6806       290.9731       290.8163       290.1590       289.2180       288.2793       287.6830    
 2167   287.6980       288.1471       288.7129       289.5056       290.2245       290.6667       290.9129       290.7162       289.9636       289.1287       288.1859       287.7203    
 2168   287.6384       287.9607       288.6532       289.4064       290.0317       290.6190       290.8281       290.7393       290.0590       289.1446       288.2176       287.6536    
 2169   287.6728       288.1197       288.8117       289.4463       290.2179       290.7813       290.9253       290.7310       290.1203       289.1955       288.1662       287.6223    
 2170   287.7252       287.9859       288.4482       289.2845       290.1170       290.6908       290.8438       290.6673       290.0624       289.1061       288.2860       287.7594    
 2171   287.6372       288.1259       288.6675       289.5493       290.1402       290.6180       290.9653       290.7600       290.0246       289.2070       288.3942       287.6175    
 2172   287.6695       287.9648       288.7478       289.4917       290.1487       290.7293       290.9196       290.6595       289.9608       289.0305       287.9841       287.5218    
 2173   287.5780       287.8758       288.3355       289.2566       290.0273       290.5497       290.8169       290.6738       290.0438       289.1427       288.2334       287.8813    
 2174   287.7587       288.2953       288.6996       289.4446       290.1430       290.7426       290.8556       290.7384       290.0759       289.0401       288.2511       287.6779    
 2175   287.5622       287.8605       288.5342       289.4549       290.2052       290.7231       290.9355       290.7919       290.1970       289.1671       288.2511       287.6602    
 2176   287.7413       288.0438       288.7674       289.5536       290.1385       290.6990       290.8763       290.7227       290.0328       289.1397       288.1874       287.6246    
 2177   287.7223       288.0110       288.5719       289.3798       290.2214       290.7145       290.9739       290.7439       290.0729       289.1266       288.2228       287.6719    
 2178   287.7438       288.2747       288.7565       289.4641       290.0541       290.6907       290.7502       290.5814       290.0243       289.1310       288.1422       287.5061    
 2179   287.5918       287.9699       288.7108       289.4757       290.1137       290.6238       290.8104       290.6300       290.0384       289.0139       288.0746       287.5156    
 2180   287.6612       288.1374       288.6967       289.3814       290.0699       290.6396       290.7456       290.5987       289.9795       289.0114       288.0514       287.5539    
 2181   287.6390       287.8859       288.5760       289.3624       289.9974       290.5713       290.8521       290.6771       290.1237       289.1707       288.3122       287.9255    
 2182   287.9295       288.2192       288.7339       289.5285       290.2309       290.6877       291.0417       290.8279       290.0865       289.1215       288.2935       287.7266    
 2183   287.5885       288.1608       288.7373       289.4626       290.1867       290.6909       290.8900       290.6030       290.0216       289.1906       288.2369       287.8160    
 2184   287.5541       287.8294       288.7776       289.3439       290.0901       290.5940       290.8861       290.7285       290.0414       289.0815       288.2409       287.6569    
 2185   287.7288       288.2071       288.8914       289.4969       290.2089       290.7176       290.9861       290.8174       290.1168       289.1383       288.2625       287.7582    
 2186   287.7559       287.9831       288.5029       289.3474       290.1332       290.5195       290.8092       290.7049       290.0163       289.0330       288.0535       287.6016    
 2187   287.5653       287.8043       288.5105       289.3610       290.0602       290.5136       290.8309       290.6745       290.0849       289.0976       288.1696       287.6753    
 2188   287.7252       287.9240       288.6785       289.3611       290.0750       290.5533       290.7233       290.5568       290.0343       289.0605       288.1920       287.7356    
 2189   287.6090       287.9878       288.6090       289.3517       290.0230       290.6243       290.8831       290.7089       289.9674       289.0302       288.1118       287.6553    
 2190   287.6471       287.9505       288.5718       289.3977       290.1673       290.6087       290.8837       290.5995       289.9314       289.1443       288.1506       287.7607    
 2191   287.5786       288.0335       288.6362       289.3986       290.1158       290.6101       290.8988       290.6906       290.0712       289.1396       288.1812       287.6928    
 2192   287.7079       287.9113       288.7845       289.3234       290.0942       290.6732       290.8788       290.6532       290.0685       289.0943       288.1811       287.6438    
 2193   287.8541       287.9989       288.8156       289.3695       290.1172       290.5989       290.7784       290.7087       290.0386       289.0608       288.3523       287.8665    
 2194   287.6653       287.9955       288.7375       289.4911       290.0901       290.6321       290.8434       290.6153       290.0410       289.0225       288.0746       287.5049    
 2195   287.4275       288.0609       288.5341       289.3424       290.0623       290.6647       290.8502       290.6758       290.0505       289.0633       288.3055       287.6165    
 2196   287.4554       287.9819       288.4867       289.3868       290.0348       290.5599       290.7892       290.6413       290.0237       289.0374       288.1608       287.5672    
 2197   287.6707       287.9088       288.6462       289.3872       290.1953       290.6184       290.9017       290.8303       290.2014       289.2565       288.2999       287.6793    
 2198   287.6922       288.1277       288.5737       289.4235       290.1277       290.5864       290.8217       290.5949       290.0323       289.1563       288.1299       287.6699    
 2199   287.5188       287.8939       288.5066       289.2639       289.8413       290.4536       290.6424       290.4418       289.8788       289.0098       287.9904       287.4977    
 2200   287.3514       287.6862       288.4646       289.2540       289.9001       290.4031       290.7984       290.5809       290.0671       289.0560       288.1920       287.9048    
 2201   287.7748       288.1191       288.7949       289.4651       290.2039       290.7656       290.9669       290.7538       290.0883       289.1360       288.3260       287.6613    
 2202   287.6473       288.1088       288.7167       289.3364       290.1289       290.5610       290.7797       290.5003       289.8987       289.0460       288.1794       287.5368    
 2203   287.4178       287.7880       288.5871       289.4059       289.9903       290.6046       290.8716       290.6557       289.9681       289.2067       288.2615       287.7378    
 2204   287.7570       288.1419       288.7192       289.3738       290.0721       290.6463       290.7726       290.6048       290.0605       289.0929       288.1591       287.6299    
 2205   287.6465       288.0209       288.6176       289.3878       290.1026       290.6068       290.8306       290.6694       290.0640       289.0588       288.2660       287.7397    
 2206   287.7509       287.9804       288.7178       289.4383       290.1219       290.6271       290.9535       290.6953       290.0756       289.0721       288.3060       287.8421    
 2207   287.7520       288.1679       288.7295       289.5187       290.1716       290.7290       290.9105       290.6365       289.9158       289.0604       288.1580       287.7432    
 2208   287.6308       287.8453       288.7190       289.3104       290.1280       290.7046       290.9038       290.6831       290.0775       289.1707       288.1741       287.5191    
 2209   287.7651       288.1036       288.7214       289.4883       290.2226       290.6393       290.9565       290.7136       290.0302       289.1624       288.1936       287.6431    
 2210   287.8497       288.0144       288.5477       289.2310       290.0582       290.5385       290.7971       290.7013       290.0472       289.1494       288.3013       287.8053    
 2211   287.7957       288.1101       288.6254       289.3614       290.0713       290.6320       290.7826       290.5983       289.8998       288.9965       288.0747       287.5659    
 2212   287.5341       287.8228       288.5410       289.2536       290.0557       290.4445       290.6787       290.5939       289.9431       289.0522       288.0992       287.3992    
 2213   287.4695       287.7763       288.5240       289.3431       290.0135       290.5393       290.7777       290.5838       289.9364       289.0654       288.1287       287.6502    
 2214   287.7228       288.1224       288.6657       289.4861       290.1685       290.6043       290.8354       290.7326       290.0143       289.1665       287.9595       287.6050    
 2215   287.4242       287.8560       288.5909       289.3724       290.0535       290.6130       290.8135       290.6237       290.0126       288.9777       288.1895       287.6486    
 2216   287.4875       288.0185       288.6653       289.3235       290.0220       290.5891       290.8572       290.5601       290.0227       289.0808       287.9913       287.6856    
 2217   287.7433       287.9329       288.8030       289.4975       290.2939       290.6843       290.8324       290.5980       290.0504       289.1373       288.2574       287.7219    
 2218   287.7127       288.1634       288.7084       289.2979       290.1190       290.6107       290.8785       290.6837       290.1348       289.1156       288.3002       287.7614    
 2219   287.7113       287.9868       288.6598       289.3863       290.1686       290.5998       290.7043       290.5780       289.9822       289.0377       288.1054       287.4377    
 2220   287.3608       287.6724       288.3358       289.2275       289.9414       290.4969       290.6734       290.5284       289.7722       289.0862       288.0605       287.6548    
 2221   287.6450       288.1338       288.6621       289.4752       290.0531       290.6512       290.8840       290.6958       290.0515       289.0957       288.2740       287.6943    
 2222   287.6218       287.9698       288.6844       289.3596       290.0609       290.5850       290.7925       290.6809       289.9555       288.9316       287.9587       287.3842    
 2223   287.2891       287.6079       288.4257       289.3041       289.8682       290.5305       290.7306       290.4863       289.9731       288.9221       288.0495       287.4980    
 2224   287.5527       287.8188       288.4183       289.2638       289.8521       290.4601       290.8026       290.5977       289.9649       289.1056       288.1267       287.7355    
 2225   287.6022       287.9335       288.5339       289.2219       289.9538       290.4626       290.7988       290.5329       289.8488       289.0124       287.9961       287.5255    
 2226   287.4640       287.9517       288.4977       289.2958       289.9972       290.5216       290.8127       290.5605       289.9103       288.9581       288.1224       287.5997    
 2227   287.4923       287.7498       288.4708       289.3105       290.0412       290.4575       290.7372       290.5706       289.9259       289.0966       288.1136       287.7311    
 2228   287.5255       287.9001       288.5133       289.2314       289.9732       290.5243       290.7621       290.6042       289.9535       289.0381       287.9897       287.5473    
 2229   287.4049       287.7397       288.4572       289.2043       289.9459       290.5618       290.7854       290.6121       290.0056       289.0100       288.1216       287.6897    
 2230   287.5503       288.0292       288.6889       289.3018       290.0421       290.5713       290.7120       290.5988       289.9406       288.9463       287.9833       287.3953    
 2231   287.4477       287.8370       288.5525       289.1409       289.8989       290.5413       290.7323       290.5384       289.8938       288.9677       288.0412       287.6938    
 2232   287.7595       287.9265       288.5201       289.3519       290.0608       290.5888       290.8221       290.5975       289.9793       289.0397       288.0987       287.5793    
 2233   287.6849       287.8377       288.6599       289.3194       290.1248       290.5983       290.7409       290.6277       289.9352       288.9376       288.0002       287.3824    
 2234   287.3760       287.6874       288.4586       289.3695       290.0615       290.5429       290.8208       290.6594       289.9503       289.0519       288.0163       287.4421    
 2235   287.3168       287.7039       288.5285       289.2868       289.9224       290.5116       290.7199       290.5607       289.8421       288.9246       287.8627       287.4767    
 2236   287.4212       287.5954       288.3773       289.2622       289.7891       290.4714       290.6635       290.4800       289.8771       288.7541       287.8311       287.4838    
 2237   287.4002       287.7291       288.4145       289.3185       290.0984       290.5693       290.7334       290.6267       290.0602       289.0324       288.1441       287.8114    
 2238   287.7783       287.8604       288.5141       289.3326       290.0058       290.5214       290.7917       290.4872       289.9151       288.9970       287.8735       287.5273    
 2239   287.5237       287.8195       288.4982       289.1693       289.8559       290.3493       290.5861       290.4878       289.8624       288.9185       287.9288       287.4578    
 2240   287.3408       287.7305       288.4525       289.3230       290.0808       290.6842       290.7852       290.5952       290.0385       289.0458       288.2770       287.6424    
 2241   287.6716       288.0168       288.6700       289.3748       290.1718       290.6567       290.8838       290.6381       289.9809       289.0134       288.0652       287.5893    
 2242   287.5812       287.8893       288.4019       289.2681       289.9517       290.4270       290.7363       290.5540       289.9814       289.0114       287.9922       287.6574    
 2243   287.5537       287.7780       288.6341       289.4463       290.0272       290.5261       290.7104       290.4504       289.8625       288.8868       288.0042       287.4485    
 2244   287.4287       287.7628       288.3343       289.1580       289.8981       290.4961       290.7406       290.6187       289.9446       289.0484       288.0693       287.6085    
 2245   287.4952       287.9064       288.4475       289.3337       290.0076       290.6476       290.8799       290.5982       289.9515       288.8915       287.9988       287.4840    
 2246   287.5930       287.8370       288.5100       289.3012       289.9494       290.5114       290.6881       290.5775       290.0730       288.9927       288.0655       287.5389    
 2247   287.4883       287.9055       288.4940       289.2145       289.9868       290.5259       290.8439       290.6259       290.0620       289.0279       287.9612       287.4251    
 2248   287.6375       287.9142       288.4537       289.2188       289.9223       290.5357       290.7676       290.5632       289.8254       288.9410       288.0988       287.6286    
 2249   287.5332       287.8974       288.4813       289.2912       289.9473       290.4367       290.5849       290.4820       289.7996       288.8737       287.9372       287.4265    
 2250   287.3362       287.6586       288.4302       289.1271       289.8794       290.4862       290.5650       290.4543       289.9026       288.9157       288.0828       287.5051    
 2251   287.5065       288.0232       288.6546       289.4994       290.0965       290.6573       290.8742       290.6748       289.9343       289.0591       288.0851       287.4822    
 2252   287.3463       287.7876       288.5366       289.2134       289.9042       290.5272       290.8196       290.6768       289.9210       289.0155       288.0996       287.6675    
 2253   287.4964       287.8342       288.5972       289.4681       290.0128       290.5251       290.7426       290.5205       289.9234       288.9648       288.0143       287.3417    
 2254   287.4889       287.7715       288.5656       289.2309       289.9078       290.4371       290.6590       290.5262       289.8846       288.9550       287.9671       287.4253    
 2255   287.3908       287.8834       288.4172       289.1779       289.8684       290.5235       290.8183       290.5918       290.0097       289.0822       288.0793       287.6250    
 2256   287.5407       287.9303       288.3884       289.0731       289.9690       290.4911       290.6327       290.4243       289.7586       288.8433       287.9266       287.4362    
 2257   287.2971       287.5720       288.3607       289.2545       289.9507       290.5078       290.7426       290.5411       289.8069       288.8671       288.0226       287.6065    
 2258   287.5104       287.8065       288.4427       289.2898       289.8511       290.5694       290.7157       290.5099       289.8347       288.8386       288.0089       287.3632    
 2259   287.3698       287.6454       288.3585       289.1234       289.7422       290.3834       290.6458       290.5138       289.8837       288.8758       287.9756       287.5062    
 2260   287.4841       287.6906       288.3624       289.1171       289.9637       290.4782       290.6892       290.4962       289.9151       288.9008       287.9450       287.4781    
 2261   287.4447       287.7497       288.4708       289.3896       290.0292       290.5047       290.6105       290.3978       289.7970       288.9095       287.8779       287.3099    
 2262   287.2509       287.5186       288.2165       289.1747       289.9331       290.4385       290.7276       290.5628       289.8575       288.9706       288.0375       287.5413    
 2263   287.5346       287.8616       288.6645       289.4198       290.1010       290.5668       290.7947       290.5972       289.8849       288.8445       288.0178       287.2745    
 2264   287.2552       287.7590       288.4531       289.1531       289.8549       290.3247       290.6819       290.4638       289.7405       288.7760       287.9694       287.4315    
 2265   287.3323       287.6678       288.4446       289.0594       289.8393       290.3715       290.6809       290.4643       289.9299       289.0264       288.1256       287.5167    
 2266   287.5555       287.8576       288.4910       289.2258       289.8829       290.5093       290.7673       290.6069       289.8675       289.0118       287.9940       287.4465    
 2267   287.5561       287.7521       288.4241       289.2086       289.9037       290.3994       290.6584       290.4915       289.8520       288.9489       288.0568       287.4583    
 2268   287.6089       287.7135       288.3627       289.2926       290.0510       290.6070       290.7676       290.6155       289.8910       288.9724       288.0166       287.6992    
 2269   287.5558       287.9219       288.4929       289.3428       290.0990       290.6216       290.6955       290.4962       289.9009       288.9378       287.9180       287.4817    
 2270   287.4889       287.7350       288.4148       289.2162       289.9571       290.4625       290.7113       290.4530       289.9121       289.0721       288.1153       287.6848    
 2271   287.5399       287.9680       288.4959       289.2377       290.0337       290.4748       290.7355       290.5737       289.9265       288.9894       288.1404       287.7391    
 2272   287.5554       287.7606       288.5201       289.2776       289.9200       290.4643       290.6520       290.4398       289.8325       288.8559       287.8819       287.4374    
 2273   287.4013       287.8586       288.4377       289.1530       290.0198       290.4721       290.7779       290.5499       289.9104       288.9336       287.9834       287.4230    
 2274   287.5439       287.7600       288.5206       289.3182       290.0040       290.4326       290.6871       290.4719       289.9434       288.9445       287.9424       287.4544    
 2275   287.3657       287.7478       288.4616       289.1842       289.8423       290.3882       290.5967       290.4935       289.8374       288.8578       288.0456       287.4669    
 2276   287.1835       287.7880       288.5879       289.2977       289.9993       290.4325       290.7258       290.4659       289.8444       288.8451       288.0457       287.6340    
 2277   287.6047       287.9046       288.6285       289.2642       289.9875       290.5640       290.7375       290.5643       289.9681       289.0457       288.0147       287.5895    
 2278   287.5161       287.9724       288.4912       289.1577       289.9776       290.5940       290.7835       290.5674       289.9291       288.8156       288.0086       287.5186    
 2279   287.2742       287.7513       288.4433       289.3071       290.0349       290.4708       290.6955       290.5082       289.8465       288.8824       288.0730       287.5717    
 2280   287.5933       287.8097       288.5304       289.2310       289.9887       290.4935       290.7631       290.5731       289.9429       289.0322       287.9589       287.5796    
 2281   287.4493       287.7567       288.4570       289.2673       290.0843       290.6089       290.7107       290.5766       289.8723       288.9226       288.0449       287.4565    
 2282   287.5803       287.7179       288.2450       289.1519       289.8799       290.4456       290.6798       290.5651       289.7920       288.7177       287.8359       287.4389    
 2283   287.3960       287.8535       288.4320       289.2923       289.9689       290.4476       290.7327       290.6007       289.9727       289.0198       288.0746       287.4343    
 2284   287.4452       287.9272       288.5124       289.3621       290.0300       290.5813       290.7660       290.4961       289.8917       288.8707       287.8996       287.4681    
 2285   287.4810       287.6867       288.5463       289.2994       290.0382       290.4620       290.7029       290.5446       289.8013       288.7804       287.8538       287.4464    
 2286   287.4097       287.9082       288.5788       289.2414       289.9784       290.4914       290.6346       290.4193       289.8909       288.9305       287.9115       287.4718    
 2287   287.3224       287.7597       288.4147       289.0744       289.8737       290.4761       290.5930       290.4866       289.6965       288.9813       288.1376       287.4700    
 2288   287.3965       287.7993       288.3849       289.1830       289.8659       290.4061       290.6758       290.4615       289.7817       288.8962       287.9528       287.5378    
 2289   287.3945       287.7314       288.3699       289.1312       289.9300       290.5174       290.7481       290.4643       289.8562       288.9028       287.9272       287.4976    
 2290   287.5069       287.7039       288.3960       289.1153       289.8535       290.4454       290.6246       290.5131       289.9226       288.9761       288.1027       287.6795    
 2291   287.5374       287.8876       288.5245       289.2918       289.8821       290.4246       290.7445       290.5199       289.8268       288.8877       287.9813       287.3354    
 2292   287.2510       287.6581       288.4959       289.1706       289.9181       290.4096       290.6351       290.4045       289.8217       288.9081       288.0186       287.5621    
 2293   287.6355       287.9135       288.4478       289.2751       289.9845       290.4716       290.6578       290.3992       289.8343       288.9597       287.9705       287.3899    
 2294   287.2775       287.7834       288.3949       289.1293       289.9336       290.4769       290.6639       290.5284       289.8738       288.8347       287.9451       287.4443    
 2295   287.4042       287.5257       288.4169       289.1994       290.0088       290.4142       290.6490       290.5529       289.8479       288.7349       287.9457       287.5096    
 2296   287.3812       287.5323       288.4228       289.2048       289.9558       290.4269       290.7628       290.4996       289.8007       288.8148       287.8441       287.3374    
 2297   287.3360       287.6933       288.3730       289.2148       289.9143       290.4765       290.7246       290.5097       289.8214       288.9539       287.8438       287.3962    
 2298   287.3828       287.9213       288.4290       289.2939       289.8841       290.3924       290.6894       290.3353       289.7591       288.9458       287.8484       287.4754    
 2299   287.3289       287.8056       288.2159       289.1942       289.9803       290.4949       290.5748       290.4209       289.9106       288.8394       287.9922       287.3761    
 2300   287.1122       287.5490       288.1890       289.1869       289.9335       290.4450       290.6765       290.4686       289.7270       288.8307       287.8359       287.3001    
