# tas [K] from FGOALS_g2 model output prepared for CMIP5 natural-only r2i1p1
# cutting out region lon=   -1.406  358.594, lat=  -90.000   90.000
 1850   283.7317       283.9197       284.5169       285.4910       286.4790       287.1302       287.6346       287.3518       286.4475       285.2263       284.1580       283.5955    
 1851   283.2957       283.7133       284.4141       285.2336       286.3675       287.1468       287.3988       287.2563       286.3954       285.1316       284.0815       283.3995    
 1852   283.3944       283.8076       284.4995       285.1959       286.2281       287.1458       287.5478       287.2513       286.4648       285.2617       284.1913       283.6378    
 1853   283.5046       283.8845       284.6726       285.3606       286.3725       287.0700       287.5284       287.2672       286.4325       285.3555       284.2607       283.5106    
 1854   283.4749       284.0374       284.4525       285.3023       286.4423       287.1561       287.4409       287.0777       286.3954       285.2359       284.2396       283.4847    
 1855   283.4583       283.7431       284.3688       285.3117       286.2202       286.9792       287.4896       287.1512       286.2081       285.0633       283.9917       283.4463    
 1856   283.2968       283.8218       284.4125       285.2067       286.2152       287.1227       287.4772       287.1694       286.3792       285.1917       284.3065       283.5681    
 1857   283.3383       283.7464       284.5556       285.3674       286.4015       287.1602       287.5074       287.2401       286.4459       285.2993       284.1617       283.4120    
 1858   283.4662       283.7869       284.4806       285.4585       286.4158       287.1364       287.6254       287.1746       286.3113       285.2650       284.0771       283.3920    
 1859   283.2469       283.9304       284.4276       285.2226       286.2260       287.1239       287.5398       287.1020       286.2478       285.1783       283.9763       283.3046    
 1860   283.4348       283.7655       284.3233       285.2127       286.2409       286.9541       287.2337       287.1531       286.3465       285.2755       284.2041       283.6597    
 1861   283.3129       283.8477       284.4819       285.4708       286.4626       287.1983       287.5462       287.2840       286.3869       285.3561       284.2060       283.6007    
 1862   283.5589       283.8800       284.5864       285.5082       286.4101       287.1409       287.4272       287.1928       286.4321       285.1761       284.1935       283.3956    
 1863   283.5138       283.8704       284.3896       285.2854       286.2929       287.0804       287.5401       287.1784       286.3586       285.2027       283.8946       283.2127    
 1864   283.3191       283.4607       284.3404       285.2274       286.3490       286.9972       287.3444       287.0750       286.1665       285.1318       283.9480       283.5452    
 1865   283.1378       283.7962       284.2472       285.2100       286.1895       287.0517       287.3644       287.0541       286.2597       284.9406       284.1533       283.2193    
 1866   283.1981       283.6262       284.2882       285.1324       286.0859       287.0190       287.3514       287.1316       286.3586       285.1140       284.0075       283.4863    
 1867   283.1956       283.7478       284.2843       285.1786       286.2008       286.9882       287.5143       287.1773       286.3782       285.3893       284.1503       283.3860    
 1868   283.4268       283.5898       284.3045       285.2732       286.2479       287.0278       287.4485       287.3796       286.3533       285.2770       284.1474       283.4868    
 1869   283.2960       283.7840       284.5526       285.4142       286.4269       287.0852       287.4149       287.1560       286.2925       285.3361       284.0291       283.2786    
 1870   283.4487       283.7132       284.1757       285.2672       286.1805       287.1128       287.2525       287.1052       286.2965       285.2454       283.9689       283.0807    
 1871   283.3429       283.5242       284.2398       285.2208       286.1983       287.0970       287.4643       287.1648       286.4144       285.1263       283.9287       283.2098    
 1872   283.0251       283.6247       284.2749       285.3237       286.2703       286.9836       287.5225       287.2657       286.3843       285.4541       284.2182       283.5131    
 1873   283.3119       283.9412       284.5531       285.3954       286.2409       287.0547       287.5128       287.2173       286.5201       285.1341       283.9305       283.2784    
 1874   283.3154       283.7533       284.2985       285.2139       286.0576       286.8297       287.4077       286.9710       286.2284       284.9802       283.9427       283.3355    
 1875   283.3694       283.6852       284.4405       285.2222       286.1893       287.1251       287.4813       287.0942       286.2903       285.2579       284.2055       283.5313    
 1876   283.5357       283.7928       284.4778       285.3492       286.3780       287.1033       287.4600       287.2280       286.3977       285.3439       284.2037       283.4135    
 1877   283.2766       283.7582       284.5598       285.4042       286.4158       286.9802       287.4979       287.1399       286.2162       285.3534       284.1508       283.4805    
 1878   283.2166       283.7294       284.1259       285.2199       286.1536       287.0356       287.2697       287.0328       286.1806       285.1435       284.0884       283.4126    
 1879   283.3871       283.7654       284.3700       285.3546       286.2090       286.9825       287.4416       287.2497       286.3086       285.1449       284.1195       283.6242    
 1880   283.3569       283.7211       284.4887       285.2781       286.0746       287.0429       287.5936       287.2740       286.5549       285.3125       284.0715       283.4526    
 1881   283.3291       283.6225       284.4154       285.1758       286.0930       287.0464       287.3986       287.1500       286.2007       285.1570       283.9866       283.4549    
 1882   283.3080       283.6893       284.2956       285.2889       286.2755       287.0031       287.4835       287.1856       286.3379       285.2466       284.2431       283.5479    
 1883   283.4363       283.7431       284.4803       285.4300       286.3426       287.0623       287.4968       287.1043       286.3140       285.0802       283.8625       283.2917    
 1884   283.2313       283.5443       284.4698       285.2735       286.2932       287.0615       287.4269       287.1833       286.2447       285.1615       284.1274       283.5315    
 1885   283.3302       283.6835       284.3654       285.5103       286.3018       287.1180       287.4834       287.2373       286.3109       285.1831       284.1176       283.6327    
 1886   283.4010       283.9518       284.4113       285.3842       286.3218       287.0079       287.3888       287.0429       286.2083       285.1340       283.9696       283.3087    
 1887   283.1198       283.6974       284.4191       285.3253       286.2223       287.1147       287.3312       287.1439       286.2238       285.0306       284.0661       283.3784    
 1888   283.2505       283.7585       284.1369       285.2496       286.2724       287.0283       287.4495       287.0048       286.2368       285.1997       283.9846       283.3891    
 1889   283.4972       283.8498       284.3407       285.2880       286.3348       287.1202       287.3962       287.1007       286.0724       285.0890       283.9735       283.5471    
 1890   283.3444       283.7682       284.4500       285.2904       286.1866       287.0850       287.4615       287.1306       286.2857       285.1963       284.0781       283.3999    
 1891   283.2552       283.6823       284.3955       285.2831       286.1813       287.0872       287.4953       286.9835       286.2427       285.1864       283.9967       283.3966    
 1892   283.6020       283.8228       284.5509       285.4166       286.2905       287.1122       287.5923       287.2230       286.4264       285.2000       284.1952       283.4611    
 1893   283.1913       283.5359       284.3352       285.3805       286.2778       287.1593       287.6620       287.2727       286.4365       285.2865       284.2086       283.3317    
 1894   283.5791       284.0348       284.5480       285.2853       286.3130       287.2499       287.6716       287.3004       286.5031       285.2267       284.1212       283.4051    
 1895   283.2651       283.7430       284.4656       285.2906       286.2685       287.0489       287.3650       287.3208       286.4008       285.2380       284.0130       283.5184    
 1896   283.4309       283.7892       284.5360       285.4058       286.5886       287.3039       287.5925       287.2742       286.4373       285.2285       284.2936       283.5713    
 1897   283.4832       283.8444       284.5685       285.4911       286.6005       287.1300       287.5823       287.2341       286.4717       285.1783       284.1063       283.4827    
 1898   283.3510       283.8190       284.3814       285.2882       286.2617       287.1046       287.3564       287.1038       286.3279       285.1461       284.1044       283.4460    
 1899   283.2505       283.6196       284.2839       285.1332       286.2472       286.9739       287.4484       287.1872       286.3319       285.0258       284.1286       283.4312    
 1900   283.4300       283.7868       284.4083       285.3699       286.3893       287.1797       287.5901       287.2558       286.3407       285.1852       284.0006       283.3461    
 1901   283.0194       283.6002       284.3082       285.3119       286.1746       286.9546       287.2994       287.0829       286.1844       285.3143       283.9937       283.3264    
 1902   283.3473       283.6490       284.2663       285.2001       286.1925       286.9644       287.4441       287.1346       286.3733       285.1499       284.1829       283.5474    
 1903   283.3832       283.7546       284.5827       285.3791       286.2602       287.2055       287.5925       287.2314       286.4002       285.2034       284.0962       283.3347    
 1904   283.3189       283.4917       284.3412       285.1299       286.2299       286.9774       287.4370       287.0920       286.3079       285.2014       284.0882       283.4723    
 1905   283.5272       283.7564       284.1479       285.2716       286.1868       286.9132       287.4662       287.2473       286.3918       285.1763       284.2253       283.4712    
 1906   283.1626       283.7875       284.5314       285.4695       286.4600       287.1295       287.5403       287.1838       286.4183       285.3939       284.0488       283.3322    
 1907   283.3363       283.9706       284.4559       285.1604       286.2667       287.2017       287.4959       287.2267       286.3902       285.1672       284.0399       283.3866    
 1908   283.4703       283.7503       284.1897       285.1356       286.3667       287.0759       287.4677       287.2873       286.4177       285.2059       284.0773       283.3949    
 1909   283.2675       283.6501       284.3139       285.3655       286.2638       287.0166       287.4995       287.1164       286.3040       285.2039       283.9054       283.3079    
 1910   283.2388       283.6456       284.3936       285.3382       286.2160       286.8951       287.4062       286.9998       286.1971       284.9082       284.0381       283.5328    
 1911   283.2762       283.5479       284.3558       285.1889       286.1401       286.8419       287.3190       287.2283       286.2685       284.9783       283.9883       283.2197    
 1912   283.3881       283.7414       284.4604       285.2566       286.2420       287.0635       287.3675       286.9774       286.3261       285.1137       283.8760       283.4335    
 1913   283.1887       283.4341       284.2862       285.1762       286.2225       287.0341       287.2831       287.0249       286.2286       285.1850       284.1267       283.6241    
 1914   283.4690       283.6781       284.5749       285.2352       286.1658       286.9968       287.4968       287.1175       286.2263       285.0634       283.8948       283.2186    
 1915   283.0297       283.6742       284.5328       285.2613       286.1309       286.9497       287.3322       287.0884       286.1975       285.0628       283.9698       283.3334    
 1916   282.9439       283.5560       284.2979       285.1305       285.9743       286.8248       287.3276       286.9538       286.3097       285.1635       284.0355       283.5212    
 1917   283.4914       284.0965       284.4059       285.3417       286.3469       287.0555       287.3881       287.0868       286.3705       285.1159       284.2229       283.4468    
 1918   283.4489       283.7827       284.2655       285.2396       286.2746       287.0524       287.4514       287.1062       286.3467       285.2104       284.0426       283.4527    
 1919   283.4030       283.7968       284.2521       285.2720       286.2018       287.0295       287.3652       287.0007       286.3424       285.2479       284.0503       283.3479    
 1920   283.1252       283.5927       284.1665       285.2554       286.1748       287.1106       287.4200       287.0262       286.2486       285.1728       284.0637       283.4424    
 1921   283.4131       283.7936       284.3518       285.0848       286.2970       287.0070       287.3403       286.9688       286.2110       285.0119       283.7661       283.4251    
 1922   283.3329       283.7029       284.1639       285.0992       286.1576       286.9701       287.4533       286.9574       286.3247       285.1249       283.8915       283.1913    
 1923   283.2552       283.5585       284.4152       285.2605       286.2256       286.9301       287.3608       287.0747       286.2291       285.0741       283.9766       283.2059    
 1924   283.4438       283.6986       284.2216       285.2256       286.1205       286.7769       287.2852       287.0640       286.3159       285.0655       284.1069       283.2770    
 1925   283.1586       283.6485       284.5263       285.2893       286.4041       287.0817       287.4060       287.1634       286.1819       285.0405       283.6794       283.1723    
 1926   283.0821       283.6797       284.2589       285.1249       286.1986       287.0522       287.4226       287.0940       286.2012       285.0504       284.0224       283.1762    
 1927   283.3458       283.4984       284.3871       285.2306       286.2262       287.1516       287.5210       287.2813       286.3226       285.1499       284.0913       283.4601    
 1928   283.4756       283.7696       284.4576       285.4397       286.2828       287.1366       287.1965       287.1422       286.3829       285.0174       283.9612       283.3590    
 1929   283.2112       283.5232       284.2864       284.9837       285.9248       286.7681       287.3546       286.9792       286.1009       285.0908       284.0336       283.4308    
 1930   283.3818       283.9468       284.3855       285.3044       286.1295       286.9970       287.3436       286.9382       286.2447       285.1044       284.0846       283.4487    
 1931   283.2975       283.6452       284.2792       285.3260       286.2433       286.9786       287.4556       287.1895       286.3654       285.1286       283.8836       283.3304    
 1932   283.2978       283.8230       284.2354       285.1598       286.2171       286.9314       287.3797       287.1028       286.2052       285.0157       283.9859       283.2778    
 1933   283.1770       283.7202       284.2801       285.2291       286.1850       287.0592       287.3366       287.0024       286.2497       285.0074       283.9336       283.1420    
 1934   283.1801       283.4961       284.1721       285.1955       286.1382       286.8326       287.3433       287.1216       286.2160       285.1190       283.8855       283.2325    
 1935   283.3098       283.6724       284.3235       285.1576       285.9831       286.8283       287.2739       287.0378       286.1471       285.2148       283.7953       283.2402    
 1936   283.2169       283.5314       284.2098       285.0815       286.2455       286.8499       287.3039       287.0508       286.3197       285.2464       283.9501       283.2946    
 1937   283.4604       283.8530       284.3776       285.3503       286.2575       286.9409       287.4241       287.1017       286.2843       285.0375       283.8906       283.4943    
 1938   283.2899       283.7184       284.2615       285.1167       286.1766       286.9386       287.3883       286.9897       286.2235       285.1075       284.0609       283.3727    
 1939   283.4663       283.6888       284.2932       285.1386       286.1257       286.9181       287.2216       286.9505       286.1110       285.1121       283.9926       283.2757    
 1940   283.2100       283.6139       284.2669       285.2151       286.2505       286.9652       287.4728       287.1678       286.3767       285.1373       284.0163       283.4537    
 1941   283.4752       283.8896       284.6144       285.3619       286.2118       287.1468       287.4162       287.1010       286.3400       285.0964       284.0197       283.3106    
 1942   283.3315       283.6170       284.4075       285.3260       286.2085       286.9860       287.3682       287.2803       286.2267       285.1193       283.8303       283.2290    
 1943   283.0522       283.5782       284.2864       285.1544       286.0255       286.9214       287.3296       287.1543       286.2375       285.1023       283.9614       283.3064    
 1944   283.3759       283.7266       284.3999       285.2783       286.1770       286.9077       287.3188       286.9858       286.2163       285.2491       283.9147       283.5161    
 1945   283.1809       283.2531       284.1957       285.2105       286.0874       286.9000       287.3561       286.9882       286.2476       285.2065       283.9921       283.2895    
 1946   283.2968       283.6302       284.1813       285.1215       286.2545       287.0578       287.2558       287.1497       286.3716       285.1145       284.1531       283.5131    
 1947   283.4095       283.7007       284.4907       285.3159       286.4279       287.1170       287.5957       287.1436       286.3705       285.2876       284.0283       283.3447    
 1948   283.1939       283.5804       284.1900       285.0553       286.1292       286.8434       287.4503       287.2775       286.2503       285.1177       284.1330       283.3612    
 1949   283.5038       283.5432       284.3695       285.2880       286.2847       287.1208       287.4758       287.1394       286.4141       285.2467       284.0065       283.2013    
 1950   283.1349       283.6388       284.2615       284.9610       286.0619       286.8288       287.1299       286.8158       286.0992       285.0323       283.7166       283.1618    
 1951   283.1616       283.4630       284.0899       284.9710       285.9558       286.7982       287.3009       287.0358       286.2610       285.1332       284.0700       283.2706    
 1952   283.4187       283.7953       284.4921       285.4005       286.2736       287.0876       287.6387       287.2219       286.4346       285.2588       284.1649       283.5445    
 1953   283.4691       283.8225       284.4417       285.3194       286.3099       287.0139       287.5027       287.2346       286.2930       285.0641       283.8510       283.4412    
 1954   283.3545       283.6050       284.3237       285.0755       286.0956       286.9566       287.3150       287.0404       286.2915       285.0250       283.7515       283.3805    
 1955   283.2481       283.6398       284.4672       285.1237       286.1647       286.9254       287.2544       287.0792       286.2672       285.2862       284.0375       283.5605    
 1956   283.2319       283.7585       284.2945       285.3084       286.2395       287.0594       287.5578       287.2307       286.4226       285.3225       284.2529       283.6521    
 1957   283.3840       283.9950       284.6680       285.5428       286.3704       287.0476       287.5259       287.1031       286.2584       285.1865       283.9843       283.4245    
 1958   283.3675       283.5418       284.3649       285.2244       286.2360       287.0753       287.4521       287.1410       286.3507       285.1250       283.9469       283.3951    
 1959   283.1941       283.7550       284.3515       285.3081       286.2102       286.9857       287.3703       287.0509       286.3276       285.0353       284.1226       283.3232    
 1960   283.4289       283.8406       284.4272       285.2864       286.1828       287.0623       287.3729       287.0913       286.3143       285.1255       284.0745       283.3227    
 1961   283.3955       283.8291       284.5039       285.2619       286.1924       286.9568       287.3734       287.0822       286.2606       285.1584       283.9197       283.3731    
 1962   283.1354       283.6071       284.3573       285.2122       286.1786       287.0300       287.3768       287.0931       286.2169       285.0253       283.9478       283.3309    
 1963   283.5175       283.8329       284.4302       285.1447       286.2551       287.0455       287.2953       287.1095       286.4684       285.0543       283.7034       283.3097    
 1964   283.2568       283.6942       284.4183       285.1911       286.2411       287.1345       287.4646       287.1143       286.3482       285.2215       284.0146       283.4483    
 1965   283.3559       283.6448       284.3887       285.2460       286.1393       287.0847       287.3965       287.1147       286.4124       285.1527       284.1965       283.5152    
 1966   283.5465       283.8720       284.5662       285.3171       286.3152       286.9810       287.3834       287.0599       286.2696       285.2771       284.2098       283.4646    
 1967   283.4131       283.7757       284.4833       285.2878       286.3446       287.1263       287.3665       287.0693       286.2745       285.1637       283.9815       283.3628    
 1968   283.3708       283.4584       284.0961       285.1281       286.1509       286.9554       287.3650       286.9796       286.3115       285.0488       283.9215       283.3206    
 1969   283.2905       283.6234       284.3379       285.2246       286.1960       286.8910       287.4354       287.0933       286.4115       285.1487       284.1387       283.3211    
 1970   283.1665       283.6070       284.2720       285.3938       286.3867       287.1158       287.5075       287.1530       286.3504       285.1673       284.2039       283.7249    
 1971   283.5323       283.7990       284.6108       285.4032       286.4097       287.1284       287.6492       287.2168       286.3626       285.1425       284.1100       283.5145    
 1972   283.2815       283.6344       284.3231       285.2506       286.1348       286.8634       287.2590       286.9511       286.2698       285.0944       283.9493       283.2027    
 1973   283.3321       283.7487       284.3082       285.2931       286.3454       287.0821       287.5806       287.2949       286.4990       285.3644       284.2818       283.5923    
 1974   283.5760       283.9217       284.5387       285.3644       286.2703       287.0726       287.4752       287.2043       286.3510       285.2432       284.1389       283.5114    
 1975   283.3197       283.7033       284.4129       285.2680       286.2254       287.0915       287.4175       287.1395       286.2380       285.0272       283.9760       283.4150    
 1976   283.2000       283.6348       284.3641       285.0696       286.0716       286.9596       287.3807       287.1693       286.3928       285.0658       283.9769       283.3030    
 1977   283.2426       283.7599       284.4153       285.2918       286.4324       287.2294       287.5292       287.1579       286.4561       285.3279       284.0650       283.5122    
 1978   283.4076       283.7288       284.5294       285.3686       286.3257       287.1746       287.6160       287.3137       286.4363       285.3750       284.1034       283.4553    
 1979   283.4205       283.7166       284.2831       285.3376       286.2702       286.9899       287.2439       287.1345       286.2066       285.0729       284.0773       283.3518    
 1980   283.2847       283.5846       284.3382       285.1452       286.2749       287.1459       287.6039       287.1841       286.3897       285.2830       284.2661       283.4510    
 1981   283.4186       283.6465       284.5628       285.4858       286.3996       287.1073       287.4840       287.2471       286.4243       285.3100       284.1898       283.6338    
 1982   283.2966       283.8508       284.4351       285.4856       286.4491       287.1801       287.6335       287.2043       286.3541       285.1459       284.1205       283.4824    
 1983   283.4109       283.7207       284.3699       285.3289       286.1556       287.0975       287.4644       287.1065       286.3155       285.2582       284.1499       283.6187    
 1984   283.2345       283.6671       284.3811       285.2869       286.3230       287.1508       287.3904       287.0377       286.2478       285.0648       284.1420       283.3751    
 1985   283.2561       283.4571       284.2812       285.0802       286.0941       286.9369       287.4506       287.0685       286.2551       285.3134       284.0253       283.4393    
 1986   283.3047       283.7635       284.5027       285.3239       286.4405       287.1147       287.5118       287.2152       286.4135       285.2191       284.0753       283.4106    
 1987   283.2798       283.7328       284.3508       285.3149       286.2167       287.0652       287.4445       287.2105       286.2702       285.2076       284.0861       283.5535    
 1988   283.4204       283.5620       284.3733       285.2931       286.1883       287.0375       287.3575       287.1170       286.1476       285.0506       284.0571       283.3321    
 1989   283.2739       283.4697       284.3767       285.3222       286.2408       286.9985       287.4469       287.2157       286.2229       284.9879       283.9609       283.4401    
 1990   282.9410       283.5102       284.2833       285.0569       286.0924       286.9456       287.2624       287.0234       286.1837       285.2142       283.8762       283.2159    
 1991   283.3306       283.7618       284.3865       285.4165       286.3896       287.0527       287.3438       287.1943       286.3398       285.2466       284.2825       283.3662    
 1992   283.5715       283.9105       284.2916       285.2443       286.3326       287.0014       287.4031       287.0825       286.2805       285.1841       283.9711       283.4521    
 1993   283.3936       283.6943       284.3724       285.3490       286.3880       287.0578       287.4426       287.2612       286.5078       285.1388       284.1423       283.4099    
 1994   283.3967       283.8585       284.6346       285.3322       286.2484       287.0935       287.4727       287.1990       286.4391       285.1252       284.1389       283.2980    
 1995   283.1357       283.5165       284.3011       285.0894       286.1450       286.8775       287.4780       287.1776       286.3884       285.1287       284.0098       283.4495    
 1996   283.3655       283.7097       284.3689       285.1097       286.1460       287.0336       287.4860       287.1511       286.4082       285.2175       284.1934       283.5153    
 1997   283.5421       283.7982       284.5217       285.4388       286.3847       287.1153       287.4835       287.2501       286.4560       285.1632       283.9513       283.3613    
 1998   283.3687       283.7229       284.4410       285.2891       286.2536       287.1653       287.4213       287.0464       286.2692       285.1370       283.8965       283.2721    
 1999   283.1973       283.8515       284.3367       285.1428       286.1960       286.9452       287.4816       287.0998       286.3599       285.1771       284.1042       283.5548    
 2000   283.5204       283.6674       284.4649       285.3860       286.2338       287.1593       287.5070       287.1935       286.3225       285.2354       284.0913       283.5282    
 2001   283.3130       283.8199       284.4301       285.5741       286.3017       287.0038       287.4690       287.1127       286.4338       285.4454       284.0014       283.4821    
 2002   283.3603       283.7144       284.3896       285.1758       286.1233       286.9402       287.3386       287.1290       286.3208       285.2411       284.1519       283.3914    
 2003   283.3369       283.5122       284.2147       285.1191       286.1705       286.9535       287.3800       287.0361       286.3146       285.2044       284.1284       283.2451    
 2004   283.2573       283.7538       284.2971       285.3452       286.2285       286.9236       287.3374       286.9732       286.1999       284.9274       284.0129       283.4355    
 2005   283.2017       283.7832       284.5362       285.3778       286.3444       287.1478       287.4009       287.0469       286.2471       285.0894       284.0413       283.3604    
 2006   283.3766       283.8115       284.5013       285.3177       286.2811       287.0043       287.3745       287.0423       286.3969       285.1175       283.9475       283.2021    
 2007   283.2089       283.6672       284.3316       285.1128       286.1158       286.9088       287.2854       287.0196       286.3099       285.1545       284.0088       283.2721    
 2008   283.0763       283.4776       284.2351       285.2217       286.1024       287.0213       287.3912       287.1653       286.2863       285.1711       284.2736       283.4858    
 2009   283.4447       283.7680       284.3595       285.3464       286.2445       286.9718       287.4227       287.1826       286.4459       285.2148       284.2062       283.5295    
