# <a href=http://cmip-pcmdi.llnl.gov/cmip5/>CMIP5</a> global mean temperature computed at <a href=http://www.knmi.nl/selectfield_cmip5.cgi?someone@somewhere>KNMI Climate Explorer</a> tas_Amon_CESM1-CAM5_rcp45_r3i1p1
# tas [K] from CESM1-CAM5 model output prepared for CMIP5 RCP4.5 r3i1p1
# cutting out region lon=   -0.625  359.375, lat=  -90.000   90.000
 1850   284.2288       284.4951       285.4643       286.4219       287.2835       288.1523       288.4461       288.1232       287.2826       286.2454       285.3562       284.6246    
 1851   284.1999       284.5118       285.2705       286.3634       287.3474       288.0468       288.4521       288.1233       287.2358       286.1919       285.2599       284.4099    
 1852   284.3575       284.8187       285.3741       286.3799       287.2924       287.9624       288.2115       288.0429       287.3036       286.1858       284.8916       284.5224    
 1853   284.1211       284.7444       285.3629       286.3444       287.1438       288.0189       288.3658       288.2437       287.3574       286.3518       285.3279       284.5529    
 1854   284.4440       284.6602       285.6509       286.3256       287.1560       288.0194       288.2921       288.1163       287.2750       286.3117       285.1592       284.3136    
 1855   284.4069       284.6504       285.4741       286.4345       287.3501       288.0464       288.2916       288.0121       287.2226       286.1625       285.0605       284.2320    
 1856   283.9748       284.3954       285.0931       286.2237       287.0552       287.7405       288.1105       287.9224       287.1641       286.0407       284.9591       284.0859    
 1857   284.1319       284.4912       285.2066       286.3388       287.1740       287.9394       288.0867       288.0003       287.1476       286.0251       284.9540       284.1521    
 1858   284.1633       284.4723       285.2181       286.3501       287.0978       287.8077       288.2073       288.0584       287.1818       286.2340       285.2588       284.4081    
 1859   284.4301       284.7672       285.4615       286.5573       287.2713       287.9896       288.3093       288.0905       287.4002       286.3580       285.2871       284.4673    
 1860   284.1832       284.5843       285.3686       286.3347       287.3763       288.0256       288.3651       288.0855       287.3167       286.1360       285.0464       284.4336    
 1861   284.0987       284.6399       285.3680       286.3241       287.3139       287.9251       288.3922       288.0729       287.2720       286.1004       285.2017       284.3513    
 1862   283.9738       284.7209       285.3229       286.2350       287.2262       287.9989       288.2576       288.1331       287.3689       286.2148       285.2888       284.3900    
 1863   284.2649       284.7218       285.4809       286.2928       287.3545       288.0899       288.3788       287.9989       287.4316       286.3151       284.9599       284.3709    
 1864   284.1311       284.6903       285.4274       286.6609       287.4068       288.0854       288.3928       288.1477       287.3124       286.2198       285.1280       284.3241    
 1865   284.1028       284.4690       285.2788       286.3338       287.2884       287.8407       288.4003       288.0259       287.2955       286.3778       285.3830       284.7249    
 1866   284.4410       284.8029       285.4277       286.2476       287.4287       288.1092       288.5243       288.1885       287.4216       286.2191       285.3113       284.6799    
 1867   284.3503       284.6319       285.4908       286.4621       287.4136       288.1141       288.4554       288.1328       287.3780       286.4282       285.2706       284.6653    
 1868   284.2026       284.7182       285.6251       286.4781       287.2357       287.9138       288.3234       288.1251       287.4710       286.2066       285.0505       284.5020    
 1869   284.3315       284.7393       285.4438       286.1869       287.1350       287.8596       288.2206       288.0440       287.3248       286.3156       285.2220       284.5028    
 1870   284.3047       284.8426       285.4768       286.3266       287.2167       288.0109       288.3808       288.0981       287.3948       286.3394       285.2719       284.4235    
 1871   284.3130       284.6854       285.4290       286.5641       287.3710       288.1346       288.4890       288.1162       287.4180       286.4022       285.2939       284.3962    
 1872   284.3295       284.6146       285.5274       286.3743       287.2849       288.0444       288.3556       288.2173       287.4272       286.3561       285.1346       284.4084    
 1873   284.3249       284.8555       285.3769       286.4879       287.1654       287.9515       288.3621       288.0479       287.4491       286.4259       285.2184       284.6201    
 1874   284.3389       284.6459       285.4684       286.5147       287.3208       287.9262       288.2884       288.0924       287.3618       286.1177       284.8869       284.2595    
 1875   284.2897       284.7614       285.4602       286.2946       287.1975       288.0009       288.2854       287.9945       287.3185       286.2447       285.1273       284.5518    
 1876   284.2374       284.5873       285.1656       286.1861       287.2263       288.0343       288.4940       288.1490       287.4079       286.3415       285.5013       284.3670    
 1877   284.2815       284.6095       285.4549       286.3484       287.4295       288.0833       288.3377       288.1290       287.3302       286.2523       285.1037       284.2724    
 1878   284.3348       284.6095       285.3238       286.3925       287.3313       288.0597       288.3076       288.0981       287.2134       286.2693       285.0558       284.2503    
 1879   284.1790       284.5421       285.4049       286.1367       287.1942       287.9587       288.4027       288.1039       287.3755       286.1543       285.2462       284.4319    
 1880   284.3042       284.8026       285.5553       286.4711       287.4326       288.2116       288.3916       288.2321       287.4415       286.3391       285.3215       284.6213    
 1881   284.3972       284.7080       285.5284       286.4547       287.3423       288.0593       288.4739       288.2720       287.4127       286.3098       285.1369       284.4837    
 1882   284.1985       284.5315       285.4612       286.3112       287.2030       288.0893       288.4219       288.0858       287.4711       286.1746       285.1903       284.6665    
 1883   284.3174       284.6069       285.3823       286.4221       287.2337       287.9550       288.2695       288.1086       287.2775       286.1779       285.0836       284.2475    
 1884   283.9755       284.4890       285.3475       285.9806       286.8593       287.6671       288.1079       287.8669       287.0331       285.9191       284.9326       284.4199    
 1885   284.1265       284.6417       285.1122       286.2638       287.0839       287.8523       288.2005       287.9342       287.1574       286.0414       285.1013       284.2057    
 1886   284.0728       284.4870       285.4023       286.1904       287.0942       287.8058       288.1235       288.0321       287.2022       286.0450       284.9820       284.2073    
 1887   284.0415       284.3000       285.2508       286.2209       287.0603       287.9267       288.2097       288.0113       287.2011       286.1158       285.1773       284.4318    
 1888   284.3974       284.8049       285.6123       286.5609       287.3689       288.0959       288.2896       287.9702       287.2076       286.0498       285.1099       284.2531    
 1889   284.2832       284.4623       285.0641       286.0554       286.9960       287.6982       288.1546       287.8147       287.1546       285.9634       284.9754       284.1228    
 1890   284.0645       284.2836       285.0361       286.0432       286.8990       287.4749       287.9980       287.6330       286.9599       285.8554       284.8316       283.8570    
 1891   283.9237       284.1684       284.9933       285.9147       286.8894       287.7293       288.0227       287.7523       287.0503       286.0666       284.9052       284.1780    
 1892   283.9153       284.2387       285.1839       285.9166       286.9053       287.6564       288.0010       287.7081       287.0888       285.9786       284.7421       284.2191    
 1893   283.9478       284.3241       285.0507       286.1574       287.0682       287.8639       288.1685       287.8994       287.1303       285.9352       284.8491       283.9859    
 1894   283.7859       284.1686       284.9937       286.0437       287.1734       287.8983       288.2007       288.0766       287.2639       286.2542       285.0470       284.0979    
 1895   284.0413       284.4978       285.1359       286.4292       287.3727       287.9578       288.2639       288.0564       287.2915       286.1600       285.0458       284.1525    
 1896   284.1107       284.5320       285.6693       286.4211       287.1828       287.9503       288.2493       287.8173       287.0523       286.2333       284.9785       284.3827    
 1897   284.2208       284.3949       285.2328       286.1913       286.9632       287.8217       288.1649       287.9564       287.0677       286.1420       285.0013       284.3402    
 1898   284.0460       284.4834       285.4238       286.1935       287.3167       287.9993       288.3947       288.0043       287.1888       286.2104       285.2710       284.4498    
 1899   284.5545       284.9886       285.4724       286.3990       287.2540       288.0660       288.3299       288.0427       287.2961       286.0485       285.0753       284.4983    
 1900   284.5315       284.9197       285.3634       286.2198       287.2328       287.8153       288.1578       288.0386       287.1431       286.0944       284.9597       284.1684    
 1901   284.0327       284.5355       285.4473       286.3297       287.1663       287.7415       288.1637       287.9446       287.1157       285.8929       284.9115       284.2532    
 1902   284.1751       284.3825       285.1623       286.0948       287.1302       287.8584       288.3889       287.9518       287.1073       286.0353       284.8449       284.0469    
 1903   283.8509       284.3829       285.1153       286.1234       286.9837       287.5622       287.9909       287.8448       286.9923       285.7458       284.6495       284.1253    
 1904   284.0171       284.2719       285.2411       286.0918       287.0533       287.6679       288.1674       287.9362       287.1790       285.9740       285.1048       284.0839    
 1905   284.2213       284.4645       285.2957       286.3813       287.3068       288.0059       288.2304       287.8776       287.0847       285.9522       284.9030       283.9549    
 1906   283.8675       284.3363       284.9708       285.9974       286.8092       287.6631       288.0348       287.9012       287.0335       286.0307       285.0545       284.3523    
 1907   284.2739       284.6577       285.3391       286.0318       286.8503       287.6061       287.9630       287.7893       287.0804       286.0333       284.8166       284.1568    
 1908   284.2283       284.5010       285.3555       286.1598       287.0720       287.7801       288.1852       287.8602       287.1614       286.1350       285.0765       284.3526    
 1909   284.1120       284.4666       285.3364       286.1547       286.9615       287.7857       288.1648       287.8425       287.0737       286.0212       285.0384       284.3136    
 1910   284.3787       284.5866       285.2950       286.5175       287.3065       287.9631       288.3182       288.0093       287.3601       286.1432       285.2114       284.7643    
 1911   284.5193       284.7728       285.5492       286.4365       287.3070       288.0932       288.4168       287.9624       287.2415       286.0524       285.2049       284.2814    
 1912   283.9445       284.4215       285.3059       286.3043       287.0664       287.7211       288.1325       287.8924       287.0833       286.0465       284.8630       284.2958    
 1913   284.1052       284.4296       285.1510       286.0694       287.0342       287.7732       288.1119       287.8454       287.0922       286.0743       284.8939       284.0393    
 1914   284.0218       284.4452       285.4497       286.2823       287.1519       287.8521       288.2190       288.0290       287.2429       286.2090       284.9955       284.2540    
 1915   284.0840       284.4880       285.3177       286.3499       287.2751       287.8333       288.1756       288.0549       287.2117       286.1671       285.0738       284.1921    
 1916   283.9921       284.5465       285.1683       286.2657       287.1326       287.8281       288.1345       287.9733       287.1429       285.9714       284.8244       284.1405    
 1917   283.9236       284.4076       285.1721       286.2877       286.9882       287.7427       288.2147       287.9650       287.1740       286.1561       285.0450       284.2717    
 1918   283.9174       284.3602       285.4952       286.2435       287.2682       288.0030       288.3407       288.0942       287.3274       286.1893       285.0681       284.3501    
 1919   284.3890       284.7288       285.4924       286.3723       287.2440       288.0989       288.3714       288.2344       287.3217       286.1689       285.2482       284.5080    
 1920   284.2392       284.6385       285.4561       286.5406       287.3878       287.9496       288.3987       288.1740       287.4301       286.3340       285.2671       284.4643    
 1921   284.2720       284.5827       285.6902       286.3738       287.4832       288.1362       288.5031       288.1919       287.4002       286.4638       285.1277       284.2657    
 1922   284.3037       284.6966       285.3425       286.5810       287.2887       288.1339       288.4495       288.2296       287.4530       286.1776       285.2540       284.4705    
 1923   284.3910       284.8062       285.4671       286.3683       287.1965       288.0213       288.3472       288.0485       287.2484       286.2393       285.2375       284.3438    
 1924   284.0316       284.5541       285.1968       286.1715       287.1603       287.8478       288.3407       288.1205       287.2422       286.1358       285.1673       284.3393    
 1925   284.2514       284.4762       285.3975       286.2751       287.1916       288.0076       288.3077       288.2526       287.4076       286.3303       285.2654       284.8347    
 1926   284.5435       284.7964       285.5717       286.5462       287.5094       288.2827       288.6475       288.2977       287.5377       286.5882       285.5376       284.6960    
 1927   284.6377       284.6713       285.6287       286.4799       287.4287       288.2914       288.4490       288.1656       287.4277       286.2956       284.9973       284.2930    
 1928   284.2746       284.4515       285.2825       286.2383       287.2490       287.9133       288.3354       287.9865       287.3881       286.3104       285.0432       284.4249    
 1929   284.1964       284.7950       285.3558       286.1979       287.1796       287.9585       288.4167       288.1027       287.3791       286.2096       285.2314       284.1729    
 1930   284.5290       284.9272       285.5483       286.3890       287.4551       288.1632       288.4439       288.1793       287.4289       286.3746       285.2977       284.3956    
 1931   284.4635       284.6905       285.3726       286.5277       287.3698       288.1581       288.4912       288.2550       287.4801       286.3793       285.1886       284.5265    
 1932   284.4083       284.7363       285.3259       286.3124       287.2588       287.9828       288.4080       288.3151       287.4061       286.2720       285.2727       284.2990    
 1933   284.2050       284.6864       285.5195       286.6803       287.5588       288.1754       288.5513       288.3119       287.5271       286.2743       285.0984       284.5628    
 1934   284.2576       284.9037       285.6405       286.2065       287.3389       287.9975       288.4365       288.3455       287.5367       286.4648       285.2045       284.6031    
 1935   284.3839       284.9061       285.6651       286.5023       287.5107       288.2275       288.5488       288.3990       287.6041       286.4649       285.3363       284.8056    
 1936   284.6415       284.9354       285.6355       286.4725       287.4489       288.1677       288.6100       288.3494       287.4882       286.4472       285.3476       284.7314    
 1937   284.5975       285.1241       285.8247       286.5523       287.5013       288.1581       288.5069       288.3922       287.5860       286.4529       285.3105       284.2251    
 1938   284.4178       284.9607       285.6504       286.5424       287.4756       288.1591       288.5269       288.2222       287.4525       286.3659       285.1283       284.6511    
 1939   284.3433       284.6333       285.5644       286.3359       287.3400       288.0880       288.4178       288.1517       287.4349       286.2657       285.1070       284.4720    
 1940   284.2316       284.6231       285.3219       286.3390       287.3202       288.0019       288.4066       288.2285       287.5328       286.4406       285.2583       284.3912    
 1941   284.4844       284.6588       285.5857       286.3733       287.3431       288.1645       288.5156       288.1757       287.3571       286.2553       285.2214       284.7268    
 1942   284.2396       284.6678       285.4672       286.4139       287.4518       288.2448       288.5003       288.1001       287.3409       286.4341       285.3130       284.5714    
 1943   284.4714       284.7924       285.4006       286.3479       287.2421       287.9607       288.3631       288.1416       287.5470       286.2768       285.2515       284.5686    
 1944   284.3017       284.6717       285.4983       286.5063       287.3750       288.1013       288.5497       288.2262       287.3893       286.3008       285.1582       284.5034    
 1945   284.3738       284.7253       285.6902       286.5611       287.2499       288.0595       288.5329       288.2298       287.5878       286.5518       285.2177       284.6102    
 1946   284.5572       284.8566       285.6518       286.6633       287.5130       288.3087       288.7184       288.3932       287.5677       286.5340       285.5680       284.8283    
 1947   284.5768       284.6376       285.7685       286.8031       287.6349       288.2880       288.5920       288.2908       287.4238       286.4764       285.3355       284.5106    
 1948   284.3969       284.7213       285.4594       286.4457       287.3836       288.1030       288.3866       288.2552       287.4525       286.4636       285.3312       284.5254    
 1949   284.3640       284.6771       285.5105       286.4034       287.3255       288.1098       288.3827       288.1341       287.4705       286.3369       285.2661       284.7212    
 1950   284.2512       284.6592       285.5437       286.5901       287.4149       288.3076       288.5384       288.2678       287.4829       286.3494       285.4409       284.7539    
 1951   284.5697       285.0705       285.8564       286.5675       287.5682       288.3228       288.7707       288.3735       287.6396       286.6945       285.3956       284.8044    
 1952   284.6078       285.0672       285.6867       286.5673       287.4843       288.2962       288.7658       288.5242       287.7082       286.7260       285.4337       284.8891    
 1953   284.7370       284.8531       285.4644       286.6386       287.6133       288.1640       288.5506       288.2006       287.4899       286.3875       285.2626       284.7191    
 1954   284.5611       284.8680       285.6127       286.5137       287.4288       288.2668       288.5322       288.3018       287.5301       286.3021       285.3800       284.7188    
 1955   284.5363       284.7994       285.4939       286.5217       287.4440       288.2568       288.4447       288.1935       287.3483       286.3818       285.2246       284.4565    
 1956   284.2196       284.7020       285.3897       286.4171       287.2139       287.9995       288.4019       288.1304       287.4452       286.1987       285.2253       284.5301    
 1957   284.6005       284.8720       285.4475       286.4055       287.1765       287.8747       288.3049       288.1415       287.4832       286.3866       285.2380       284.4932    
 1958   284.5700       285.0889       285.7730       286.7115       287.6031       288.2482       288.5968       288.3347       287.6053       286.4391       285.2526       284.7725    
 1959   284.7472       285.0611       285.8509       286.7597       287.6744       288.2127       288.6929       288.4847       287.5856       286.4889       285.4020       284.5998    
 1960   284.4416       285.0033       285.5963       286.5751       287.4568       288.1131       288.5367       288.4870       287.6319       286.5657       285.4003       284.7466    
 1961   284.5674       284.9713       285.5685       286.6150       287.5554       288.2116       288.4913       288.2601       287.5416       286.5550       285.5051       284.8329    
 1962   284.8039       284.9445       285.7811       286.7934       287.4737       288.2816       288.7641       288.5724       287.9047       286.7189       285.9147       285.0293    
 1963   284.6542       285.2725       285.7418       286.7617       287.6268       288.2518       288.6815       288.2545       287.5461       286.2959       285.0790       284.1976    
 1964   283.9993       284.4250       285.5699       286.2909       287.1531       287.9339       288.2432       288.0880       287.2001       286.0787       284.7601       284.1749    
 1965   284.0150       284.4620       285.2650       286.0990       287.1188       287.7948       288.3032       288.0169       287.3373       286.1153       284.8998       284.1563    
 1966   284.2900       284.3973       285.3959       286.3382       287.2560       288.0878       288.3361       288.1989       287.4511       286.2528       285.1267       284.5625    
 1967   284.4605       284.7152       285.5576       286.6655       287.5545       288.2396       288.4304       288.2136       287.4400       286.2574       285.2084       284.2570    
 1968   284.2964       284.8545       285.7195       286.4542       287.2900       287.9050       288.4322       288.1037       287.4839       286.2285       285.1223       284.5820    
 1969   284.2999       284.8225       285.4727       286.5098       287.3387       288.1142       288.4252       288.2981       287.5204       286.3887       285.4365       284.6735    
 1970   284.6964       285.1016       285.5831       286.5151       287.4338       288.0714       288.4882       288.2181       287.5174       286.5114       285.4546       284.7678    
 1971   284.4224       285.0889       285.7447       286.4522       287.4414       288.2010       288.5737       288.2122       287.4639       286.4715       285.3238       284.8452    
 1972   284.5111       284.8876       285.3699       286.5321       287.3448       288.0630       288.5241       288.1187       287.3018       286.2316       285.2731       284.3861    
 1973   284.2701       284.6341       285.2832       286.2406       287.2824       287.9186       288.3559       288.1574       287.4321       286.3919       285.2527       284.4587    
 1974   284.5275       284.6718       285.4061       286.5030       287.4204       287.9571       288.4067       288.2258       287.4736       286.3739       285.3940       284.8546    
 1975   284.5603       284.8514       285.5230       286.3690       287.3860       288.0906       288.5157       288.1971       287.4723       286.4684       285.5294       284.7469    
 1976   284.5903       284.9779       285.5323       286.5982       287.4354       288.1201       288.4432       288.1719       287.3268       286.2170       285.2670       284.3292    
 1977   283.9521       284.7286       285.4816       286.3109       287.3038       288.0250       288.3988       288.1574       287.3788       286.2218       285.3406       284.5199    
 1978   284.3369       284.5739       285.3819       286.2735       287.1886       287.8192       288.2755       288.0951       287.4064       286.1765       285.1850       284.3259    
 1979   284.2379       284.6552       285.3757       286.3304       287.2816       288.0112       288.4806       288.1799       287.4942       286.1715       285.1496       284.5705    
 1980   284.4138       284.4970       285.5686       286.4198       287.3355       288.1187       288.4833       288.4026       287.6374       286.5181       285.5233       284.7126    
 1981   284.4216       285.0859       285.8307       286.7568       287.6848       288.2462       288.6468       288.4418       287.6847       286.4821       285.5227       284.7205    
 1982   284.6497       285.1872       285.7438       286.7924       287.7346       288.6211       288.8734       288.4343       287.7196       286.6383       285.5819       284.6959    
 1983   284.6505       285.0056       285.7209       286.5203       287.5173       288.0894       288.4197       288.1734       287.4257       286.3223       285.2092       284.4267    
 1984   284.3310       284.8279       285.4618       286.2748       287.2269       287.8898       288.3430       288.2590       287.5613       286.4197       285.2926       284.4936    
 1985   284.4683       284.6358       285.5133       286.5611       287.4334       288.0915       288.5948       288.3763       287.5547       286.4435       285.3160       284.5150    
 1986   284.4043       284.9557       285.5084       286.6107       287.6082       288.3131       288.7940       288.4506       287.6351       286.6567       285.5881       284.9217    
 1987   284.6057       285.0729       285.8694       286.7934       287.7303       288.4362       288.8823       288.6248       287.9073       286.8894       285.7649       284.9595    
 1988   284.6736       284.9785       285.8163       286.8377       287.7188       288.4384       288.7595       288.4084       287.7216       286.4091       285.5746       284.7680    
 1989   284.5842       284.7536       285.6764       286.8807       287.6604       288.3963       288.7105       288.5298       287.6310       286.6197       285.4961       284.7916    
 1990   284.8347       285.0724       285.6946       286.4217       287.5999       288.1879       288.7047       288.4629       287.7030       286.7288       285.6832       284.8991    
 1991   284.7269       285.1331       285.9985       286.8597       287.7467       288.5177       288.8864       288.4937       287.7262       286.5890       285.3875       284.8340    
 1992   284.7830       285.0428       285.8331       286.7518       287.5647       288.3523       288.6933       288.3828       287.7211       286.5345       285.5670       284.8418    
 1993   284.8840       285.4014       286.0951       286.9921       287.8750       288.5309       288.8551       288.6327       287.8837       286.8804       285.7072       284.9494    
 1994   284.8932       285.2569       285.9198       286.8394       287.8087       288.4735       288.8193       288.4492       287.6913       286.5495       285.5916       284.7951    
 1995   284.5896       284.9137       285.8042       286.8397       287.5968       288.3176       288.6629       288.3951       287.7595       286.7599       285.5993       284.7039    
 1996   284.5411       284.7737       285.6514       286.6232       287.5700       288.3538       288.7293       288.4659       287.7246       286.6805       285.3637       284.8689    
 1997   284.7191       285.1183       285.7136       286.9023       287.8226       288.5634       288.7924       288.5437       287.8865       286.7335       285.7494       284.9142    
 1998   284.8329       285.4533       285.9683       286.8557       287.8585       288.5322       289.0085       288.7875       287.9463       286.9924       285.9586       285.3084    
 1999   284.9359       285.0951       285.9369       287.2383       288.0866       288.7645       289.0083       288.8340       287.9868       287.0107       285.7391       284.9385    
 2000   284.9266       285.2928       286.1466       287.0964       287.9452       288.7346       288.9851       288.6624       287.8256       286.8354       285.7629       285.0896    
 2001   284.7519       285.2744       285.9698       286.9360       287.7845       288.6436       289.1464       288.7010       288.0682       286.9438       285.9589       285.3674    
 2002   285.1927       285.4952       286.1903       286.9979       287.8741       288.7985       289.0830       288.8919       288.0536       287.0302       286.1330       285.2727    
 2003   285.4000       285.3479       286.2097       287.0143       288.0269       288.8886       289.1838       288.7914       288.1861       287.0574       285.8849       285.0575    
 2004   285.1817       285.5112       286.2144       287.0348       287.9229       288.7524       289.0783       288.8888       288.0661       287.2636       286.0754       285.3063    
 2005   285.0085       285.2942       286.1414       287.1306       288.0126       288.8850       289.1598       288.8849       288.1363       287.2233       286.1883       285.3857    
 2006   285.2083       285.6642       286.2690       287.2958       288.1741       288.8510       289.1628       288.8579       288.2099       287.2632       286.2529       285.3159    
 2007   285.1545       285.4418       286.1782       287.1960       287.9710       288.5862       289.0116       288.8835       288.1530       287.0057       285.7335       285.2184    
 2008   284.8585       285.0748       286.1656       287.0794       287.9345       288.5959       289.0233       288.7821       288.1378       286.9992       285.8217       285.1851    
 2009   285.1563       285.3110       286.0629       286.9220       287.9813       288.7412       289.0806       288.8465       288.0479       287.1294       285.8933       285.0421    
 2010   285.0707       285.5151       286.0116       287.1605       288.0979       288.8035       289.2550       289.1292       288.1279       287.2485       286.0445       285.4087    
 2011   285.0896       285.4205       286.4687       287.4782       288.1914       288.9317       289.2547       289.0282       288.3286       287.2383       286.0968       285.7292    
 2012   285.5624       285.6021       286.4378       287.2525       288.2116       288.8625       289.2190       289.0233       288.2644       287.1091       286.0315       285.3727    
 2013   284.9991       285.2653       286.4042       287.2581       288.0608       288.8192       289.0820       288.8448       288.1244       287.1501       286.1184       285.2556    
 2014   285.0245       285.2083       286.0348       286.9994       287.9388       288.7830       289.0689       288.7091       288.0294       287.1968       286.0272       285.2986    
 2015   285.3647       285.7101       286.4407       287.4789       288.2108       289.0834       289.5190       289.1355       288.5059       287.4342       286.4427       285.7390    
 2016   285.5757       285.7415       286.4431       287.3663       288.3285       289.0319       289.3152       289.0453       288.2226       287.2625       286.2998       285.5407    
 2017   285.1112       285.5851       286.3777       287.0770       288.0777       288.7615       289.1687       288.9584       288.1784       287.0597       286.0963       285.4244    
 2018   285.2874       285.5885       286.2844       287.2013       288.0999       288.8410       289.2221       289.0015       288.2991       287.2280       286.0254       285.2520    
 2019   285.1242       285.5922       286.1108       287.0814       288.1712       288.9064       289.1866       289.0387       288.2204       287.1492       286.1997       285.4947    
 2020   285.2230       285.5317       286.2792       287.1920       288.0992       288.8399       289.3153       289.1178       288.4370       287.3414       286.3023       285.5736    
 2021   285.3779       285.5936       286.6397       287.4489       288.4391       289.2109       289.4859       289.3769       288.5862       287.6076       286.6372       285.7570    
 2022   285.4108       285.8971       286.6292       287.4677       288.4509       289.1778       289.5021       289.2478       288.5879       287.4240       286.5144       285.6245    
 2023   285.3179       285.6390       286.6216       287.3667       288.3061       289.0974       289.3851       289.1121       288.3504       287.3849       286.3595       285.5932    
 2024   285.4209       285.6436       286.4753       287.6275       288.4882       289.1674       289.7195       289.3835       288.5520       287.7113       286.5734       285.6684    
 2025   285.6250       286.0223       286.9014       287.6266       288.5592       289.2769       289.6745       289.4189       288.6897       287.5851       286.4551       285.6514    
 2026   285.5857       285.6840       286.5974       287.5697       288.4319       289.2157       289.6747       289.4167       288.6325       287.6413       286.5202       285.9141    
 2027   285.6252       285.9705       286.7209       287.6961       288.4304       289.2367       289.6755       289.5133       288.8100       287.7191       286.6499       285.7155    
 2028   285.6709       285.9908       286.8242       287.7444       288.7218       289.4936       289.6906       289.3950       288.6603       287.7508       286.8591       285.8611    
 2029   285.6897       285.6745       286.6867       287.6746       288.5499       289.2377       289.6076       289.3313       288.6767       287.6276       286.6028       285.8573    
 2030   285.4355       285.9612       286.6754       287.5294       288.4037       289.1749       289.6371       289.3209       288.6615       287.5730       286.5089       285.7401    
 2031   285.5495       285.9026       286.6490       287.5495       288.5070       289.2872       289.6233       289.3503       288.6562       287.7221       286.7014       285.8850    
 2032   285.6861       286.0374       286.8668       287.6709       288.6024       289.2184       289.8148       289.5214       288.9325       288.0307       286.9481       286.0258    
 2033   285.9056       286.2481       287.1126       288.0795       288.8426       289.5496       289.9258       289.7009       288.9421       287.8352       286.7656       285.8429    
 2034   285.6575       286.1358       286.7248       287.6362       288.6068       289.3274       289.7113       289.6826       288.8638       287.6371       286.6887       285.9274    
 2035   285.6653       285.9056       286.9126       287.8936       288.8472       289.5819       289.7751       289.6706       288.9328       288.1049       286.9572       286.2990    
 2036   286.0175       286.3499       287.0926       287.8639       288.9722       289.6374       289.9751       289.8270       289.0193       288.1597       287.0572       286.2939    
 2037   285.9681       286.4112       287.1550       287.9725       288.8905       289.8088       290.0982       289.8470       289.2552       288.2199       286.9790       286.3417    
 2038   286.0855       286.5441       286.9670       288.0407       288.9638       289.7058       290.0039       289.6830       288.9560       287.9972       286.8568       286.0048    
 2039   285.8287       286.2620       287.1646       288.0920       288.9788       289.5675       289.9108       289.7547       289.0000       288.0565       287.0192       286.2721    
 2040   286.2281       286.4843       287.3379       288.2182       289.0160       289.7788       290.1606       290.0209       289.2722       288.2533       287.1876       286.3603    
 2041   286.3549       286.4873       287.1942       288.0982       289.0370       289.6893       290.0617       289.7337       289.0734       288.0969       286.9387       286.0688    
 2042   286.0235       286.2855       287.1445       288.1442       288.8803       289.5590       290.1001       289.6990       288.9971       288.0737       286.8837       286.0650    
 2043   285.7006       286.3516       287.1488       288.0889       288.9129       289.6557       289.9782       289.8857       289.0814       287.9317       286.8552       286.1335    
 2044   285.9865       286.2894       287.1128       287.8483       288.8804       289.7032       290.0575       289.8346       289.0743       288.0217       287.0324       286.3307    
 2045   285.9872       286.3979       287.0883       288.1126       288.9996       289.7139       290.0838       289.9336       289.1825       288.2271       287.2754       286.3600    
 2046   286.3008       286.7818       287.4355       288.1818       289.0150       289.9185       290.2363       290.0465       289.3182       288.4093       287.1990       286.4275    
 2047   286.3243       286.6901       287.4346       288.4280       289.1056       289.8414       290.2448       290.0018       289.2596       288.3658       287.3534       286.2400    
 2048   286.1060       286.5185       287.3173       288.2871       289.1302       289.9232       290.2355       289.8552       289.2050       288.2293       287.1132       286.6328    
 2049   286.3442       286.6559       287.5463       288.3650       289.1384       289.9438       290.2281       290.0836       289.4156       288.4070       287.2928       286.4877    
 2050   286.3558       286.9402       287.4633       288.3355       289.1949       290.0478       290.3557       290.2108       289.3963       288.4818       287.7848       286.8406    
 2051   286.2887       286.7070       287.5530       288.4097       289.2649       289.8740       290.2715       289.9235       289.3014       288.0981       287.0992       286.4032    
 2052   286.1150       286.3861       287.2611       288.1258       288.9957       289.7761       290.0393       289.9149       289.2941       288.1260       286.9836       286.1188    
 2053   285.9214       286.1331       287.1370       288.1492       289.0789       289.8190       290.2423       289.9781       289.3152       288.2369       287.2708       286.3244    
 2054   286.2346       286.4597       287.1322       288.2038       289.1004       290.0185       290.3367       290.0136       289.3965       288.3925       287.3967       286.6674    
 2055   286.6706       286.8500       287.6047       288.4619       289.3301       290.2556       290.4546       290.2243       289.4840       288.5854       287.5101       286.6649    
 2056   286.6295       286.7083       287.3840       288.4796       289.4868       290.0942       290.3808       290.1299       289.3351       288.3647       287.3368       286.5698    
 2057   286.3322       286.6218       287.3908       288.4325       289.2209       290.0690       290.3615       290.0770       289.4040       288.4250       287.6044       286.7270    
 2058   286.3224       286.8326       287.4115       288.5677       289.3908       290.1309       290.5862       290.2500       289.6985       288.6565       287.8338       287.1247    
 2059   286.6163       286.9632       287.7656       288.6497       289.4548       290.2402       290.6276       290.2473       289.5591       288.7682       287.5982       286.8967    
 2060   286.7744       286.7584       287.5901       288.5496       289.4542       290.0681       290.4522       290.2798       289.5425       288.3895       287.3111       286.4751    
 2061   286.2479       286.4434       287.3962       288.3929       289.2068       290.0656       290.4077       290.1525       289.4366       288.3553       287.4609       286.4846    
 2062   286.4550       286.7353       287.6458       288.3906       289.3116       290.0619       290.4413       290.2964       289.6906       288.5550       287.4901       286.5965    
 2063   286.6407       287.0102       287.7727       288.7097       289.6317       290.4211       290.7693       290.5455       289.7838       288.8070       287.9471       287.0268    
 2064   286.8493       287.1468       287.8145       288.8641       289.6587       290.4513       290.7840       290.3823       289.6303       288.7205       287.6710       286.7391    
 2065   286.4124       286.6530       287.3085       288.3586       289.2986       290.0866       290.3637       290.0945       289.3932       288.4573       287.1636       286.1701    
 2066   286.1900       286.7107       287.5428       288.3525       289.2967       290.0958       290.3871       290.3083       289.6272       288.5939       287.3560       286.8157    
 2067   286.3474       287.0647       287.7778       288.6650       289.6238       290.2880       290.6540       290.4036       289.8683       288.8411       287.8333       287.0992    
 2068   286.9128       287.2523       287.9865       288.9066       289.7309       290.4780       290.7731       290.5331       289.9005       288.9294       287.7764       287.1997    
 2069   286.9958       287.0437       287.9014       288.9976       289.7899       290.6323       290.9636       290.6920       289.9103       289.0152       287.9541       287.2654    
 2070   286.5923       287.2379       288.0583       288.8892       289.7405       290.4014       290.8749       290.5743       289.8492       288.9194       288.0366       287.3129    
 2071   287.0733       287.3864       287.9898       288.9568       289.7895       290.5486       290.7853       290.5913       289.9052       288.8225       288.0978       287.1083    
 2072   286.8468       287.1493       287.7966       288.6774       289.6787       290.4989       290.8826       290.6218       289.8356       288.9150       287.7544       286.9357    
 2073   286.9728       287.2679       287.9074       288.6737       289.5102       290.3961       290.9254       290.5929       289.9022       288.9353       287.8386       286.9082    
 2074   286.7493       287.0438       287.8499       288.7278       289.7532       290.6149       290.9071       290.6875       289.9948       288.9975       288.0201       286.9241    
 2075   286.8532       287.0980       287.9851       289.0145       289.9598       290.6241       290.9189       290.7482       289.9656       289.1448       287.9587       287.1529    
 2076   287.1383       287.1852       287.9366       288.9432       289.7555       290.4679       290.8575       290.6823       289.9076       288.9214       287.9237       287.1173    
 2077   287.0582       287.2736       287.8784       288.8240       289.6582       290.5151       290.8842       290.6063       289.8554       289.0106       287.8716       287.1998    
 2078   286.7964       287.0777       287.8567       288.8843       289.7097       290.4791       290.7610       290.6936       289.8785       288.8899       288.0201       287.1521    
 2079   287.0089       287.2464       287.8864       288.7714       289.6690       290.3783       290.9146       290.6361       289.9966       289.0768       288.0939       287.1826    
 2080   286.9029       287.2479       288.0814       288.7593       289.8526       290.5824       290.8795       290.6626       290.1179       289.0499       288.1611       287.2268    
 2081   286.7916       286.9828       288.1076       289.0161       289.9486       290.6231       291.0626       290.7417       290.0548       289.0499       288.1481       287.3226    
 2082   287.2251       287.5468       288.2600       289.0804       289.9655       290.6456       291.1273       290.7657       290.1635       289.1205       288.0956       287.0371    
 2083   287.0665       287.5054       288.1814       289.1252       290.0334       290.8572       291.0608       290.9292       290.1419       289.1040       288.1766       287.1414    
 2084   286.9439       287.1640       288.0341       289.0864       289.9282       290.5777       290.9262       290.7314       290.1122       289.0741       288.0956       287.1298    
 2085   286.8787       287.4200       288.1316       288.7644       289.8027       290.5727       290.8423       290.6698       290.0126       289.0574       288.0170       287.1674    
 2086   287.2954       287.7804       288.2750       289.2280       290.1130       290.9582       291.2897       291.0655       290.3007       289.4332       288.2346       287.6646    
 2087   287.6131       287.7780       288.5084       289.3936       290.2930       291.0209       291.3314       290.8664       290.0974       289.2589       288.2226       287.2969    
 2088   287.2621       287.5081       288.0428       288.9470       289.8420       290.7563       291.1048       290.7201       289.8698       289.0151       288.0439       287.2640    
 2089   286.9434       287.3679       288.0240       289.0106       289.8231       290.6282       291.0425       290.7954       290.0128       289.1463       288.2845       287.3485    
 2090   287.3678       287.6821       288.2335       289.0051       289.9440       290.7886       291.1506       290.9954       290.3916       289.3847       288.4703       287.6159    
 2091   287.4827       287.7166       288.4642       289.2952       290.2411       290.9510       291.3337       290.9853       290.2901       289.2482       288.2143       287.4214    
 2092   287.2647       287.3051       288.0429       288.9320       289.8208       290.4778       290.8897       290.7439       290.0001       289.0703       287.8216       286.8743    
 2093   286.8076       287.2219       288.0126       288.9111       289.7865       290.5418       290.8148       290.5598       289.9318       288.9653       287.9037       287.0467    
 2094   286.6886       287.1933       288.0646       288.9062       289.7981       290.7462       290.9866       290.7397       290.0215       289.0142       288.0090       287.1740    
 2095   286.9403       287.3982       288.0797       289.1004       289.9703       290.7677       291.0802       290.9244       290.1728       289.3864       288.5438       287.5975    
 2096   287.3262       287.7207       288.3501       289.3291       290.1182       290.7908       291.0399       290.8612       290.1587       289.2213       288.0284       287.0419    
 2097   287.0596       287.6315       288.2586       289.1441       289.9576       290.8094       291.1874       290.8650       290.1712       289.1094       288.0963       287.1834    
 2098   286.8393       287.2830       288.1021       289.0873       289.9434       290.6258       290.9857       290.7799       290.0042       289.1124       288.3804       287.3604    
 2099   287.1995       287.3910       288.0605       289.0981       290.0608       290.7650       291.1949       291.0674       290.2941       289.2795       288.4681       287.7724    
 2100   287.6163       287.7880       288.5110       289.3595       290.2174       290.9581       291.3215       291.0029       290.3386       289.4331       288.3867       287.6431    
