# ensemble mea of file global_tas_Amon_HadGEM2-ES_rcp85_%%.dat
# using members   0 to   3
# <a href=http://cmip-pcmdi.llnl.gov/cmip5/>CMIP5</a> global mean temperature computed at <a href=http://www.knmi.nl/selectfield_cmip5.cgi?someone@somewhere>KNMI Climate Explorer</a> tas_Amon_HadGEM2-ES_rcp85_r1i1p1
# tas [K] from HadGEM2-ES model output prepared for CMIP5 RCP8.5 r1i1p1
# cutting out region lon=   -0.938  359.062, lat=  -90.000   90.000
 1859  -999.9000      -999.9000      -999.9000      -999.9000      -999.9000      -999.9000      -999.9000      -999.9000      -999.9000      -999.9000      -999.9000       284.7921    
 1860   284.5346       284.9067       285.7229       286.7751       287.8724       288.7844       289.0209       288.8003       288.0132       286.9518       285.8335       284.8742    
 1861   284.5978       284.8903       285.7017       286.7896       287.9191       288.8401       289.0602       288.8184       288.0126       286.9601       285.8442       284.9997    
 1862   284.6675       284.9721       285.7198       286.8468       287.9767       288.8164       289.0502       288.8172       288.0256       286.9887       285.8452       284.7920    
 1863   284.5798       284.9000       285.5985       286.7385       287.8967       288.7661       288.9872       288.7173       288.0162       286.9544       285.7646       284.8331    
 1864   284.6007       284.8633       285.7527       286.8126       288.0476       288.8303       288.9910       288.7430       288.0067       286.9190       285.6673       284.7369    
 1865   284.4976       284.8107       285.5523       286.6435       287.8283       288.6974       288.9392       288.6251       287.8627       286.8568       285.6330       284.7133    
 1866   284.3533       284.6281       285.4192       286.5811       287.7215       288.6665       288.8897       288.6483       287.8627       286.8350       285.6381       284.7316    
 1867   284.3906       284.7126       285.4879       286.6170       287.8052       288.7372       288.8958       288.6747       287.9100       286.8918       285.6646       284.7555    
 1868   284.4268       284.7627       285.5129       286.6252       287.8362       288.6708       288.8528       288.6498       287.9063       286.8174       285.7073       284.6897    
 1869   284.4013       284.8113       285.6685       286.7704       287.9327       288.7524       288.9708       288.7155       287.9480       286.8654       285.7375       284.8056    
 1870   284.4916       284.9271       285.5885       286.6675       287.8396       288.7692       288.9602       288.6805       287.8962       286.8625       285.6777       284.8258    
 1871   284.5559       284.8144       285.6939       286.7525       287.8937       288.7269       288.9757       288.7095       287.8956       286.8544       285.7316       284.8359    
 1872   284.5256       284.9327       285.6552       286.8678       287.9871       288.8298       289.0363       288.8814       288.0261       286.9510       285.7878       284.8597    
 1873   284.6727       285.0409       285.6723       286.8565       287.9813       288.8788       289.0647       288.8302       287.9849       286.9587       285.8264       284.9159    
 1874   284.6816       284.9048       285.7257       286.8705       287.9800       288.8661       289.0827       288.7626       288.0189       286.9890       285.8692       284.9049    
 1875   284.6017       284.8740       285.5989       286.7949       287.9978       288.8235       288.9621       288.7819       288.0019       286.9926       285.7921       284.9341    
 1876   284.6481       284.9337       285.5504       286.7192       287.8636       288.7176       288.9554       288.6882       287.9586       286.8577       285.8153       284.9559    
 1877   284.6720       285.0017       285.7602       286.7044       287.9627       288.7496       288.9940       288.7098       287.9671       286.8997       285.8228       284.9051    
 1878   284.7540       285.0811       285.7097       286.7749       287.9235       288.8016       289.0038       288.7391       288.0057       286.8942       285.7366       284.8537    
 1879   284.4684       284.7618       285.7032       286.7678       287.9184       288.7955       289.0025       288.6613       287.9147       286.8465       285.6998       284.8051    
 1880   284.4928       284.7695       285.5049       286.6683       287.7943       288.7282       288.9367       288.6232       287.8508       286.8186       285.6474       284.7389    
 1881   284.4149       284.7594       285.5806       286.7440       287.8113       288.7715       288.9413       288.7647       287.9587       286.9457       285.7418       284.8372    
 1882   284.5059       284.7690       285.5375       286.6833       287.8887       288.7743       288.9543       288.7312       287.9835       286.9454       285.7822       284.7853    
 1883   284.5517       284.9201       285.5828       286.7372       287.8061       288.6462       288.9010       288.6699       287.9782       286.7769       285.5015       284.6254    
 1884   284.3869       284.5891       285.3522       286.4869       287.6124       288.4881       288.6477       288.4580       287.6713       286.6123       285.4154       284.5364    
 1885   284.3297       284.5832       285.3432       286.4616       287.6240       288.5110       288.7614       288.5235       287.6943       286.7156       285.4727       284.6377    
 1886   284.3956       284.6170       285.4225       286.4794       287.6273       288.5570       288.7852       288.5754       287.7736       286.5978       285.5083       284.5087    
 1887   284.2707       284.6145       285.3255       286.4304       287.5599       288.5070       288.7296       288.4807       287.7129       286.6264       285.5163       284.5887    
 1888   284.4332       284.7287       285.4323       286.5114       287.7128       288.6264       288.8513       288.5883       287.8035       286.7092       285.5260       284.6819    
 1889   284.3970       284.6449       285.5026       286.5440       287.6672       288.5404       288.7916       288.5063       287.8168       286.7917       285.6569       284.6197    
 1890   284.4031       284.7030       285.4332       286.5139       287.6335       288.5948       288.8163       288.5607       287.7778       286.6839       285.5162       284.6949    
 1891   284.4287       284.7015       285.4441       286.4547       287.5525       288.4610       288.7199       288.4706       287.7314       286.6764       285.4037       284.5574    
 1892   284.4199       284.7142       285.3995       286.4990       287.6580       288.6243       288.7793       288.5304       287.7212       286.7230       285.6180       284.6570    
 1893   284.3362       284.7715       285.4095       286.5049       287.6541       288.5184       288.7411       288.5581       287.7603       286.6878       285.5239       284.6238    
 1894   284.4253       284.6689       285.3745       286.4618       287.6938       288.6029       288.7834       288.5922       287.7632       286.6849       285.6487       284.7928    
 1895   284.3690       284.7697       285.4677       286.5840       287.7692       288.6605       288.8629       288.7106       287.9343       286.8728       285.7789       284.8690    
 1896   284.6627       284.9498       285.7918       286.7146       287.9348       288.7667       288.9648       288.6520       287.9194       286.8648       285.6942       284.8115    
 1897   284.5103       284.9371       285.6454       286.7193       287.7798       288.7415       288.9334       288.6975       287.8102       286.8060       285.5489       284.6268    
 1898   284.4781       284.8375       285.5302       286.6462       287.7902       288.6992       288.8599       288.6454       287.8859       286.8615       285.6587       284.8510    
 1899   284.6537       285.0159       285.6483       286.7408       287.8930       288.7800       289.0374       288.8060       288.0062       286.9699       285.7665       284.9197    
 1900   284.6178       284.9382       285.6802       286.7431       287.9209       288.7299       288.9009       288.7324       287.9522       286.9121       285.7944       285.0094    
 1901   284.7786       284.9971       285.8128       286.8073       287.9616       288.8305       289.0231       288.6785       287.9846       286.9777       285.8881       284.9360    
 1902   284.6923       284.9477       285.7498       286.7591       287.9288       288.7511       289.0016       288.6649       287.9291       286.8820       285.7271       284.8691    
 1903   284.5984       284.9045       285.6748       286.6475       287.7667       288.5714       288.8348       288.6162       287.7656       286.6211       285.4468       284.4641    
 1904   284.2532       284.6312       285.4595       286.5477       287.6525       288.5618       288.7393       288.5446       287.7211       286.7136       285.5732       284.7058    
 1905   284.3703       284.7714       285.6039       286.6548       287.8022       288.6429       288.9044       288.6419       287.9561       286.9191       285.7059       284.8212    
 1906   284.5177       284.7433       285.5832       286.6172       287.8627       288.7720       288.9355       288.7386       287.8668       286.8940       285.6773       284.8147    
 1907   284.5210       284.9495       285.6480       286.7326       287.8209       288.7155       288.9676       288.6700       287.9543       286.8735       285.6701       284.7819    
 1908   284.5660       284.8629       285.6630       286.7789       287.8803       288.7414       288.8834       288.6454       287.9098       286.8411       285.6118       284.7235    
 1909   284.4675       284.6276       285.4692       286.5809       287.8161       288.6577       288.9121       288.6270       287.8850       286.8410       285.6669       284.7542    
 1910   284.4645       284.8132       285.6193       286.7922       287.8345       288.7154       289.0376       288.7691       287.9473       286.9072       285.7053       284.8100    
 1911   284.4927       284.6667       285.4297       286.6516       287.8563       288.7869       288.9649       288.7210       287.8835       286.7661       285.5804       284.6970    
 1912   284.5093       284.6982       285.4014       286.5883       287.8836       288.7325       288.8928       288.5978       287.8512       286.7144       285.4711       284.6374    
 1913   284.4279       284.7875       285.5395       286.6432       287.7630       288.6451       288.8208       288.7026       287.9372       286.8130       285.6914       284.7277    
 1914   284.5588       284.8833       285.5756       286.6970       287.8137       288.7068       289.0000       288.7130       287.9256       286.8931       285.6834       284.7272    
 1915   284.5237       284.8619       285.6062       286.6886       287.8691       288.7542       288.9832       288.7725       287.9883       287.0136       285.8077       284.8359    
 1916   284.5612       284.9168       285.7675       286.8001       287.9605       288.9054       289.0766       288.8070       288.0757       287.0484       285.8660       284.9990    
 1917   284.7420       285.0922       285.8317       286.9148       288.0692       288.9480       289.0930       288.9113       288.1124       287.0588       285.8301       284.9592    
 1918   284.7516       284.9579       285.7038       286.7376       287.9749       288.9013       289.1499       288.8390       288.0667       287.0918       285.8694       284.9420    
 1919   284.7410       284.9343       285.7799       286.8864       288.0285       288.8841       289.1065       288.8438       288.0707       287.0685       285.9061       285.0280    
 1920   284.8558       285.0983       285.7661       286.7992       287.9758       288.8845       289.1038       288.8194       288.0679       287.0407       285.9350       284.9697    
 1921   284.6851       285.1495       285.7816       286.8311       288.0314       288.9188       289.0656       288.8077       288.0668       287.0424       285.8868       284.9938    
 1922   284.7837       285.0137       285.8071       286.9288       288.0538       288.9107       289.1106       288.8306       288.0438       286.9686       285.7899       284.9514    
 1923   284.6612       284.9192       285.7013       286.8011       288.0297       288.9101       289.0842       288.7903       288.0562       287.0634       285.9127       285.0345    
 1924   284.7932       285.0697       285.8781       286.8521       288.0818       288.9355       289.1505       288.8886       288.0703       287.0831       285.9211       284.9840    
 1925   284.7290       285.0536       285.9195       286.8459       287.9643       288.8900       289.1220       288.8823       288.0688       287.1011       285.8781       285.0615    
 1926   284.7823       285.1248       285.8237       286.8894       288.0355       288.9368       289.0962       288.8615       288.0331       286.9090       285.8502       284.9375    
 1927   284.6939       284.9212       285.6644       286.8277       287.9471       288.8411       289.0453       288.8027       288.0859       286.9974       285.8502       284.9513    
 1928   284.7573       285.1647       285.6869       286.8421       287.9413       288.8738       289.0839       288.8207       288.0743       287.0289       285.8564       284.9239    
 1929   284.6083       285.0395       285.7566       286.8540       288.0670       288.9028       289.0936       288.8583       288.1233       287.0766       285.8896       285.0013    
 1930   284.7323       285.0970       285.8857       286.9180       288.0489       288.8521       289.0369       288.8496       288.0811       287.0054       285.7777       284.8628    
 1931   284.6771       285.0715       285.7609       286.8486       287.9722       288.7971       289.0657       288.8116       288.0104       287.0540       285.8126       284.8639    
 1932   284.7395       284.9902       285.7208       286.7898       287.9699       288.8768       289.0228       288.8557       288.1302       286.9995       285.8201       284.9239    
 1933   284.6487       284.8974       285.6857       286.7558       288.0209       288.8588       289.1237       288.7854       288.0577       287.0640       285.9047       284.9837    
 1934   284.7666       285.0477       285.6950       286.8696       288.0361       288.8684       289.0478       288.8045       288.0413       286.9618       285.8300       284.8742    
 1935   284.7320       285.0337       285.8250       286.9009       288.0225       288.8570       289.0818       288.7835       288.0455       287.0304       285.8969       284.9492    
 1936   284.7995       285.0110       285.8014       286.9181       288.0889       288.8795       289.1670       288.8148       288.0273       287.0013       285.9131       285.0605    
 1937   284.7165       285.0708       285.7309       287.0172       288.1465       288.9825       289.1853       288.9001       288.2020       287.1206       285.9593       285.0910    
 1938   284.8414       285.1067       285.8740       287.0513       288.2151       288.9806       289.1809       288.9316       288.1644       287.1709       285.9771       285.0122    
 1939   284.8229       285.0981       285.9312       286.9621       288.1123       288.9169       289.1723       288.9184       288.1335       287.0836       285.9421       285.0753    
 1940   284.7966       285.0357       285.7591       286.9029       287.9731       288.8339       289.0005       288.8094       288.0245       287.0379       285.8100       284.9211    
 1941   284.7526       284.9925       285.7527       286.8520       288.0425       288.8999       289.1136       288.7840       288.0204       287.0841       285.9472       285.0098    
 1942   284.7645       285.1288       285.8329       286.9397       288.0833       288.9534       289.1620       288.8441       288.1442       287.1051       285.9105       285.0616    
 1943   284.8224       285.1165       285.8016       286.9524       288.1416       288.9741       289.1408       288.8965       288.1185       287.1409       285.9655       285.1326    
 1944   284.8940       285.1646       285.9122       286.9360       288.1125       288.9645       289.1838       288.9094       288.1359       287.1477       286.0519       285.2541    
 1945   284.9691       285.2582       285.9495       286.9980       288.1983       288.9967       289.1528       288.8724       288.1734       287.0912       285.9706       285.1546    
 1946   284.7878       285.1203       285.8357       287.0019       288.1412       288.9827       289.1714       288.9223       288.2188       287.2234       286.0350       285.1499    
 1947   284.8991       285.2291       285.9195       287.0360       288.1364       289.0292       289.1648       288.8748       288.2077       287.2397       285.9727       285.1704    
 1948   284.9507       285.2914       285.9648       287.0444       288.2362       289.0405       289.2529       288.9630       288.2582       287.1880       286.0459       285.1401    
 1949   284.9230       285.1658       285.9368       287.1282       288.2048       289.0432       289.1540       288.9824       288.2183       287.2364       286.1067       285.1428    
 1950   284.8615       285.1309       285.9923       287.0110       288.1875       289.0276       289.1876       288.9781       288.1710       287.0823       285.9345       285.0668    
 1951   284.8062       285.0767       285.9232       286.9662       288.0533       288.9487       289.1335       288.9211       288.1006       287.1131       285.9449       285.0315    
 1952   284.8940       285.1216       285.7839       286.8012       288.0810       288.9062       289.0708       288.8025       288.0754       287.1109       285.9407       285.0032    
 1953   284.7395       285.2397       285.8814       286.9331       288.0875       288.9303       289.1492       288.8295       288.0648       287.0553       285.8815       285.0434    
 1954   284.8217       285.0745       285.8419       286.8967       288.0771       288.8613       289.0834       288.8578       288.0392       286.9954       285.8103       284.9316    
 1955   284.6773       284.9973       285.7406       286.9018       288.0015       288.8780       289.0657       288.7947       288.0187       286.9665       285.8211       285.0160    
 1956   284.7851       285.1577       285.8423       286.9914       288.0892       288.9303       289.1465       288.9291       288.0484       287.0202       285.9218       285.0024    
 1957   284.7467       284.9916       285.8197       286.9302       288.1008       288.8811       289.0811       288.8719       288.0707       287.1034       285.9002       285.1030    
 1958   284.7441       285.0007       285.6875       286.7689       288.0103       288.8535       288.9957       288.8859       288.0884       287.0146       285.9064       284.9344    
 1959   284.7697       285.0208       285.7615       286.8532       288.0969       288.8872       288.9949       288.7429       288.0024       286.9651       285.7223       284.8748    
 1960   284.6970       284.9298       285.6530       286.6691       287.9178       288.7744       288.9802       288.7720       287.9594       286.9010       285.7603       284.8397    
 1961   284.5669       284.9660       285.7005       286.7643       287.9167       288.8353       289.0092       288.7467       287.9881       286.9933       285.7564       284.8726    
 1962   284.6509       285.0486       285.7907       286.8000       287.9460       288.8065       288.9941       288.7604       287.9105       286.8996       285.7064       284.8828    
 1963   284.6080       284.8740       285.6621       286.7911       287.9478       288.8163       289.0482       288.7064       287.9500       286.8884       285.7200       284.8268    
 1964   284.5720       284.7942       285.4433       286.6017       287.8932       288.6992       288.8352       288.5678       287.7469       286.7396       285.6003       284.6333    
 1965   284.3973       284.6801       285.4474       286.5406       287.6937       288.5813       288.8517       288.4681       287.7755       286.7637       285.5315       284.6214    
 1966   284.4969       284.6543       285.5047       286.6014       287.7096       288.5165       288.7722       288.5037       287.7063       286.5796       285.5354       284.6644    
 1967   284.4126       284.7379       285.4256       286.5831       287.8250       288.7517       288.8246       288.5819       287.8362       286.8138       285.6618       284.9061    
 1968   284.5543       284.9716       285.7279       286.8046       287.9101       288.8055       288.9093       288.6745       287.9340       286.9127       285.7395       284.8603    
 1969   284.6052       284.9447       285.6403       286.7520       287.9285       288.7774       288.8870       288.6541       287.9013       286.9070       285.8210       284.9116    
 1970   284.6641       284.8726       285.6484       286.7640       287.9238       288.7687       288.8711       288.6207       287.8181       286.7726       285.7321       284.7931    
 1971   284.5492       284.9325       285.6598       286.6564       287.8647       288.6811       288.8687       288.5865       287.8477       286.8484       285.7693       284.8790    
 1972   284.7256       285.0275       285.7532       286.8943       287.9686       288.8234       289.0167       288.6917       287.9606       287.0012       285.8279       284.8518    
 1973   284.6245       285.0671       285.7520       286.8687       287.9754       288.8268       289.0247       288.7030       287.9375       286.9660       285.8075       284.8996    
 1974   284.6984       285.0148       285.8027       286.8961       288.1160       288.8926       289.0190       288.7885       287.9900       286.9062       285.7978       284.8705    
 1975   284.6678       284.9579       285.6265       286.7780       287.9141       288.7969       288.9107       288.6826       287.9225       286.8658       285.6034       284.7883    
 1976   284.4886       284.9030       285.5570       286.6960       287.9691       288.7662       288.9207       288.6696       287.9043       286.9180       285.7749       284.8317    
 1977   284.5669       284.9953       285.6968       286.8151       288.0198       288.8423       288.9633       288.8116       288.0114       287.0099       285.8652       285.0509    
 1978   284.6407       284.9844       285.6849       286.8061       288.0172       288.8740       288.9607       288.7238       287.9134       286.9101       285.8438       284.9686    
 1979   284.6938       285.0275       285.7770       286.8056       287.9514       288.7811       289.0172       288.7854       288.0753       287.0428       285.9559       285.0717    
 1980   284.7196       285.0996       285.8831       286.9214       288.0365       288.9086       289.0164       288.8286       288.0209       286.9820       285.8706       285.0088    
 1981   284.7437       285.0234       285.8221       286.8875       288.1257       288.8694       289.0580       288.8151       288.0684       286.9874       285.9288       285.0292    
 1982   284.7677       285.0244       285.8415       286.9345       288.1109       288.9145       289.1044       288.7259       287.9995       286.9466       285.8044       284.7797    
 1983   284.5290       284.8836       285.5715       286.6927       287.9086       288.7167       288.9245       288.6822       287.8944       286.9239       285.8223       284.9930    
 1984   284.6643       284.9532       285.7724       286.8480       288.0228       288.8987       289.0191       288.8324       287.9832       287.0001       285.8586       284.9602    
 1985   284.7065       285.0606       285.8552       286.8807       288.1402       288.9464       289.1398       288.9333       288.1606       287.1101       286.0140       285.1529    
 1986   284.8557       285.1308       285.8983       286.9340       288.1520       289.0395       289.0925       288.8427       288.1632       287.1694       285.9975       285.0392    
 1987   284.8201       285.1575       285.8113       286.8735       288.0537       288.9418       289.1671       288.8643       288.1303       287.1517       286.0255       285.1231    
 1988   284.8892       285.1330       285.9197       286.9510       288.0722       288.9936       289.1541       288.8652       288.1307       287.0408       285.9227       285.0511    
 1989   284.8215       285.1119       285.8531       286.9934       288.0894       288.9419       289.1573       288.8496       288.1746       287.1560       286.0571       285.1472    
 1990   284.8413       285.2051       285.9062       286.9950       288.1207       288.9521       289.1745       288.9544       288.2428       287.1796       286.0857       285.1967    
 1991   285.0022       285.2861       285.9994       287.0519       288.1908       289.0410       289.1460       288.9382       288.1343       287.1047       285.9601       284.9848    
 1992   284.6541       284.9441       285.6811       286.7692       287.9142       288.7241       288.9279       288.6922       287.9881       286.9896       285.8309       284.9658    
 1993   284.6807       284.9923       285.6990       286.8304       288.0087       288.8327       289.0446       288.7745       287.9767       287.0541       285.9352       284.9710    
 1994   284.6592       285.0129       285.7456       286.8971       288.1403       288.9553       289.1435       288.9348       288.1932       287.1609       286.0147       285.2372    
 1995   285.0199       285.2247       285.9911       287.0521       288.2182       289.0184       289.2016       288.9232       288.1736       287.1570       286.0215       285.0340    
 1996   284.8050       285.1269       285.9285       286.9749       288.1702       289.0312       289.1184       288.9658       288.2200       287.2530       286.1248       285.2427    
 1997   284.8368       285.1853       285.8731       287.0244       288.1985       289.0426       289.2649       289.0285       288.2547       287.3183       286.1981       285.3143    
 1998   285.0976       285.2723       286.0429       287.1857       288.3681       289.2128       289.4127       289.1284       288.3823       287.4305       286.3086       285.3240    
 1999   285.0500       285.2986       286.1222       287.2419       288.4013       289.1962       289.4232       289.1923       288.4071       287.4049       286.2916       285.3936    
 2000   285.1360       285.3531       286.1196       287.2462       288.5340       289.2555       289.4771       289.2187       288.5112       287.5125       286.3476       285.4102    
 2001   285.1169       285.5142       286.2462       287.3557       288.5548       289.3728       289.4767       289.3227       288.5892       287.5387       286.4738       285.5047    
 2002   285.3174       285.5593       286.3235       287.3496       288.5304       289.3573       289.4458       289.2532       288.5912       287.6875       286.5752       285.6281    
 2003   285.3641       285.6098       286.3302       287.3285       288.4992       289.3568       289.5483       289.3023       288.6043       287.5827       286.4624       285.5223    
 2004   285.3009       285.6509       286.2780       287.3677       288.5258       289.3414       289.4911       289.2832       288.5622       287.5186       286.3806       285.5686    
 2005   285.2666       285.5459       286.2873       287.3369       288.5295       289.3846       289.5883       289.3143       288.6484       287.6442       286.4977       285.5384    
 2006   285.2988       285.7217       286.4436       287.4382       288.6664       289.3995       289.5600       289.3460       288.6492       287.6151       286.4826       285.6459    
 2007   285.3915       285.6831       286.2372       287.4533       288.6470       289.4412       289.5951       289.3777       288.6560       287.6337       286.5789       285.6898    
 2008   285.4881       285.6758       286.3926       287.5471       288.7040       289.5044       289.6945       289.5265       288.8380       287.8790       286.6879       285.7236    
 2009   285.4808       285.7838       286.5760       287.5399       288.7510       289.5015       289.7132       289.4986       288.8068       287.8307       286.7587       285.8214    
 2010   285.5424       285.8076       286.5307       287.6012       288.8119       289.5900       289.7803       289.5543       288.9131       287.8830       286.8233       285.9048    
 2011   285.5671       285.8575       286.6686       287.7508       288.7575       289.6123       289.7613       289.5457       288.8370       287.8443       286.7123       285.8294    
 2012   285.4763       285.8767       286.5029       287.6409       288.7379       289.5653       289.7854       289.5444       288.9608       287.8494       286.7388       285.7760    
 2013   285.4954       285.8337       286.5645       287.6381       288.8186       289.6287       289.8816       289.6158       288.9312       287.9532       286.8321       286.0180    
 2014   285.6779       285.8972       286.6791       287.7612       288.9495       289.6944       289.8220       289.6168       288.8979       287.9712       286.9053       285.9440    
 2015   285.7563       286.0015       286.7804       287.8521       288.9449       289.6793       289.8419       289.6816       288.9862       288.0092       286.9873       286.0060    
 2016   285.7503       286.1238       286.8253       287.7871       288.9785       289.7799       290.0132       289.8439       289.1349       288.1027       287.0387       286.0698    
 2017   285.8234       286.1501       286.8255       287.9029       289.0803       289.7411       289.9912       289.7972       289.0872       288.1161       287.0150       286.1387    
 2018   285.8374       286.0659       286.8663       287.8929       289.0657       289.8145       290.0726       289.7944       289.1130       288.1670       287.0137       286.0671    
 2019   285.7449       286.0658       286.9028       287.9727       289.1457       289.9278       290.0543       289.9389       289.1258       288.1902       287.0223       286.1047    
 2020   285.7930       286.1691       286.8854       288.0656       289.1541       289.8792       290.1111       289.9207       289.3060       288.2611       287.2176       286.2997    
 2021   285.9605       286.2949       287.0336       288.0901       289.2131       289.9356       290.1013       289.9478       289.2427       288.3351       287.1097       286.2227    
 2022   285.9918       286.1810       286.9396       288.0586       289.1572       289.9471       290.1612       290.0110       289.2632       288.3488       287.2297       286.3646    
 2023   286.0250       286.2614       287.0325       288.0092       289.2847       290.0748       290.2705       289.9728       289.4155       288.4274       287.2663       286.3367    
 2024   285.8941       286.1500       286.9596       288.0493       289.2065       289.9857       290.1935       289.9913       289.2610       288.2492       287.2345       286.2486    
 2025   286.0133       286.2799       286.9492       288.0509       289.2769       290.0649       290.1667       290.0324       289.3332       288.4190       287.3251       286.3923    
 2026   286.0971       286.3625       287.1336       288.2052       289.3288       290.1046       290.2960       290.1118       289.4010       288.4382       287.3793       286.4919    
 2027   286.1855       286.4346       287.0701       288.2429       289.3455       290.1784       290.4310       290.1468       289.5329       288.4723       287.4014       286.4540    
 2028   286.2002       286.4082       287.2300       288.2090       289.4132       290.1616       290.3519       290.1732       289.5343       288.5709       287.4252       286.5715    
 2029   286.2299       286.5440       287.3055       288.3356       289.5429       290.3254       290.4769       290.2976       289.5874       288.5817       287.5621       286.5832    
 2030   286.3477       286.6714       287.3496       288.4297       289.5070       290.2872       290.4771       290.3539       289.5885       288.6096       287.5346       286.6801    
 2031   286.3351       286.5980       287.2499       288.2971       289.4863       290.2210       290.5006       290.3026       289.6363       288.6782       287.5020       286.6957    
 2032   286.3802       286.6644       287.3598       288.4450       289.5660       290.2792       290.4410       290.3776       289.7349       288.7704       287.6000       286.7311    
 2033   286.4094       286.7820       287.3731       288.4771       289.6191       290.3217       290.5635       290.3924       289.7179       288.7065       287.6640       286.7122    
 2034   286.3568       286.6992       287.3693       288.4919       289.6334       290.3978       290.6123       290.3655       289.7260       288.8446       287.7665       286.8246    
 2035   286.5522       286.8205       287.3954       288.5620       289.6825       290.4184       290.6602       290.4066       289.7705       288.8618       287.8321       286.9610    
 2036   286.5976       286.8480       287.5460       288.5908       289.7533       290.5050       290.7070       290.4867       289.8902       288.8783       287.8258       287.0335    
 2037   286.6237       286.8509       287.6279       288.6580       289.8541       290.5401       290.7419       290.6197       289.9364       288.9600       287.8840       287.0909    
 2038   286.6755       286.8018       287.6151       288.7662       289.8887       290.6151       290.8949       290.6732       290.0265       289.1295       288.0840       287.1848    
 2039   286.7911       287.0787       287.7954       288.7903       289.8220       290.6481       290.8376       290.7372       290.0718       289.0768       288.0035       287.1006    
 2040   286.8389       287.0780       287.8010       288.8482       289.8826       290.6033       290.8713       290.7210       289.9886       289.0832       288.0528       287.1136    
 2041   286.8417       287.1138       287.8559       288.9213       289.9677       290.6867       290.8480       290.7293       290.0073       289.1216       288.0079       287.1086    
 2042   286.8090       286.9574       287.6997       288.8714       289.8684       290.6799       290.8814       290.7256       290.0797       289.1080       288.0491       287.2852    
 2043   286.9568       287.1288       287.8434       288.9546       290.0668       290.7476       291.0376       290.8780       290.1798       289.1888       288.1125       287.1907    
 2044   286.9442       287.2591       287.8931       288.9279       290.0173       290.7800       290.9544       290.8361       290.1798       289.1953       288.2810       287.4566    
 2045   287.0505       287.3267       287.9674       289.0316       290.0679       290.8503       291.0772       290.9811       290.3469       289.4042       288.3594       287.4887    
 2046   287.1321       287.3868       288.0139       289.0894       290.2300       290.8946       291.1133       291.0464       290.3370       289.3864       288.3234       287.5188    
 2047   287.2776       287.4313       288.0920       289.1364       290.2108       291.0070       291.2794       291.1647       290.5034       289.5019       288.3981       287.5516    
 2048   287.2142       287.5964       288.2361       289.2442       290.3130       291.0479       291.2543       291.1793       290.4856       289.5473       288.5644       287.6890    
 2049   287.3435       287.5730       288.3133       289.2636       290.3489       291.0728       291.2751       291.1290       290.4580       289.5477       288.5175       287.6497    
 2050   287.5557       287.7268       288.4880       289.3773       290.4462       291.1674       291.4176       291.2783       290.5455       289.6185       288.5840       287.8254    
 2051   287.5557       287.6738       288.4108       289.4314       290.4914       291.1641       291.4376       291.2613       290.6283       289.7202       288.6525       287.8951    
 2052   287.5366       287.7163       288.4382       289.3865       290.5822       291.2678       291.4774       291.4229       290.7651       289.7401       288.7446       287.8870    
 2053   287.6351       287.8946       288.5431       289.4372       290.4921       291.2278       291.4857       291.4043       290.7494       289.7717       288.7372       287.9757    
 2054   287.7393       287.9004       288.5076       289.5014       290.6500       291.3840       291.6038       291.4699       290.7694       289.9103       289.0150       288.1126    
 2055   287.7841       288.0087       288.7013       289.5913       290.7044       291.4041       291.6779       291.5137       290.8359       289.8842       288.9315       288.1143    
 2056   287.7563       288.0814       288.7023       289.6814       290.7573       291.4617       291.7926       291.5930       290.9044       290.0366       289.0239       288.1970    
 2057   287.8753       288.1212       288.7707       289.7858       290.8841       291.6180       291.8284       291.7177       291.0581       290.1423       289.1605       288.3418    
 2058   288.0311       288.2745       288.9994       289.8049       290.9250       291.6731       291.8506       291.7919       291.1757       290.3005       289.2023       288.4261    
 2059   288.1154       288.4261       289.0795       290.0646       291.1041       291.7960       292.0409       291.9183       291.2597       290.3022       289.2963       288.5444    
 2060   288.1861       288.4430       289.0401       289.9994       291.1347       291.8036       292.0688       291.9413       291.2972       290.3752       289.3563       288.5262    
 2061   288.0817       288.2653       288.9760       290.0522       291.0970       291.7341       292.0723       291.9147       291.2502       290.3521       289.3796       288.5091    
 2062   288.1776       288.3739       289.0500       289.9556       291.0468       291.7802       292.0475       291.9239       291.2933       290.2726       289.3197       288.4614    
 2063   288.2413       288.4186       289.0195       290.0029       291.0956       291.7792       292.0923       291.9227       291.2533       290.2529       289.3159       288.5712    
 2064   288.2676       288.5494       289.0192       290.0178       291.0714       291.8236       292.1299       291.9957       291.3223       290.3135       289.2193       288.4674    
 2065   288.2399       288.4351       289.0393       290.0571       291.1508       291.9421       292.1673       292.1214       291.4712       290.5519       289.5639       288.8066    
 2066   288.4473       288.6754       289.2574       290.2285       291.2977       291.9776       292.2535       292.1549       291.5037       290.5764       289.5999       288.8770    
 2067   288.5663       288.7334       289.2630       290.3164       291.3205       292.0958       292.4104       292.2859       291.6339       290.6801       289.6172       288.9044    
 2068   288.6921       288.8408       289.5557       290.4693       291.4424       292.1235       292.4401       292.3137       291.6529       290.7532       289.7496       289.0200    
 2069   288.6864       288.9195       289.4033       290.4254       291.4574       292.1804       292.4850       292.4084       291.7685       290.7821       289.7375       289.0876    
 2070   288.8463       288.9978       289.6089       290.5435       291.5327       292.3244       292.5357       292.4377       291.7556       290.8358       289.8438       289.0508    
 2071   288.6979       288.9348       289.6040       290.5762       291.5208       292.3244       292.5873       292.5216       291.9080       290.9203       289.8875       289.0859    
 2072   288.7498       289.0175       289.5490       290.5628       291.5779       292.3154       292.6594       292.5671       291.8886       290.9417       289.9036       289.2202    
 2073   288.9485       289.1023       289.6402       290.6478       291.6385       292.3697       292.6941       292.6479       292.0151       291.0493       290.0228       289.2175    
 2074   288.9666       289.2125       289.7518       290.7318       291.6818       292.4640       292.7190       292.6233       291.9958       290.9416       289.9160       289.2054    
 2075   288.8857       289.0592       289.6848       290.6691       291.7151       292.4674       292.8285       292.7213       292.0488       291.1027       290.0908       289.3346    
 2076   289.0727       289.1933       289.9120       290.8352       291.8105       292.4967       292.9070       292.8448       292.1052       291.1220       290.1704       289.4711    
 2077   289.1712       289.4069       289.9771       290.8983       291.9225       292.5763       292.9670       292.8742       292.1975       291.3220       290.3043       289.5844    
 2078   289.2779       289.4833       290.0956       291.1060       292.0930       292.7131       293.0878       293.0516       292.3505       291.3350       290.3654       289.5994    
 2079   289.3009       289.5448       289.9931       291.0492       292.0975       292.7741       293.1500       293.1170       292.3877       291.4060       290.4190       289.7570    
 2080   289.5139       289.7195       290.1910       291.1711       292.2788       293.0017       293.3018       293.1941       292.5284       291.5383       290.4844       289.8089    
 2081   289.5558       289.8077       290.2381       291.1584       292.2079       292.9315       293.2567       293.1568       292.5536       291.4836       290.4720       289.7986    
 2082   289.5122       289.7656       290.2620       291.1953       292.2408       292.9466       293.2863       293.2308       292.5525       291.6050       290.5001       289.7833    
 2083   289.5140       289.7465       290.3374       291.1992       292.1729       292.9254       293.3222       293.2076       292.5390       291.5538       290.5029       289.7999    
 2084   289.6166       289.7853       290.2693       291.1896       292.2262       292.9097       293.3147       293.2578       292.5576       291.6198       290.6009       289.7929    
 2085   289.6143       289.8599       290.3447       291.2635       292.3121       292.9527       293.3137       293.2785       292.6082       291.6414       290.6091       289.8714    
 2086   289.6836       290.0078       290.5965       291.4835       292.4699       293.1671       293.5299       293.4432       292.8500       291.8207       290.7794       289.9925    
 2087   289.8032       290.0141       290.6100       291.4708       292.4809       293.2008       293.5912       293.5109       292.8580       291.8807       290.7960       290.0836    
 2088   289.9358       290.1091       290.6443       291.5617       292.5541       293.2787       293.6569       293.5884       292.9587       291.9729       290.8573       290.0931    
 2089   290.0101       290.1519       290.7059       291.5977       292.5330       293.2159       293.6349       293.5662       292.9107       291.9184       290.8486       290.1108    
 2090   289.9772       290.2543       290.7476       291.5925       292.5953       293.3500       293.7431       293.7069       292.9898       292.0049       291.0579       290.3107    
 2091   290.2145       290.4008       290.9158       291.7726       292.7341       293.5303       293.9246       293.8047       293.0461       292.1745       291.0221       290.2978    
 2092   290.1375       290.3128       290.9083       291.7101       292.7435       293.4352       293.8592       293.7776       293.1046       292.1641       291.1535       290.3729    
 2093   290.1729       290.4186       290.9891       291.8372       292.8089       293.5740       293.9857       293.8350       293.1749       292.1901       291.1519       290.3899    
 2094   290.2416       290.3914       290.9006       291.7668       292.7426       293.4930       293.8599       293.8271       293.1629       292.1810       291.1329       290.3414    
 2095   290.2309       290.4514       290.9684       291.8317       292.8709       293.6209       294.0331       293.9420       293.2366       292.2265       291.1541       290.3458    
 2096   290.1381       290.3368       291.0440       291.8878       292.7639       293.5223       293.9966       293.8771       293.1959       292.2507       291.2147       290.5543    
 2097   290.3820       290.6894       291.2751       292.0704       292.9487       293.7621       294.1396       294.0950       293.3997       292.4022       291.3734       290.7056    
 2098   290.5892       290.8154       291.2686       292.1050       292.9998       293.7515       294.1736       294.0882       293.3849       292.4272       291.3519       290.5986    
 2099   290.5304       290.7465       291.3049       292.2088       293.1107       293.8211       294.2802       294.0967       293.4916       292.4483       291.4867       290.6463    
 2100   290.4671       290.7319       291.2757       292.1684       293.0527       293.8114       294.1451       294.1852       293.4388       292.4525       291.4269       290.7357    
