# <a href=http://cmip-pcmdi.llnl.gov/cmip5/>CMIP5</a> global mean temperature computed at <a href=http://www.knmi.nl/selectfield_cmip5.cgi?someone@somewhere>KNMI Climate Explorer</a> tas_Amon_bcc-csm1-1-m_rcp26_r1i1p1
# tas [K] from bcc-csm1-1-m model output prepared for CMIP5 RCP2.6 r1i1p1
# cutting out region lon=   -0.562  359.438, lat=  -89.698   89.698
 1850   284.9152       285.3395       286.3255       287.2398       288.1904       288.6824       288.9562       288.6937       288.0668       287.0894       286.1250       285.3163    
 1851   285.2438       285.7734       286.4460       287.6155       288.3433       288.8700       288.8330       288.5801       287.7990       287.1562       286.0487       285.5176    
 1852   285.0976       285.4300       286.2150       287.3597       288.1060       288.7842       288.9505       288.6857       288.0399       287.1448       286.1406       285.5340    
 1853   285.2800       285.5218       286.3438       287.3999       288.3650       288.8814       289.0837       288.7029       288.2843       287.2560       286.3921       285.9534    
 1854   285.4141       286.1042       286.7137       287.6964       288.4085       289.1813       289.2831       288.9119       288.2530       287.3757       286.3098       285.8439    
 1855   285.5096       286.0423       286.5806       287.5172       288.4356       288.7874       289.0529       288.8363       288.1163       287.2530       286.2888       285.6049    
 1856   285.6958       285.8912       286.5355       287.5717       288.6535       289.1129       289.2242       288.9102       288.3665       287.5675       286.5007       285.9119    
 1857   285.6528       285.9056       286.6982       287.6409       288.2329       288.7466       288.7914       288.3807       287.6772       287.0024       285.9251       285.3297    
 1858   285.2195       285.6559       286.2365       287.3340       288.2790       288.6960       288.9596       288.7613       288.2355       287.0105       286.0744       285.4863    
 1859   285.2329       285.4920       286.5422       287.6118       288.5301       289.0185       289.1949       288.8597       288.3764       287.5323       286.6425       285.9538    
 1860   285.5112       286.0596       286.7445       287.6334       288.4326       289.0995       289.2047       288.8579       288.2344       287.2738       286.1159       285.5102    
 1861   285.2052       285.7815       286.5227       287.4940       288.4937       289.0744       289.1960       288.7470       288.1458       287.1616       286.3545       285.8120    
 1862   285.4945       285.8162       286.8085       287.5116       288.4395       289.0767       289.2666       289.1060       288.2985       287.2523       286.2650       285.6499    
 1863   285.5258       285.7688       286.8794       287.6610       288.5259       289.0683       289.3104       288.8883       288.2750       287.3558       286.1301       285.8033    
 1864   285.5472       285.8633       286.7435       287.5711       288.4637       289.2113       289.4226       289.0112       288.4354       287.7128       286.5091       285.9761    
 1865   285.5586       285.9112       286.6660       287.5680       288.3683       289.0104       288.9841       288.8148       288.2022       287.4647       286.2516       285.4815    
 1866   285.7192       285.8026       286.5391       287.3900       288.4289       289.1067       289.2626       288.8561       288.3019       287.4818       286.3544       285.6821    
 1867   285.8758       286.0381       286.7211       287.7475       288.6629       288.9819       289.3065       289.1097       288.2747       287.4999       286.4662       285.6942    
 1868   285.3919       285.7222       286.5431       287.6423       288.5404       289.1325       289.3932       289.0971       288.4573       287.5372       286.4613       286.2562    
 1869   285.8377       285.9716       286.9203       287.7370       288.5850       289.1352       289.4388       289.1845       288.4265       287.4764       286.4197       285.6689    
 1870   285.5164       286.0522       286.5034       287.5625       288.5361       289.2181       289.3425       289.2739       288.4791       287.6206       286.5275       285.9528    
 1871   286.1302       286.1664       286.7420       287.8029       288.6870       289.1791       289.4607       289.1807       288.4350       287.5099       286.3929       285.6365    
 1872   285.6728       286.0124       286.7318       287.8187       288.5428       289.3199       289.3835       289.0332       288.5081       287.4489       286.6415       286.1231    
 1873   285.6203       285.8621       286.6686       287.8624       288.7555       289.3385       289.5284       289.4376       288.6059       287.4937       286.5516       285.9676    
 1874   285.5924       285.9113       286.8027       287.9840       288.8248       289.3428       289.6595       289.2113       288.4958       287.6443       286.6884       285.9363    
 1875   285.5208       286.0142       286.8535       287.8776       288.6077       289.3363       289.4950       289.1444       288.4805       287.5907       286.4066       285.6559    
 1876   285.4796       285.6439       286.5749       287.6470       288.7733       289.4001       289.7195       289.3778       288.5814       287.6473       286.6426       286.1076    
 1877   285.7751       285.8492       286.8837       288.0151       288.9615       289.4118       289.6160       289.3442       288.5918       287.3635       286.3881       285.6607    
 1878   285.7287       285.9149       286.8675       287.8135       288.6888       289.3760       289.5876       289.2346       288.5579       287.5931       286.6031       286.0540    
 1879   285.5764       286.2291       286.9245       287.9821       288.9043       289.3783       289.7911       289.3481       288.5020       287.6383       286.7462       286.0462    
 1880   285.6928       286.1520       286.7321       287.8421       288.8637       289.3665       289.6641       289.3312       288.6148       287.7327       286.7884       286.1554    
 1881   285.8124       286.1383       286.9148       288.0934       289.1101       289.5913       289.7217       289.3310       288.7399       287.6616       286.6966       285.8743    
 1882   285.7040       286.0944       286.6704       287.7202       288.7291       289.2887       289.5655       289.3230       288.5357       287.5997       286.5557       285.8464    
 1883   285.6102       285.9627       286.7711       287.9263       288.9421       289.5469       289.8696       289.5169       288.7541       287.6685       286.5543       286.0190    
 1884   285.4594       285.9713       286.5812       287.6049       288.6177       289.2642       289.2541       288.9129       288.1262       287.2150       286.2122       285.5469    
 1885   285.4668       285.6636       286.3785       287.4589       288.3448       288.8399       288.9590       288.7122       287.9383       287.0577       286.1133       285.4293    
 1886   285.2910       285.6440       286.5616       287.4802       288.4894       289.2072       289.4562       289.0555       288.3587       287.3935       286.2638       285.5231    
 1887   285.4473       286.0016       286.7247       287.6951       288.6284       289.2609       289.3639       288.9709       288.1624       287.4151       286.2492       285.4894    
 1888   285.3253       285.7473       286.6199       287.5146       288.6395       289.1685       289.3165       288.9169       288.2929       287.3262       286.4676       285.7190    
 1889   285.5771       285.8957       286.7130       287.7964       288.7121       289.4547       289.6910       289.4094       288.6585       287.4683       286.6357       285.8331    
 1890   285.8295       286.1506       287.0660       287.9838       288.7346       289.3322       289.6203       289.1324       288.5475       287.4645       286.3389       285.6842    
 1891   285.2470       285.7968       286.3653       287.4556       288.2584       289.0384       289.1923       288.9514       288.2762       287.3587       286.2260       285.6874    
 1892   285.7603       285.9915       286.7210       287.6400       288.6465       289.2115       289.5914       289.1327       288.5002       287.6734       286.6045       286.0792    
 1893   285.8423       285.9389       286.7360       287.8753       288.6740       289.3740       289.3745       289.1164       288.4767       287.4393       286.5385       285.7712    
 1894   285.6281       285.8748       286.8469       287.9618       288.8300       289.3589       289.6371       289.3206       288.7954       287.7657       286.7446       286.1407    
 1895   285.6915       286.1149       286.8615       287.9413       288.8344       289.4899       289.5768       289.3781       288.5695       287.6296       286.6215       285.7832    
 1896   285.3908       285.9644       286.8074       287.8237       288.6282       289.2540       289.3200       289.2064       288.4244       287.6032       286.5665       285.7413    
 1897   285.5178       285.9930       286.9716       288.0623       288.8879       289.4050       289.5813       289.2331       288.5337       287.7047       286.4850       285.8265    
 1898   285.7311       286.2150       286.6165       287.7854       288.6620       289.5017       289.5970       289.3147       288.5295       287.6370       286.6350       286.0651    
 1899   285.8242       286.2409       286.9131       288.0135       288.8185       289.4820       289.8473       289.5076       288.8074       287.8849       286.8814       286.1058    
 1900   285.9342       286.3791       287.0623       287.9150       288.9235       289.5238       289.7569       289.4949       288.6671       287.9947       286.8208       286.1822    
 1901   285.8770       286.0188       286.8024       287.8801       288.9358       289.4447       289.7680       289.4496       288.6578       287.7812       286.7764       286.2644    
 1902   285.9165       286.3539       287.1805       288.0705       288.8444       289.5353       289.6678       289.3923       288.6375       287.5824       286.4134       285.8968    
 1903   285.5603       285.7038       286.4827       287.5006       288.4324       289.1275       289.3929       289.0255       288.1527       287.2629       286.3088       285.7415    
 1904   285.6497       285.8320       286.5208       287.7335       288.5402       289.1163       289.4216       289.1089       288.3378       287.3361       286.1925       285.6226    
 1905   285.3108       285.6326       286.5489       287.5989       288.6878       289.2986       289.6551       289.1339       288.4497       287.4495       286.4074       286.0145    
 1906   285.5705       285.7174       286.7327       287.8853       288.8570       289.4042       289.6018       289.4567       288.8524       287.4928       286.6424       285.9341    
 1907   285.5904       286.1301       287.0437       287.9644       288.8753       289.5024       289.6973       289.2275       288.6514       287.8092       286.7167       286.2027    
 1908   285.9941       286.2405       286.9844       287.9718       288.8872       289.3735       289.5749       289.2037       288.4041       287.7039       286.5018       285.9085    
 1909   285.6187       286.0374       286.9502       287.9341       288.8943       289.5360       289.5744       289.2222       288.5677       287.8202       286.8380       286.0675    
 1910   285.6616       285.9296       286.8204       287.8219       288.7431       289.4968       289.7510       289.3170       288.8051       287.6017       286.7396       286.2600    
 1911   286.0617       286.1442       286.8574       287.9549       288.9088       289.5429       289.6486       289.2553       288.7806       287.6357       286.7025       285.9277    
 1912   285.7088       286.1621       287.0784       288.0898       288.9586       289.4885       289.7712       289.3713       288.7374       287.8377       286.9224       286.0867    
 1913   285.9595       286.2928       286.9384       287.9979       288.8992       289.4151       289.5241       289.2190       288.4314       287.4456       286.6034       285.8127    
 1914   285.8525       285.8758       286.7195       287.9636       288.8068       289.4372       289.6101       289.3241       288.5967       287.5901       286.7569       286.1314    
 1915   285.7960       286.0799       286.8737       287.9089       288.7949       289.3826       289.5938       289.3550       288.7135       287.7065       286.7907       286.1384    
 1916   286.0530       286.2983       287.0583       288.0299       288.9621       289.4919       289.7316       289.3241       288.8595       287.7976       286.7906       286.0968    
 1917   285.6281       286.1454       286.7625       287.8006       288.8799       289.3948       289.5558       289.3928       288.7709       287.7921       286.8162       286.0972    
 1918   286.0682       286.2780       287.0720       288.1077       288.9126       289.5948       290.0330       289.8140       288.9232       288.1359       286.9820       286.3119    
 1919   286.2354       286.3366       287.0470       287.9729       288.7870       289.3721       289.7085       289.3600       288.5493       287.5490       286.5183       285.8879    
 1920   285.8470       286.2944       286.8245       288.1325       288.9960       289.5987       289.9327       289.5631       288.9070       287.8616       286.9410       286.3410    
 1921   286.3214       286.5724       287.1688       288.1143       289.1036       289.6443       289.8548       289.5551       288.7562       287.6715       286.7452       286.1274    
 1922   285.8657       286.3908       287.0232       287.9353       288.9389       289.4392       289.6906       289.5261       288.7769       287.7155       286.7402       286.2518    
 1923   285.9970       286.6012       287.1074       288.0922       288.9034       289.3908       289.8258       289.3980       288.6333       287.5873       286.7747       286.1252    
 1924   286.0809       286.3692       287.0675       288.0322       288.8992       289.4930       289.7829       289.3730       288.5762       287.7059       286.6679       286.0995    
 1925   286.0156       286.2805       287.1119       287.9161       288.9304       289.5106       289.5738       289.1879       288.5142       287.7378       286.5430       285.9201    
 1926   285.8442       286.1507       286.9738       287.9300       288.7192       289.3273       289.6744       289.3415       288.4669       287.5509       286.5603       286.2590    
 1927   285.7409       286.0486       286.8720       287.9902       288.9017       289.5921       289.8228       289.5186       288.6878       287.7440       286.7475       286.0866    
 1928   285.8115       286.0925       286.8685       288.0009       288.7916       289.4210       289.7229       289.3492       288.6540       287.6355       286.5490       286.1656    
 1929   285.9724       285.9422       286.8393       287.6621       288.7124       289.3347       289.4983       289.3763       288.5248       287.5146       286.5824       286.1758    
 1930   285.9235       286.2747       286.9412       287.8652       288.9252       289.3329       289.6492       289.1679       288.5980       287.7073       286.7587       286.1689    
 1931   285.9457       286.1437       287.2544       288.0029       288.7837       289.3102       289.7029       289.2630       288.5458       287.6722       286.8101       286.3707    
 1932   286.0164       286.3808       287.0903       287.9815       288.8874       289.4385       289.6294       289.3486       288.6860       287.8630       287.0619       286.4293    
 1933   286.3688       286.6077       287.0930       288.1471       288.8736       289.3875       289.5322       289.1441       288.6125       287.5551       286.3887       286.1175    
 1934   285.7734       286.2978       286.8761       287.9686       288.7073       289.2838       289.5354       289.4030       288.7966       287.7842       286.9512       286.1188    
 1935   286.2260       286.5173       287.2924       288.1577       288.9178       289.3810       289.6210       289.3408       288.6976       287.7317       286.9262       286.2191    
 1936   285.9580       286.3265       286.9667       288.0269       288.8779       289.2751       289.6218       289.1481       288.4831       287.6314       286.7517       286.0045    
 1937   285.6535       285.9616       286.7575       287.8873       289.0058       289.4047       289.6669       289.3577       288.5391       287.6459       286.5953       286.2048    
 1938   285.9510       285.8578       286.8207       287.9160       288.9177       289.2946       289.6230       289.0725       288.4264       287.6534       286.8259       286.1351    
 1939   285.9170       286.0371       287.0877       288.0816       288.8754       289.5911       289.7479       289.4741       288.9062       287.9130       286.9745       286.2395    
 1940   286.0523       286.4791       287.2223       288.0279       288.8245       289.4331       289.4534       289.3680       288.7070       287.5549       286.7349       286.2431    
 1941   285.9750       286.2984       286.9027       288.0031       288.7729       289.4867       289.4666       289.2504       288.5911       287.7900       286.8528       286.2888    
 1942   285.9757       286.1031       286.8256       287.9452       288.8912       289.4057       289.6956       289.5555       288.7384       287.8376       286.7810       286.2615    
 1943   285.9936       286.3944       287.1513       288.0075       288.7760       289.4526       289.6202       289.1994       288.5380       287.5711       286.8060       286.0078    
 1944   285.7854       285.8977       286.7209       287.8936       288.7314       289.4377       289.5569       289.3951       288.6577       287.7829       286.9218       286.3846    
 1945   286.1141       286.5211       287.0564       288.2779       288.8793       289.3326       289.6143       289.2661       288.6662       287.8701       286.9436       286.2834    
 1946   286.1047       286.2680       287.2062       288.0302       288.9054       289.4860       289.8036       289.5269       288.6516       287.7455       286.7946       286.0883    
 1947   285.9763       286.4934       286.9159       288.0361       288.8489       289.5504       289.6496       289.5125       288.7280       287.6020       286.6604       286.2115    
 1948   285.9162       286.2638       287.0270       287.9608       288.8684       289.4744       289.7811       289.3830       288.8719       287.8222       286.8776       286.1477    
 1949   286.0512       286.6536       287.2020       288.1557       289.0377       289.5758       289.7242       289.4776       288.7285       287.7900       287.0717       285.9511    
 1950   285.9970       286.2689       286.9218       288.0420       288.7371       289.3709       289.6935       289.0966       288.5074       287.7323       286.8073       286.2521    
 1951   285.8131       286.3834       287.0267       288.2039       289.0338       289.5863       289.7292       289.4610       288.8930       287.9604       287.0682       286.3109    
 1952   286.0291       286.3791       287.4082       288.3565       289.2979       289.5540       289.8469       289.4941       288.5897       287.8796       286.7803       286.4095    
 1953   285.9798       286.5920       287.2371       287.9547       288.8338       289.3467       289.7338       289.2578       288.5945       287.6469       286.7423       286.2635    
 1954   285.8908       286.2311       287.0435       288.0560       288.9087       289.4154       289.5424       289.4084       288.7766       287.6470       286.7001       286.2176    
 1955   286.1281       286.4324       287.0843       288.1414       289.0286       289.5831       289.8943       289.4883       288.6276       287.9138       287.0782       286.3892    
 1956   286.0928       286.3701       286.9423       288.1599       289.1348       289.5681       289.7818       289.3761       289.0424       287.9170       286.7953       286.3572    
 1957   286.0590       286.3335       287.2541       288.2536       289.0583       289.5470       289.6991       289.5303       288.8373       287.9294       286.8294       286.4060    
 1958   285.9619       286.2269       287.2279       288.1441       288.9242       289.4459       289.8396       289.4642       288.6733       287.9057       287.0069       286.3494    
 1959   285.9778       286.4089       286.8035       288.0295       289.0748       289.5526       289.6732       289.3651       288.7772       287.9047       287.0077       286.0764    
 1960   286.0635       286.3912       287.0817       288.1658       288.9306       289.5792       289.7784       289.4097       288.6097       287.8621       286.7488       286.2863    
 1961   285.7621       286.2661       287.4132       288.1844       288.9478       289.5031       289.7033       289.4307       288.6457       287.8568       286.9083       286.5039    
 1962   285.9165       286.2521       287.1642       288.1675       289.0753       289.6566       290.0788       289.5874       288.9490       287.8965       287.1018       286.5755    
 1963   286.1717       286.4673       287.2104       288.2258       289.0531       289.2884       289.5148       289.3168       288.4860       287.5748       286.7040       285.8033    
 1964   285.5414       285.8816       286.7263       287.8166       288.7790       289.2937       289.6008       289.3761       288.7157       287.5983       286.6671       286.0773    
 1965   286.2335       286.2656       287.0846       288.0657       288.8929       289.4837       289.5948       289.4070       288.6997       287.8436       286.8571       285.9327    
 1966   285.9560       286.2710       287.0647       288.0248       289.0246       289.6674       289.8329       289.5588       288.6460       287.8461       286.9678       286.1508    
 1967   285.7529       286.2642       287.2155       288.4358       289.2291       289.5470       289.5138       289.4689       288.6886       287.8527       286.8462       286.0897    
 1968   285.8957       286.2977       287.1992       288.0692       288.9238       289.3423       289.5214       289.2337       288.6767       287.9389       286.9537       286.1712    
 1969   286.0467       286.4019       287.3544       288.1743       288.9491       289.4992       289.6414       289.5616       288.8531       288.0195       287.1292       286.4136    
 1970   286.1386       286.1841       287.0972       288.2306       289.0694       289.6689       289.8680       289.5594       288.8547       287.8808       287.2248       286.5090    
 1971   286.3825       286.3743       287.2653       288.2366       289.0095       289.5941       289.6713       289.4165       288.7224       287.8365       286.7762       286.4762    
 1972   286.1729       286.5715       287.3228       288.2946       289.0490       289.6899       289.9014       289.6497       288.8239       287.8963       287.0058       286.5246    
 1973   286.3591       286.3582       287.3458       288.2509       289.1617       289.5874       289.7718       289.3994       288.7983       287.8332       286.9057       286.3004    
 1974   286.0404       286.2475       287.0725       288.1858       289.0312       289.5714       289.8335       289.5118       288.8457       288.0297       287.1433       286.4442    
 1975   286.3177       286.6556       287.3751       288.4233       289.1762       289.6066       289.8277       289.4358       288.8064       287.9622       286.9816       286.4397    
 1976   286.1288       286.4572       287.1768       288.0091       289.0389       289.7054       289.7802       289.4839       288.8206       288.0554       287.0158       286.6143    
 1977   286.4728       286.5705       287.3834       288.3787       289.1194       289.5756       289.8528       289.2011       288.8079       287.9888       286.9008       286.3556    
 1978   285.9901       286.3748       287.1817       288.1845       289.1436       289.7388       289.9633       289.6442       288.9211       288.1235       287.1303       286.5219    
 1979   286.4794       286.8335       287.5006       288.3269       289.0527       289.4843       289.8794       289.4933       288.8629       288.0523       287.0085       286.4233    
 1980   286.3898       286.4850       287.2707       288.2610       289.1082       289.8238       290.1555       289.7324       289.2060       288.3735       287.6192       286.9796    
 1981   286.6791       286.7754       287.5864       288.5215       289.2939       289.9368       290.1185       289.6708       289.0531       288.1716       287.1018       286.2091    
 1982   286.0245       286.6702       287.3271       288.1913       289.0800       289.8457       290.1178       289.7371       288.8745       287.9162       286.9459       286.1228    
 1983   286.1379       286.2792       287.0963       288.1093       288.9478       289.5312       289.7677       289.5569       289.0031       288.1021       287.3261       286.7866    
 1984   286.3593       286.6365       287.3499       288.4196       289.1517       289.6577       289.9616       289.5245       288.8090       287.8935       286.9074       286.2708    
 1985   286.3425       286.6868       287.4599       288.2367       289.2673       289.6528       289.7336       289.4879       288.8484       288.1215       287.1582       286.5176    
 1986   286.3204       286.4619       287.2050       288.2997       289.2764       289.6984       289.9286       289.8453       289.1089       288.2707       287.3677       286.8805    
 1987   286.6926       286.8936       287.6756       288.5930       289.2087       289.8086       289.9972       289.6269       288.9517       288.0900       287.3375       286.8157    
 1988   286.6295       286.9044       287.5234       288.4092       289.1998       289.7435       290.0646       289.7147       289.0337       288.2977       287.3798       286.7403    
 1989   286.5067       286.8854       287.6649       288.5710       289.5010       290.1786       290.3322       290.0156       289.3949       288.5063       287.3703       287.0047    
 1990   286.7351       287.1522       287.7716       288.6777       289.4335       289.8837       290.3630       289.9466       289.2804       288.4789       287.3990       286.6601    
 1991   286.4540       286.7504       287.6507       288.5616       289.4542       289.9208       290.2287       289.7246       289.1203       288.1958       287.1891       286.5575    
 1992   286.3088       286.6142       287.0943       288.0583       288.9264       289.5743       289.9320       289.4352       288.6955       288.0671       287.1483       286.5118    
 1993   286.1639       286.8544       287.2577       288.6131       289.2351       289.6160       289.9288       289.5564       289.1096       288.0463       287.0170       286.2191    
 1994   286.2604       286.6063       287.3702       288.4401       289.3918       289.9143       290.0011       289.7136       289.0085       288.3849       287.1811       286.5529    
 1995   286.2681       286.6443       287.3602       288.4155       289.3263       289.9123       289.9168       289.7907       289.3424       288.5065       287.3844       287.0022    
 1996   286.8368       287.3405       287.7369       288.7592       289.6208       290.1441       290.3778       290.0083       289.3600       288.6119       287.5995       286.5855    
 1997   286.6229       286.8446       287.5793       288.5051       289.5913       290.0625       290.2688       289.9213       289.2577       288.5307       287.5692       286.9906    
 1998   286.6062       286.7635       287.8213       288.8257       289.7341       290.2891       290.4999       290.2301       289.6034       288.8386       288.0296       287.1187    
 1999   287.1031       287.2524       288.1036       288.7679       289.6423       290.1928       290.5072       290.1901       289.5753       288.5382       287.5704       286.8499    
 2000   286.5909       286.8130       287.6863       288.6537       289.5568       290.1997       290.4012       290.3655       289.6282       288.7275       287.7130       287.0275    
 2001   286.8393       287.3038       287.8552       289.0529       289.8238       290.3907       290.6271       290.2697       289.6010       288.6758       287.9357       287.3206    
 2002   286.8228       287.5974       288.0963       288.9271       289.8105       290.4974       290.8682       290.4569       289.8167       288.9966       288.0546       287.1987    
 2003   287.1352       287.3465       287.9502       289.0081       290.0531       290.3668       290.6827       290.4049       289.8027       288.8568       288.0141       287.2343    
 2004   286.9549       287.3039       287.8716       288.9976       289.8469       290.5464       290.7796       290.5334       289.9109       288.7683       287.9243       287.3730    
 2005   287.1615       287.4152       288.2574       289.4211       290.0580       290.5709       290.7771       290.6668       289.7582       288.8792       288.0273       287.3533    
 2006   287.3040       287.4226       288.1539       289.1186       289.8858       290.5457       290.8350       290.4615       289.8526       289.0157       288.0346       287.0702    
 2007   286.9987       287.1629       287.9131       288.9958       290.0217       290.6359       290.9393       290.6962       290.0378       289.2207       288.3464       287.7066    
 2008   287.3542       287.7772       288.0608       289.1599       289.9986       290.5221       290.6641       290.3934       289.6576       288.8294       287.8248       287.2887    
 2009   287.0990       287.4680       287.9011       289.0657       289.7972       290.3120       290.6796       290.4547       289.7192       288.9713       287.8979       287.3109    
 2010   287.0848       287.0203       287.6681       289.0421       289.9726       290.6032       290.8070       290.5418       289.6963       289.0977       288.0129       287.5659    
 2011   287.4208       287.5366       288.0075       289.1520       290.1112       290.6385       290.9431       290.6647       289.8352       288.8072       288.0985       287.2103    
 2012   287.2805       287.4389       287.9269       289.0461       289.9440       290.5465       290.8511       290.4791       289.8513       288.8618       288.1576       287.4547    
 2013   287.0566       287.0251       287.9176       288.9930       289.8836       290.5580       290.8350       290.4870       289.9232       288.9508       288.0511       287.5274    
 2014   287.2477       287.6032       288.3120       289.1446       290.1648       290.7856       291.0460       290.5699       290.0435       289.1167       288.1553       287.3535    
 2015   287.2520       287.3863       288.3435       289.2612       290.2153       290.7225       291.0800       290.5831       289.8903       289.1762       288.2755       287.5114    
 2016   287.2006       287.5918       288.3508       289.1750       290.1200       290.5711       290.8932       290.5732       290.0940       289.1831       288.1163       287.5070    
 2017   287.2560       287.3873       288.2777       289.1128       290.0033       290.5605       290.8096       290.4919       289.8647       289.1982       288.0092       287.2469    
 2018   287.1826       287.4662       288.2910       289.3698       290.1352       290.6731       290.9611       290.6192       289.9596       289.1443       288.2634       287.5274    
 2019   287.3152       287.6116       288.2148       289.2821       289.9937       290.7745       290.9295       290.7517       289.9505       289.1697       288.2627       287.4254    
 2020   287.1557       287.3403       288.4072       289.2592       290.2302       290.8626       291.0497       290.8065       289.9601       289.2498       288.1278       287.5119    
 2021   287.4187       287.4160       288.1104       289.0735       290.1607       290.7464       290.9968       290.7088       289.9744       289.1295       288.3226       287.6278    
 2022   287.3470       287.7063       288.2618       289.4467       290.2870       290.8514       291.1425       290.8906       290.1392       289.3044       288.3942       287.8448    
 2023   287.5313       287.8666       288.4537       289.4204       290.4583       290.8089       291.1270       290.9043       290.2365       289.3418       288.4697       287.7637    
 2024   287.4416       287.6110       288.3806       289.2991       290.0294       290.8841       291.1946       290.8738       290.1460       289.4116       288.5485       287.8285    
 2025   287.4998       287.6690       288.4482       289.4561       290.1685       290.8462       291.2825       290.9123       290.2733       289.3344       288.4503       287.8042    
 2026   287.5381       287.8526       288.5971       289.5418       290.3015       290.7451       291.1379       290.8470       290.1037       289.3057       288.4796       287.7168    
 2027   287.3224       287.6354       288.3870       289.5466       290.4045       291.1805       291.2994       291.0488       290.3994       289.3959       288.5344       287.6974    
 2028   287.6520       287.8627       288.4211       289.4834       290.4992       291.1351       291.3860       291.1955       290.2635       289.6158       288.6347       287.9980    
 2029   287.8136       287.9869       288.8396       289.7245       290.5025       291.2505       291.5016       291.1816       290.4139       289.5691       288.8880       288.2162    
 2030   287.9562       287.8246       288.8606       289.7167       290.4508       291.0090       291.1355       290.8630       289.9952       289.1361       288.4834       287.5927    
 2031   287.4878       287.6675       288.3509       289.2726       290.1877       290.8904       291.4217       291.1822       290.3537       289.6381       288.9001       287.7509    
 2032   287.7921       288.0265       288.7249       289.6987       290.4750       290.8388       291.2837       290.9437       290.0503       289.3069       288.4009       287.6629    
 2033   287.4541       287.7105       288.4089       289.4198       290.3987       290.9686       291.3365       290.9641       290.3093       289.4263       288.4532       287.9824    
 2034   287.5788       287.8382       288.6377       289.6626       290.3484       291.1476       291.5728       291.0995       290.3210       289.6492       288.9315       288.3589    
 2035   287.9830       288.0704       288.7543       289.7034       290.3862       290.9937       291.2447       291.0696       290.2073       289.4510       288.5376       287.7393    
 2036   287.5322       287.6528       288.3963       289.4382       290.2622       290.8591       291.1366       290.8777       290.2748       289.5009       288.5995       287.8681    
 2037   287.4130       288.0101       288.5267       289.5451       290.4456       291.0312       291.3161       290.8934       290.2587       289.5544       288.7050       288.0689    
 2038   287.5914       288.1019       288.8586       289.6335       290.3187       290.9671       291.1758       290.9659       290.2901       289.3766       288.4771       287.6042    
 2039   287.2588       287.5471       288.4504       289.4044       290.4510       290.9881       291.4442       290.8654       290.3781       289.4546       288.6660       287.7473    
 2040   287.7989       287.9881       288.6687       289.6134       290.4740       290.9614       291.2022       291.0867       290.2802       289.5044       288.6304       288.0072    
 2041   287.7231       287.9073       288.7667       289.6154       290.5534       291.4058       291.6104       291.2524       290.5187       289.7113       288.5980       288.0354    
 2042   287.8894       287.9311       288.5443       289.6035       290.4768       291.0104       291.4845       291.2877       290.4846       289.3836       288.6349       288.0342    
 2043   287.6720       287.8883       288.7692       289.7199       290.5437       291.1756       291.5113       291.1838       290.4670       289.6598       288.7599       288.1947    
 2044   287.9518       288.1944       288.7978       289.7197       290.5739       291.0246       291.3906       291.0615       290.2382       289.3268       288.4656       287.8036    
 2045   287.4672       287.8713       288.4734       289.4651       290.4588       291.0269       291.3813       291.0858       290.2632       289.6693       288.7338       288.2881    
 2046   287.7007       288.1904       288.7020       289.7781       290.4925       291.0261       291.3816       290.8756       290.3396       289.4160       288.3169       287.7830    
 2047   287.3356       287.6125       288.3906       289.2580       290.3432       290.9428       291.2189       290.9183       290.3003       289.4570       288.7291       288.1932    
 2048   287.7673       288.0476       288.7187       289.7760       290.5694       291.2280       291.4358       291.0190       290.3551       289.4987       288.7196       288.0630    
 2049   287.6925       287.9027       288.7625       289.6377       290.6470       290.9913       291.2565       290.9988       290.3053       289.4102       288.5855       288.1151    
 2050   287.8619       287.9479       288.3443       289.5359       290.3578       291.1151       291.2581       290.9408       290.3412       289.4702       288.3710       287.6081    
 2051   287.7361       287.9800       288.7567       289.7715       290.5776       291.0863       291.2611       291.0500       290.1485       289.2711       288.5385       287.9910    
 2052   287.6010       287.6681       288.7324       289.8022       290.4918       291.1541       291.2976       290.9850       290.3231       289.6733       288.8512       288.1115    
 2053   287.7159       288.2233       288.8169       289.7517       290.6841       291.2033       291.4783       291.1878       290.3577       289.6297       288.8511       288.1142    
 2054   287.6331       288.1884       288.6832       289.7697       290.6841       291.3749       291.3341       291.2293       290.3877       289.7214       288.8903       288.2360    
 2055   287.6289       287.9163       288.5732       289.5921       290.5707       291.1335       291.3849       290.9037       290.1762       289.4059       288.5490       287.9830    
 2056   287.7269       288.0927       288.7205       289.7445       290.5994       291.0670       291.2331       291.0746       290.4938       289.4569       288.7421       288.0597    
 2057   287.6801       288.1964       288.8235       289.7320       290.4603       291.0074       291.2400       291.0159       290.2274       289.4245       288.5180       288.0299    
 2058   287.8621       287.9166       288.6246       289.5638       290.4209       290.8878       291.0654       290.9224       290.1557       289.5051       288.6138       288.1135    
 2059   287.9236       288.0654       288.8186       289.7329       290.4766       291.1047       291.3098       290.8219       290.2896       289.4304       288.7947       288.2859    
 2060   288.0777       288.1606       288.7049       289.5364       290.3882       290.9193       291.2396       290.7332       289.9343       289.2169       288.3977       287.8628    
 2061   287.4344       287.7022       288.5058       289.6033       290.3601       290.8674       291.2094       290.8943       290.2795       289.3608       288.4670       288.2229    
 2062   287.9338       288.0262       288.6910       289.7672       290.3550       290.9481       291.1465       290.8324       290.0989       289.2983       288.4793       287.8527    
 2063   287.9005       287.8430       288.5374       289.5245       290.3891       290.8234       291.1733       290.8518       290.2308       289.4903       288.3885       287.9499    
 2064   287.6365       288.1433       288.5659       289.3778       290.3743       290.8803       291.1256       290.8625       290.0138       289.2513       288.6790       288.0778    
 2065   287.7283       287.8137       288.5084       289.4718       290.2687       290.8711       291.0692       290.8074       290.0427       289.3740       288.3749       287.8845    
 2066   287.6458       287.8794       288.4243       289.5251       290.4700       291.0547       291.2654       290.9067       290.3776       289.4723       288.7072       287.9138    
 2067   287.7629       288.1945       288.6264       289.6584       290.4790       290.9940       291.2070       290.8474       289.9830       289.3791       288.4093       287.6519    
 2068   287.5955       287.8277       288.5342       289.4825       290.3377       290.9776       291.1506       290.8701       290.0695       289.2978       288.3733       287.6989    
 2069   287.5178       288.0167       288.7792       289.6889       290.4123       291.0235       291.1317       290.7232       290.0550       289.2481       288.5484       287.9587    
 2070   287.6255       287.9619       288.4600       289.3620       290.4325       290.8879       291.0803       290.8868       290.0976       289.2296       288.6584       287.9186    
 2071   287.8132       288.0427       288.5681       289.5885       290.3492       290.8248       291.1340       290.9108       290.1384       289.4315       288.4301       287.6066    
 2072   287.3188       287.8223       288.4629       289.5784       290.5025       290.8837       291.1646       290.8545       290.2637       289.3428       288.7456       287.9563    
 2073   287.7590       288.0052       288.6534       289.4483       290.4865       291.0349       291.2509       290.8068       290.0828       289.3557       288.4107       287.8871    
 2074   287.6090       288.1061       288.4831       289.3186       290.3456       290.6924       291.0190       290.5526       289.9911       289.2418       288.3217       287.6531    
 2075   287.4485       287.7596       288.3578       289.3056       290.0910       290.7296       290.9176       290.8086       289.9902       289.3706       288.2579       287.7080    
 2076   287.6566       288.0643       288.7082       289.4774       290.2322       290.7436       291.1691       290.8763       290.2282       289.2859       288.3656       287.9326    
 2077   287.4543       287.8927       288.5878       289.5287       290.4498       290.9257       291.2261       291.0015       290.1647       289.3669       288.4636       288.0027    
 2078   287.5249       288.1410       288.6038       289.3570       290.2162       290.9833       291.2116       290.9364       290.2879       289.5172       288.7043       288.2861    
 2079   287.8509       287.8983       288.4627       289.6126       290.2592       290.9077       291.0766       290.7599       289.9458       289.2724       288.2849       287.7786    
 2080   287.5309       287.8420       288.6391       289.4040       290.2218       290.7043       290.9466       290.5743       289.9958       289.1449       288.3941       287.8229    
 2081   287.5501       287.8911       288.3929       289.4096       290.3391       290.8578       291.1157       290.7110       290.0151       289.3219       288.5697       287.9133    
 2082   287.5029       287.6387       288.5264       289.6714       290.3797       290.9150       291.0769       290.8821       290.2477       289.4157       288.5328       287.8154    
 2083   287.5266       287.7469       288.4612       289.4130       290.3134       290.8884       291.1258       291.0561       290.2703       289.6390       288.9257       288.2025    
 2084   287.8495       288.0894       288.7053       289.5661       290.1969       290.7707       290.9147       290.8943       290.1409       289.2951       288.4386       287.6167    
 2085   287.2506       287.5349       288.4057       289.2950       290.3152       290.7866       290.9347       290.6887       290.2398       289.2024       288.5387       287.8513    
 2086   287.6019       287.9263       288.6548       289.6396       290.4326       290.9065       291.1077       290.6416       289.9294       289.1719       288.5247       287.7554    
 2087   287.6103       287.8460       288.4777       289.3519       290.2286       290.7698       291.0390       290.6566       290.0732       289.2931       288.3811       287.8129    
 2088   287.3330       287.7844       288.5076       289.3274       290.2379       290.8077       291.1638       290.7439       290.0897       289.3381       288.5333       288.0617    
 2089   287.4845       287.8430       288.4507       289.3671       290.3012       290.7076       290.8105       290.5489       290.0285       289.2617       288.3828       287.4078    
 2090   287.2123       287.7266       288.5936       289.4063       290.1727       290.7493       291.0689       290.9039       289.9994       289.3167       288.3501       287.9717    
 2091   287.4225       287.8755       288.5695       289.4080       290.2554       291.0051       291.1951       290.8738       290.2166       289.5087       288.4004       287.7894    
 2092   287.8578       288.1263       288.6477       289.5143       290.3468       290.9395       291.0373       290.7311       289.8976       289.3073       288.3886       287.7068    
 2093   287.0642       287.8920       288.2659       289.2922       290.1082       290.6866       291.1318       290.7976       290.2035       289.3627       288.5305       288.2617    
 2094   288.0226       287.7237       288.8242       289.5776       290.2243       290.7052       290.9303       290.5747       290.1104       289.0793       288.2304       287.4958    
 2095   287.2321       287.4401       288.3145       289.2749       290.0764       290.6690       290.8936       290.7878       290.1328       289.3021       288.5366       287.9533    
 2096   287.4977       287.9193       288.5150       289.4379       290.3312       290.8507       291.1032       290.8357       290.2260       289.2927       288.5546       287.7938    
 2097   287.4443       287.7039       288.3956       289.3374       290.3357       290.7286       290.9355       290.7809       290.0534       289.3015       288.3906       287.9260    
 2098   287.7196       287.6204       288.5934       289.4363       290.4171       290.7931       291.0059       290.5898       290.0247       289.1341       288.2447       287.5184    
 2099   287.3112       287.6990       288.3318       289.2145       290.2491       290.7846       290.9121       290.6096       290.0014       289.3159       288.4719       287.7465    
 2100   287.4692       287.6894       288.6051       289.4531       290.3235       290.8574       290.9487       290.6797       289.9576       289.2796       288.3357       287.8367    
