# <a href=http://cmip-pcmdi.llnl.gov/cmip5/>CMIP5</a> global mean temperature computed at <a href=http://www.knmi.nl/selectfield_cmip5.cgi?someone@somewhere>KNMI Climate Explorer</a> tas_Amon_GISS-E2-R_rcp26_r1i1p2
# tas [K] from GISS-E2-R model output prepared for CMIP5 RCP2.6 r1i1p2
# cutting out region lon=    0.000  360.000, lat=  -90.000   90.000
 1850   285.5558       285.9680       286.7013       287.6180       288.5011       289.1128       289.4503       289.3188       288.7464       287.6106       286.5843       285.8777    
 1851   285.7262       286.1625       286.9765       288.0052       288.7431       289.2306       289.4970       289.4657       288.8970       287.7325       286.4802       285.6535    
 1852   285.6680       286.0664       286.6983       287.8909       288.6835       289.2298       289.4870       289.3988       288.7149       287.7231       286.5465       285.7722    
 1853   285.7340       286.2280       287.1306       287.9811       288.7093       289.2288       289.6146       289.4348       288.7303       287.6133       286.4259       285.7766    
 1854   285.6812       286.0865       286.6001       287.5069       288.5049       289.0142       289.3074       289.2236       288.6042       287.5554       286.3445       285.6732    
 1855   285.6066       285.9890       286.6987       287.5921       288.5291       289.0804       289.3250       289.2959       288.7953       287.5691       286.4774       285.8519    
 1856   285.7766       286.0027       286.7296       287.6539       288.5883       289.0423       289.3680       289.2785       288.6130       287.4954       286.3049       285.6407    
 1857   285.4182       285.7109       286.7445       287.5553       288.5214       288.8308       289.1740       289.0994       288.4913       287.4661       286.3053       285.5611    
 1858   285.6521       285.9225       286.7934       287.6544       288.4533       288.8578       289.2184       289.0911       288.5753       287.5022       286.3439       285.6090    
 1859   285.4568       285.9470       286.6963       287.6097       288.3532       289.0129       289.2072       289.2141       288.6438       287.5346       286.2836       285.7052    
 1860   285.7068       286.1075       286.7643       287.7032       288.5577       289.0868       289.3713       289.2383       288.6913       287.5885       286.5979       285.8021    
 1861   285.8529       286.2573       286.9812       287.8300       288.6206       289.2104       289.5026       289.3044       288.6539       287.5437       286.3866       285.7969    
 1862   285.4301       285.8660       286.7325       287.5884       288.5460       288.9288       289.3520       289.3001       288.6113       287.6300       286.3835       285.6616    
 1863   285.7130       286.0228       286.7830       287.6826       288.6548       289.2321       289.5051       289.2746       288.7114       287.5707       286.3020       285.5222    
 1864   285.4899       285.9207       286.6732       287.7935       288.6961       289.1859       289.5485       289.3505       288.8468       287.7292       286.5264       285.8296    
 1865   285.5781       285.9935       286.6925       287.6421       288.5710       288.9801       289.3988       289.2349       288.5153       287.5178       286.3752       285.5385    
 1866   285.2928       285.6183       286.5851       287.6423       288.4332       289.0208       289.3043       289.1156       288.5038       287.4086       286.3176       285.6179    
 1867   285.5561       285.9713       286.6371       287.6200       288.6087       289.1982       289.4308       289.3209       288.6453       287.6557       286.5665       285.9108    
 1868   285.7671       286.2289       286.8412       287.9324       288.7314       289.2833       289.5620       289.4318       288.6777       287.7207       286.6933       285.7731    
 1869   285.7362       286.0444       286.7182       287.7918       288.6860       289.2094       289.5369       289.4617       288.9478       287.8795       286.7044       286.0245    
 1870   286.0112       286.3090       286.9929       288.0097       288.9037       289.3491       289.5738       289.4688       288.8915       287.8761       286.6912       285.9489    
 1871   285.7492       286.1028       286.8181       287.7229       288.6304       289.1479       289.5494       289.4913       288.8164       287.8077       286.6317       286.1357    
 1872   286.1039       286.1358       287.0145       288.0348       288.7444       289.2986       289.5275       289.4800       288.9009       287.8384       286.5772       285.8808    
 1873   285.6563       286.2528       286.9496       287.9243       288.7169       289.3016       289.5606       289.5046       288.8573       287.7916       286.7716       285.8487    
 1874   285.8904       286.1805       286.9909       287.8864       288.7541       289.2572       289.5326       289.4477       288.8022       287.7689       286.6373       285.7322    
 1875   285.7978       286.1691       287.0136       287.9155       288.7556       289.1730       289.4235       289.3531       288.7975       287.7261       286.6173       285.8757    
 1876   285.7014       286.1290       287.0504       287.8994       288.7476       289.3042       289.4897       289.3305       288.7559       287.7324       286.6575       285.8169    
 1877   285.5190       286.0538       286.9427       287.9288       288.7514       289.3284       289.4844       289.3418       288.7070       287.7997       286.6550       285.9317    
 1878   285.8041       286.1682       286.6876       287.6671       288.5605       289.0812       289.4227       289.3524       288.8725       287.6610       286.5471       285.7678    
 1879   285.6616       286.0931       286.8404       287.7597       288.5726       289.1258       289.4105       289.4589       288.7562       287.6410       286.4821       285.8079    
 1880   285.6550       285.9794       287.0760       287.8307       288.7686       289.1501       289.6185       289.4146       288.8267       287.8101       286.5213       285.9315    
 1881   285.7010       286.2663       287.1477       288.0167       288.9044       289.3639       289.6312       289.4573       288.8391       287.7797       286.6084       285.8960    
 1882   285.6571       286.0752       286.8793       287.8423       288.5704       289.1890       289.4013       289.3734       288.7038       287.8495       286.6609       285.8326    
 1883   285.7337       286.0005       286.7083       287.9938       288.7261       289.1540       289.6365       289.4407       288.8373       287.8033       286.5130       285.7897    
 1884   285.5270       285.6663       286.7193       287.4969       288.3517       288.8212       289.1366       289.0603       288.3364       287.3585       286.1275       285.3152    
 1885   285.3420       285.6086       286.3180       287.4512       288.2745       288.7971       289.1872       289.0867       288.4796       287.4933       286.3228       285.7430    
 1886   285.6164       286.0486       286.6764       287.7249       288.5329       289.0067       289.4698       289.3075       288.6061       287.6080       286.4339       285.7221    
 1887   285.4915       285.9275       286.7507       287.5879       288.5342       288.9930       289.2539       289.1379       288.6408       287.5091       286.2741       285.6300    
 1888   285.5407       285.8733       286.8776       287.8385       288.5739       289.0416       289.3214       289.1147       288.6016       287.5839       286.3896       285.6513    
 1889   285.3466       285.7848       286.6439       287.4830       288.4596       288.9066       289.1840       289.2279       288.6989       287.6233       286.4368       285.6110    
 1890   285.5005       285.9581       286.7829       287.7358       288.6276       289.1991       289.4814       289.4022       288.5837       287.6159       286.5511       285.7451    
 1891   285.6850       285.8441       286.7302       287.8411       288.6605       289.1166       289.4371       289.3466       288.6607       287.5290       286.4335       285.6294    
 1892   285.3129       285.6942       286.5992       287.7436       288.6359       289.1515       289.4673       289.3817       288.7822       287.6153       286.4654       285.6208    
 1893   285.5348       285.9164       286.7704       287.6916       288.6581       289.1455       289.4780       289.3757       288.6964       287.6706       286.6313       285.8771    
 1894   285.6482       285.9805       286.7312       287.8147       288.8098       289.2721       289.6199       289.4457       288.8574       287.8885       286.6600       285.9604    
 1895   285.8654       286.3392       286.9537       287.9841       288.8670       289.3761       289.4178       289.4121       288.7923       287.8625       286.6392       286.0496    
 1896   285.7361       286.2166       286.8594       287.9304       288.6354       289.1026       289.4726       289.3795       288.8244       287.7215       286.5623       285.7495    
 1897   285.6855       286.1304       286.9496       287.9584       288.7334       289.2662       289.6072       289.5637       288.8197       287.7729       286.5441       285.7078    
 1898   285.7076       286.0970       286.8183       287.7941       288.6285       289.0610       289.5523       289.4354       288.7933       287.8280       286.6309       285.9891    
 1899   285.9507       286.3026       286.9864       287.9641       288.6997       289.1552       289.5175       289.3419       288.8607       287.8256       286.6430       285.9046    
 1900   285.7990       286.3169       287.0147       287.8604       288.6812       289.2016       289.4786       289.3470       288.7750       287.7450       286.6598       285.9311    
 1901   285.7511       286.2682       286.8457       287.9293       288.6627       289.1666       289.5336       289.2364       288.7483       287.6351       286.5442       285.8385    
 1902   285.7684       285.9708       286.7958       287.7418       288.6154       289.1376       289.4502       289.3300       288.6874       287.7225       286.6046       285.8241    
 1903   285.7424       286.1220       286.8059       287.8174       288.6467       289.1419       289.2331       289.1870       288.5863       287.5263       286.4858       285.7532    
 1904   285.5956       285.9221       286.7032       287.6404       288.4839       289.0928       289.3452       289.2577       288.6127       287.5681       286.6259       285.8507    
 1905   285.7897       286.0781       286.8274       287.9443       288.6712       289.1145       289.5529       289.2777       288.6606       287.6662       286.5417       285.8039    
 1906   285.6719       286.0129       287.0042       287.9322       288.5967       289.1399       289.3397       289.1656       288.5778       287.6186       286.4054       285.6964    
 1907   285.5393       285.9827       286.7934       287.7275       288.5279       289.0851       289.3388       289.2617       288.6462       287.6276       286.6255       285.9504    
 1908   285.7941       286.2052       286.9388       287.9072       288.6873       289.1800       289.2858       289.1719       288.6302       287.5968       286.4946       285.7907    
 1909   285.6521       286.0184       286.8278       287.6776       288.5245       289.1440       289.4237       289.2415       288.7579       287.7432       286.5848       285.8817    
 1910   285.7935       286.0799       286.9853       287.8074       288.6918       289.1554       289.4735       289.2756       288.8287       287.7827       286.6439       285.8933    
 1911   285.8165       286.1192       286.9060       287.8961       288.7015       289.2131       289.6231       289.5058       288.8508       287.8743       286.7694       285.9207    
 1912   286.0238       286.1062       286.9696       287.9655       288.8547       289.3966       289.4885       289.3658       288.6218       287.6576       286.4088       285.8376    
 1913   285.7244       285.9451       286.8736       287.7722       288.5893       289.0287       289.2925       289.2119       288.5894       287.5951       286.3761       285.6861    
 1914   285.6281       286.1221       286.9099       287.7672       288.5812       289.1232       289.4516       289.3980       288.6797       287.7379       286.5504       285.8622    
 1915   285.8359       286.1750       286.9017       287.8881       288.6942       289.1509       289.4943       289.5434       288.8321       287.7765       286.6195       285.7607    
 1916   285.6418       286.1375       286.7994       287.8518       288.8404       289.3012       289.5533       289.3951       288.7424       287.6990       286.6853       285.9689    
 1917   285.6996       286.0814       286.8326       287.8718       288.7152       289.1728       289.4736       289.5398       288.9021       287.8847       286.6824       285.9456    
 1918   285.8329       286.0900       287.0748       287.9470       288.7869       289.2581       289.5204       289.6129       288.8160       287.7552       286.6976       286.0021    
 1919   285.8604       286.2572       286.9620       288.0220       288.7723       289.2996       289.4385       289.3047       288.7556       287.7590       286.7483       285.9653    
 1920   285.7594       286.1923       286.9167       287.8053       288.6277       289.1282       289.3755       289.4135       288.7178       287.8879       286.7166       285.9200    
 1921   285.8835       286.0814       286.9199       287.8665       288.7956       289.1805       289.4162       289.2948       288.7382       287.7581       286.5722       286.1953    
 1922   285.9222       286.4016       287.1009       288.0216       288.7053       289.2285       289.5708       289.4447       288.9436       287.8011       286.6818       285.9477    
 1923   285.7659       286.1991       287.1709       288.0235       288.7166       289.1846       289.5169       289.5185       288.8306       287.8194       286.6995       285.9044    
 1924   285.9300       286.3184       287.0919       288.0600       288.9285       289.4069       289.5200       289.3308       288.7050       287.7383       286.5752       285.8971    
 1925   285.7586       286.0262       286.8222       287.8936       288.6378       289.1345       289.4049       289.3727       288.6559       287.7541       286.6571       286.0432    
 1926   285.8488       286.2968       287.0378       287.9534       288.7108       289.1921       289.4618       289.4115       288.8428       287.8606       286.7045       286.0934    
 1927   285.9362       286.3608       287.2327       288.0975       288.8124       289.2529       289.5389       289.4176       288.8202       287.8825       286.8074       286.0736    
 1928   286.0070       286.3771       286.9475       287.8382       288.6799       289.2387       289.4429       289.3577       288.7738       287.9258       286.7674       286.1112    
 1929   285.7666       286.2825       287.1247       287.9933       288.7400       289.1691       289.5399       289.5287       288.9670       287.9768       286.7924       286.2332    
 1930   286.0046       286.3000       287.0930       288.0037       288.7820       289.3426       289.6227       289.5845       288.9245       287.8208       286.7543       286.0700    
 1931   285.8693       286.1674       286.9890       287.9759       288.8771       289.3913       289.6377       289.7268       289.0091       287.9739       286.9233       286.3082    
 1932   285.9289       286.2665       287.1416       288.1097       288.9476       289.5400       289.8065       289.6295       289.0860       287.9575       286.6835       286.1822    
 1933   286.0825       286.1409       287.0491       287.8564       288.7326       289.2537       289.5976       289.5840       289.0675       287.9686       286.6780       286.0347    
 1934   285.8378       286.3294       287.1302       288.0038       288.8963       289.4952       289.6985       289.6432       289.0511       288.0930       286.8567       286.1788    
 1935   286.2367       286.4561       287.2808       288.0946       288.9897       289.3443       289.7494       289.6477       289.0080       287.9015       286.7646       286.1427    
 1936   285.8960       286.3532       287.0366       288.0089       288.8356       289.4780       289.7057       289.6560       289.1076       288.0386       286.7585       286.2106    
 1937   286.1248       286.6755       287.1883       288.0430       288.8091       289.4040       289.8483       289.6148       289.0958       288.0849       286.9056       286.2238    
 1938   286.2059       286.5418       287.2825       288.0723       288.8769       289.4261       289.6761       289.6723       289.0848       288.0787       286.8691       286.0490    
 1939   286.0263       286.4028       287.1233       288.1323       288.8578       289.4611       289.7979       289.7237       289.1262       288.0447       286.7337       286.1652    
 1940   285.9314       286.2363       287.2087       288.0859       288.9271       289.4279       289.6555       289.5737       289.0198       287.9198       286.9294       286.1033    
 1941   286.0454       286.5135       287.2773       288.2230       289.0187       289.6349       289.8127       289.6832       289.0062       287.9474       286.8899       286.1986    
 1942   285.9892       286.3891       287.1800       288.1223       288.9099       289.4587       289.6359       289.5379       288.8629       287.9344       286.8370       285.8181    
 1943   286.0154       286.1958       286.8581       287.9026       288.7693       289.2436       289.5909       289.5384       288.9132       287.9481       286.8466       286.2502    
 1944   286.1519       286.4483       287.1068       288.0818       288.9286       289.3737       289.6439       289.6293       289.0793       288.0921       286.7639       286.1868    
 1945   286.0662       286.2523       287.1306       288.1136       288.8301       289.4266       289.7031       289.6909       289.1169       287.9732       286.8098       286.0923    
 1946   285.9432       286.0169       287.0355       287.9965       288.8928       289.3896       289.8687       289.6540       289.0578       287.9824       286.8880       286.1399    
 1947   286.0775       286.4377       287.1446       288.1196       288.9200       289.5011       289.8914       289.7443       289.0582       288.1147       286.9228       285.9624    
 1948   285.9735       286.3898       287.1494       288.1386       289.1195       289.6213       290.0072       289.7327       289.1031       288.0893       286.9048       286.0411    
 1949   285.9560       286.3696       287.0903       288.1341       288.9115       289.5441       289.7938       289.7484       289.1595       288.1643       286.9695       286.2671    
 1950   286.1376       286.4246       287.2773       288.1751       288.9670       289.4295       289.7126       289.6307       288.9610       287.7879       286.6046       286.0756    
 1951   285.9268       286.1915       286.9614       288.0106       288.7628       289.3031       289.6494       289.6456       288.8640       287.8870       286.8745       286.0509    
 1952   285.8800       286.2284       287.1069       288.0329       288.8979       289.3547       289.7343       289.6433       289.0541       287.9253       286.7720       286.1866    
 1953   286.0675       286.4054       287.1294       288.0802       288.9150       289.3576       289.6403       289.5816       289.0189       287.9503       286.8999       286.0928    
 1954   286.1631       286.5284       287.2398       288.1510       288.9990       289.4135       289.6427       289.6754       289.0038       288.0006       286.9190       286.2719    
 1955   286.0757       286.4665       287.0666       288.0651       288.9267       289.3689       289.6523       289.7185       289.0107       288.0183       286.8965       286.1749    
 1956   286.0818       286.3540       287.1328       288.1564       288.8215       289.3751       289.7536       289.5583       289.0096       287.8575       286.7296       286.2786    
 1957   285.8655       286.2818       287.2021       287.9703       288.8203       289.3322       289.6403       289.6251       288.9849       287.9982       286.8526       286.2734    
 1958   286.0948       286.4102       287.1118       288.1578       289.0009       289.4842       289.9169       289.7069       289.1403       288.0221       286.8250       286.1376    
 1959   285.9841       286.3301       287.0475       288.1431       288.9048       289.3949       289.7579       289.8275       289.1296       288.1066       286.9113       286.2677    
 1960   286.1072       286.3323       287.2166       287.9760       288.9984       289.4836       289.7710       289.6394       289.0035       287.9568       286.9492       286.2285    
 1961   286.1262       286.3798       287.0947       288.0747       288.7970       289.4243       289.8047       289.7454       289.0805       288.1430       286.9468       286.2614    
 1962   286.1075       286.4050       287.2111       288.1568       288.9413       289.4627       289.7292       289.6211       289.0411       288.0502       286.8866       286.1140    
 1963   285.9694       286.3178       287.1250       288.0642       288.8873       289.4212       289.7785       289.6524       289.0547       288.0745       286.9081       286.0988    
 1964   286.0440       286.3617       287.0676       288.0482       288.6919       289.2185       289.4530       289.3779       288.8663       287.8367       286.6740       286.0710    
 1965   285.7642       286.1562       286.9141       287.9779       288.7149       289.1541       289.4336       289.4790       288.8302       287.8154       286.8127       285.9041    
 1966   286.0706       286.3342       286.9654       288.1866       288.7887       289.2724       289.5768       289.5692       289.0215       287.9174       286.7146       286.1377    
 1967   286.0487       286.4514       287.0573       288.1743       288.9371       289.3928       289.6246       289.6241       288.9227       287.8844       286.9059       286.2233    
 1968   286.0486       286.4944       287.2170       288.1439       288.9757       289.4766       289.7018       289.6187       289.0369       288.0426       286.8900       286.2046    
 1969   286.2245       286.2905       287.1549       288.0470       288.9174       289.2546       289.5486       289.4494       288.8579       287.8427       286.8185       286.0158    
 1970   285.8704       286.1546       286.8811       287.8548       288.8021       289.2411       289.6667       289.4832       288.9159       287.9178       286.9183       286.1605    
 1971   285.9987       286.4844       287.2341       288.2721       288.9242       289.4159       289.7254       289.6547       289.0357       288.0324       286.8552       286.1754    
 1972   286.1153       286.4360       287.2764       288.1964       289.0445       289.4857       289.9002       289.6588       289.0820       288.0490       287.0782       286.2717    
 1973   286.2337       286.6280       287.2605       288.2232       288.9388       289.4706       289.7218       289.7007       288.9788       288.0188       286.9143       286.0824    
 1974   285.8655       286.2226       287.0236       287.9955       288.9273       289.4120       289.7266       289.7016       289.0159       288.0107       286.9879       286.1485    
 1975   286.0560       286.4774       287.1759       288.3148       288.9768       289.4058       289.7304       289.5911       289.0509       288.0446       286.9093       286.1563    
 1976   285.9380       286.6215       287.3082       288.0886       288.9305       289.4954       289.7189       289.6419       288.9780       287.9830       286.7802       286.1063    
 1977   285.9811       286.4229       287.0884       287.9815       288.7655       289.3327       289.6438       289.3801       288.9102       288.0481       286.7548       286.0607    
 1978   286.2063       286.5255       287.2752       288.1221       289.0621       289.5603       289.8261       289.6779       289.1118       288.1629       287.0630       286.3444    
 1979   286.3689       286.7083       287.3210       288.2204       288.9887       289.4828       289.8128       289.6593       289.0894       288.0909       286.8263       286.0847    
 1980   286.0489       286.5842       287.3543       288.1719       289.0744       289.4481       289.7878       289.7664       289.1898       288.2165       286.9828       286.3748    
 1981   286.2846       286.6611       287.4988       288.2961       289.0191       289.6188       290.0111       289.8782       289.3206       288.2482       287.1606       286.5044    
 1982   286.3728       286.6525       287.3428       288.2453       289.0121       289.5779       289.8530       289.7032       289.0789       288.0344       286.8680       286.2171    
 1983   286.0914       286.3790       287.2394       288.0028       288.8239       289.2770       289.6249       289.5437       288.8533       287.9249       286.9398       286.0896    
 1984   286.0132       286.3944       286.9319       287.8913       288.8775       289.4098       289.7511       289.6154       289.0422       288.0328       286.8513       286.2224    
 1985   286.0035       286.2956       287.1628       288.0588       288.7869       289.3852       289.6902       289.5695       289.0424       288.1460       286.9720       286.4444    
 1986   286.0735       286.6085       287.1328       288.1132       289.0093       289.5343       289.8554       289.7993       289.2152       288.0918       286.9495       286.3732    
 1987   286.2465       286.5515       287.2133       288.1548       288.8871       289.4282       289.7280       289.6337       289.1632       288.0547       286.9846       286.2311    
 1988   286.3069       286.5530       287.2763       288.2273       288.9711       289.5183       289.7591       289.8518       289.2640       288.1747       286.9932       286.2659    
 1989   286.2853       286.4331       287.2910       288.1458       289.0572       289.6684       289.9243       289.7871       289.2118       288.1855       287.2417       286.3663    
 1990   286.2303       286.7108       287.4373       288.2879       289.0860       289.6428       289.9870       289.8451       289.3664       288.2661       287.1975       286.3746    
 1991   286.1693       286.3841       287.4288       288.2921       289.0541       289.5826       289.8949       289.7706       289.0956       288.0353       286.8013       285.9942    
 1992   285.8037       286.2124       286.8595       287.6865       288.5995       289.0989       289.4787       289.3548       288.7175       287.7288       286.7104       285.8763    
 1993   285.8025       286.2250       286.9041       287.8760       288.7848       289.3652       289.5764       289.5474       288.8908       287.8089       286.7573       286.1142    
 1994   286.0438       286.4973       287.1904       288.0811       288.8332       289.4097       289.6855       289.6545       289.1479       288.0476       286.9262       286.1623    
 1995   286.2479       286.6703       287.2934       288.1855       289.0585       289.4750       289.9045       289.8488       289.2213       288.1312       287.0301       286.1061    
 1996   286.0063       286.4723       287.0961       288.0392       289.0539       289.5655       289.8227       289.7219       289.2687       288.3133       287.1977       286.3130    
 1997   286.1604       286.5522       287.1973       288.3483       289.1773       289.7016       289.9036       289.8547       289.2909       288.4243       287.2659       286.4391    
 1998   286.2396       286.5824       287.2646       288.2887       289.1998       289.6015       289.9402       289.8657       289.2103       288.2194       287.0838       286.2165    
 1999   286.2249       286.4346       287.3715       288.2112       289.0842       289.7293       290.1461       290.0114       289.4887       288.3802       287.2038       286.5313    
 2000   286.3653       286.6535       287.3333       288.3955       289.1472       289.8003       290.0440       290.0654       289.3036       288.4313       287.3055       286.5064    
 2001   286.4838       286.8141       287.5397       288.2992       289.2563       289.8242       290.1297       290.0240       289.4426       288.4733       287.3021       286.6939    
 2002   286.3601       286.6687       287.4775       288.4890       289.3222       289.7986       290.1632       290.1531       289.5000       288.5388       287.3415       286.6789    
 2003   286.6911       286.9298       287.7729       288.7739       289.4226       289.9308       290.1659       290.2255       289.5641       288.6182       287.5061       286.8932    
 2004   286.5387       286.8818       287.7698       288.6182       289.3421       289.9316       290.2828       290.1445       289.5370       288.4211       287.3155       286.6963    
 2005   286.4782       286.9522       287.6077       288.5146       289.3323       289.8688       290.2230       290.1792       289.5962       288.5942       287.5109       286.6655    
 2006   286.4646       286.9106       287.6135       288.4715       289.3715       289.8900       290.2033       290.0952       289.5492       288.5016       287.3894       286.6840    
 2007   286.4067       286.8556       287.5721       288.4285       289.3275       289.8353       290.1020       290.0465       289.5481       288.5494       287.5260       286.8235    
 2008   286.5208       287.0035       287.6154       288.6254       289.4328       289.8966       290.2203       290.1451       289.5073       288.5208       287.5292       286.8376    
 2009   286.6417       286.8736       287.6785       288.6627       289.5611       290.0065       290.2769       290.2155       289.5246       288.5720       287.6056       286.8870    
 2010   286.6107       286.8300       287.6825       288.5755       289.3897       289.9951       290.2053       290.2654       289.6371       288.5989       287.5108       286.7799    
 2011   286.5880       286.9203       287.5568       288.5114       289.3881       289.9999       290.2530       290.2231       289.6002       288.6943       287.4608       286.8741    
 2012   286.6224       286.8612       287.6635       288.6246       289.5597       290.0135       290.3787       290.2308       289.5834       288.6577       287.6081       286.7912    
 2013   286.5998       286.9723       287.7342       288.5711       289.4687       290.0259       290.3324       290.1546       289.6823       288.7270       287.5124       286.8522    
 2014   286.7976       287.0442       287.8432       288.6282       289.4113       289.9692       290.2676       290.1721       289.4742       288.6434       287.4413       286.8155    
 2015   286.6228       286.9571       287.7296       288.7141       289.5160       289.9601       290.3977       290.3464       289.7131       288.8061       287.7920       286.8524    
 2016   286.7404       286.9566       287.8250       288.7323       289.5428       290.0775       290.3123       290.4175       289.7353       288.7551       287.6082       286.8795    
 2017   286.6912       286.9917       287.6410       288.7531       289.4820       290.0193       290.2915       290.1978       289.5933       288.6898       287.6639       286.8473    
 2018   286.8084       287.1054       287.8093       288.8495       289.6407       290.1377       290.4197       290.3268       289.8168       288.7715       287.6508       286.9835    
 2019   286.7632       286.9730       287.7693       288.7023       289.4448       290.0768       290.4183       290.1846       289.7296       288.7170       287.6023       286.9868    
 2020   286.7022       286.9740       287.7778       288.7939       289.5294       290.0488       290.3763       290.2510       289.6641       288.8730       287.6561       287.0909    
 2021   286.7121       287.0414       287.7517       288.7116       289.4720       289.9647       290.2740       290.2689       289.5749       288.6972       287.4944       286.7144    
 2022   286.5217       286.9733       287.6712       288.6611       289.4975       290.1130       290.4075       290.4265       289.7137       288.8264       287.7315       286.9890    
 2023   286.9807       287.3318       288.0558       288.8681       289.5691       290.1529       290.4333       290.3910       289.7810       288.8303       287.6429       287.0076    
 2024   286.8144       287.2032       287.9338       288.8442       289.6329       290.1377       290.4190       290.4521       289.8327       288.9132       287.6812       287.1035    
 2025   286.8576       287.3002       287.8319       288.8768       289.6669       290.1381       290.3438       290.2771       289.7020       288.8061       287.6486       286.8117    
 2026   286.5545       287.0860       287.7900       288.7254       289.5998       289.9732       290.2689       290.1678       289.7004       288.7924       287.5923       286.9140    
 2027   286.6552       286.9999       287.6610       288.7085       289.5006       289.9958       290.2582       290.1876       289.6407       288.6100       287.7032       287.1180    
 2028   286.8015       287.1383       287.7259       288.6241       289.5638       290.1021       290.4107       290.2276       289.7046       288.6782       287.5958       286.8963    
 2029   286.7465       286.9026       287.6902       288.5388       289.4908       290.0233       290.3972       290.2270       289.6996       288.6775       287.5778       286.8951    
 2030   286.7425       287.2361       287.8725       288.7219       289.5641       290.0394       290.3817       290.3176       289.6516       288.7937       287.6214       287.0216    
 2031   286.8672       287.1870       287.8124       288.5871       289.5665       290.0418       290.2609       290.2994       289.7285       288.8228       287.6822       286.9925    
 2032   286.7489       287.0571       287.7990       288.7047       289.5737       290.1169       290.3823       290.2329       289.7008       288.6877       287.6116       286.9672    
 2033   286.8916       287.1559       288.0128       288.8149       289.6275       290.1610       290.3817       290.1514       289.6447       288.7319       287.6473       286.9695    
 2034   286.7765       287.1313       287.7755       288.6733       289.4247       289.9353       290.2452       290.0744       289.5179       288.5764       287.6506       286.9299    
 2035   286.9011       287.1078       287.6865       288.6703       289.3212       289.9902       290.3535       290.1911       289.6577       288.7365       287.7226       287.0434    
 2036   286.7349       287.3349       287.7207       288.7204       289.5262       290.0621       290.4011       290.3148       289.7787       288.7728       287.6860       287.1462    
 2037   286.9724       287.1831       287.9043       288.7096       289.6882       290.2104       290.6051       290.3953       289.7906       288.8445       287.7546       287.0917    
 2038   287.0179       287.2094       287.8694       288.9040       289.6569       290.2837       290.5729       290.4572       289.7952       288.8500       287.7491       287.0564    
 2039   286.8828       287.1505       287.6997       288.7171       289.6039       290.1006       290.3398       290.3511       289.6924       288.7597       287.6917       286.9377    
 2040   286.7283       287.2467       287.6639       288.5781       289.4897       290.0398       290.3932       290.3332       289.6455       288.7533       287.7188       286.9484    
 2041   286.8127       287.0949       287.8689       288.8670       289.5773       290.0619       290.3937       290.4127       289.7541       288.7969       287.6607       286.7707    
 2042   286.5993       287.0961       287.7194       288.7635       289.5126       290.0518       290.3044       290.2074       289.7979       288.6513       287.6340       286.9106    
 2043   286.6944       286.9782       287.7030       288.5139       289.3355       289.9515       290.2802       290.2021       289.6576       288.8102       287.6224       287.0391    
 2044   286.6853       287.1006       287.8223       288.6438       289.5295       290.0591       290.4252       290.3118       289.6859       288.6717       287.4652       286.7306    
 2045   286.6397       286.7653       287.7394       288.5854       289.4255       290.0203       290.3091       290.3036       289.6845       288.7289       287.5934       286.9577    
 2046   286.6318       286.8843       287.7266       288.7122       289.5807       290.1216       290.3401       290.2469       289.5028       288.6833       287.4028       286.7001    
 2047   286.4417       286.8746       287.6568       288.5527       289.3518       289.8673       290.1377       290.1617       289.7209       288.6992       287.5655       287.0076    
 2048   286.7919       286.9906       287.7956       288.8912       289.7166       290.1124       290.4467       290.3919       289.9165       288.8107       287.6911       287.0387    
 2049   286.7979       287.0384       287.8150       288.6738       289.4795       290.1319       290.4286       290.3485       289.7447       288.8024       287.7610       286.8619    
 2050   286.5761       287.1029       287.8229       288.7745       289.5560       290.0729       290.4561       290.4035       289.8265       288.8352       287.7560       286.8426    
 2051   286.8532       287.1807       287.9025       288.9303       289.7412       290.2359       290.5344       290.3891       289.7360       288.8035       287.7044       287.0494    
 2052   286.7944       287.2013       287.8992       288.7208       289.4697       290.1082       290.3730       290.3369       289.7111       288.8275       287.8331       286.9071    
 2053   286.5932       286.9376       287.7711       288.7707       289.5022       290.0859       290.4335       290.2490       289.6022       288.6527       287.5817       286.8070    
 2054   286.7091       286.9959       287.7217       288.6688       289.4180       290.0053       290.3936       290.5061       289.8651       288.9260       287.7601       287.0118    
 2055   286.8773       287.2755       287.8033       288.7859       289.6259       290.1583       290.4837       290.3875       289.8515       288.8183       287.7028       287.1248    
 2056   286.9516       287.2843       287.9216       288.7552       289.7199       290.1061       290.5132       290.3819       289.9286       288.9461       287.8781       287.1480    
 2057   287.0051       287.3238       287.7750       288.7817       289.7027       290.1879       290.5583       290.4932       289.7994       288.8485       287.6869       286.9802    
 2058   286.8742       287.2936       287.8762       288.7663       289.7042       290.2343       290.5781       290.4796       289.8807       288.9038       287.8250       287.1935    
 2059   286.8877       287.2210       287.8186       288.6845       289.5933       290.1263       290.4295       290.2949       289.6995       288.7941       287.8362       287.0513    
 2060   286.7362       287.0477       287.8897       289.1043       289.7244       290.2508       290.5450       290.5190       289.8784       288.8740       287.8071       287.0909    
 2061   286.8916       287.2166       287.9524       288.8192       289.7766       290.2128       290.5681       290.4998       289.8778       288.9388       287.8474       287.0616    
 2062   286.8845       287.2195       287.9625       288.9828       289.8607       290.2617       290.6462       290.5967       289.9840       288.9380       287.7935       287.2100    
 2063   286.8086       287.1289       288.0098       288.8769       289.6857       290.1779       290.4900       290.3602       289.8588       288.8251       287.8105       287.0416    
 2064   286.8441       287.1523       287.7569       288.7414       289.5281       290.1364       290.5758       290.4381       289.8980       288.8849       287.8800       287.2401    
 2065   287.0385       287.3815       288.0076       288.8323       289.7451       290.2032       290.5680       290.3962       289.8177       288.8643       287.7722       287.1545    
 2066   287.0797       287.4033       288.0551       289.0442       289.6918       290.1429       290.5442       290.4394       289.8396       288.9701       287.9035       287.2164    
 2067   286.8780       287.3170       288.1058       288.8421       289.5814       290.2550       290.4802       290.3499       289.7416       288.7911       287.5586       286.9595    
 2068   286.6645       287.0198       287.7623       288.7109       289.5463       290.1190       290.3954       290.3170       289.7822       288.8619       287.7041       287.1024    
 2069   286.8809       286.8937       287.8627       288.8534       289.7260       290.1563       290.4740       290.3031       289.6706       288.7725       287.5967       287.0381    
 2070   286.8022       287.0472       287.9109       288.6423       289.5909       289.9870       290.2771       290.1989       289.8038       288.8097       287.7090       287.0542    
 2071   286.9335       287.3180       287.8186       288.7787       289.5693       290.2629       290.4763       290.3134       289.8063       288.7186       287.6399       286.9416    
 2072   286.8510       287.0978       287.9250       288.7120       289.4478       290.0014       290.4688       290.4510       289.9815       288.9000       287.8005       287.0598    
 2073   287.0306       287.2857       287.9591       288.9645       289.7064       290.2230       290.4987       290.4604       289.7655       288.8364       287.9088       287.0633    
 2074   287.0094       287.1194       287.7856       288.7968       289.7511       290.2769       290.6017       290.4684       289.8351       288.8254       287.8284       287.1703    
 2075   286.9998       287.4095       288.0979       288.8246       289.6057       290.1078       290.5062       290.4503       289.7257       288.8634       287.7502       287.0295    
 2076   286.9696       287.2086       287.8853       288.6620       289.5345       290.1001       290.4291       290.4626       289.9195       288.8933       287.8781       287.1689    
 2077   286.8636       287.2087       287.9820       288.9452       289.8586       290.2801       290.6157       290.4648       289.7847       288.7009       287.7055       287.0095    
 2078   286.8367       287.1310       287.8530       288.6807       289.5300       290.1002       290.4061       290.4128       289.8850       288.8566       287.7573       287.1317    
 2079   286.9016       287.4206       287.8618       288.7152       289.5444       290.0967       290.4031       290.4026       289.7357       288.8402       287.5647       286.9290    
 2080   286.9944       287.1036       287.9414       288.7431       289.5887       290.1385       290.4602       290.4037       289.8507       288.7526       287.5856       286.8914    
 2081   286.6617       286.9291       287.8749       288.7436       289.5462       290.0613       290.3672       290.3044       289.6918       288.6864       287.7704       287.1054    
 2082   286.9274       287.1540       287.9058       288.7498       289.4872       290.0887       290.2971       290.2525       289.7023       288.7622       287.6932       287.0795    
 2083   286.9649       287.2938       288.0971       288.6472       289.5437       290.1828       290.3923       290.3006       289.6768       288.7016       287.4634       286.9123    
 2084   287.0120       287.2495       287.8201       288.7582       289.4584       290.0365       290.3824       290.3780       289.7444       288.7416       287.6246       286.9197    
 2085   286.7105       287.1378       287.8041       288.6008       289.4511       290.0536       290.3776       290.3392       289.8554       288.8896       287.7241       287.0361    
 2086   286.7840       287.1993       287.8374       288.8037       289.5682       290.1547       290.3850       290.2413       289.5914       288.7193       287.4575       286.7009    
 2087   286.5940       286.9039       287.7575       288.6928       289.5176       290.0508       290.2582       290.2702       289.6735       288.7407       287.7831       286.9919    
 2088   286.8015       287.1289       287.7982       288.7397       289.6179       290.0115       290.3122       290.3255       289.6182       288.7561       287.5253       286.8194    
 2089   286.6244       287.0050       287.5555       288.6468       289.5345       290.0987       290.2858       290.1852       289.6729       288.7036       287.5518       286.9784    
 2090   286.6180       287.0996       287.8564       288.6648       289.6094       290.1667       290.3306       290.3188       289.6975       288.7176       287.5905       286.8478    
 2091   286.7439       287.1669       287.8407       288.5982       289.5023       290.0533       290.3274       290.3722       289.7386       288.8153       287.7589       287.0626    
 2092   286.8910       287.1465       287.8463       288.7118       289.6253       290.1019       290.3867       290.2939       289.8081       288.8343       287.6937       286.9981    
 2093   286.8139       287.1938       288.0302       288.8538       289.5545       290.0539       290.3722       290.2624       289.6044       288.7010       287.6125       286.9494    
 2094   286.8568       287.1212       287.7305       288.8007       289.5390       290.0128       290.3145       290.3522       289.7296       288.8195       287.8270       286.9315    
 2095   286.9044       287.3320       288.1338       288.7599       289.6487       290.0973       290.2470       290.2243       289.6620       288.6286       287.4873       286.7595    
 2096   286.6611       287.0749       287.7105       288.6300       289.3635       289.9613       290.3594       290.2417       289.7004       288.8069       287.6676       286.9562    
 2097   286.7501       287.3793       288.0144       288.8216       289.5942       290.0918       290.2632       290.1527       289.6150       288.6410       287.5086       286.7644    
 2098   286.6244       286.9635       287.7750       288.5980       289.4938       289.9566       290.3045       290.1549       289.7112       288.6004       287.4049       286.7534    
 2099   286.6254       287.0143       287.8042       288.7388       289.5130       289.9326       290.4160       290.2687       289.5754       288.5835       287.6423       287.0171    
 2100   286.6681       286.9842       287.8530       288.6694       289.5153       290.0332       290.3745       290.2039       289.5817       288.7202       287.5396       286.9664    
 2101   286.6561       287.1611       287.6613       288.6287       289.3295       289.8994       290.2869       290.2870       289.8005       288.6448       287.6415       287.0779    
 2102   286.8634       287.0519       287.6097       288.6161       289.4944       290.1278       290.4102       290.3589       289.7299       288.7345       287.6399       286.9241    
 2103   286.6178       287.1570       287.8565       288.8199       289.6188       290.2057       290.5460       290.4558       289.8611       288.8224       287.6819       287.0792    
 2104   287.0255       287.2981       287.8974       288.7603       289.6577       290.1505       290.5475       290.4077       289.7266       288.7933       287.5448       287.0714    
 2105   286.7681       287.1161       287.8559       289.0085       289.8391       290.1658       290.5396       290.3886       289.8186       288.7939       287.7102       286.8919    
 2106   286.6971       287.0654       287.8512       288.8568       289.6786       290.0821       290.4066       290.3513       289.8636       288.8437       287.8041       287.0175    
 2107   286.9977       287.1521       287.9671       289.0175       289.6591       290.1154       290.4171       290.3125       289.6990       288.7351       287.5548       286.8047    
 2108   286.5717       286.7668       287.8029       288.7531       289.4796       290.0643       290.3666       290.3271       289.8239       288.8396       287.8102       287.0782    
 2109   286.9037       287.2270       287.9094       288.8711       289.6166       290.2442       290.6164       290.4169       289.8148       288.9168       287.8010       287.0505    
 2110   286.7647       287.3193       288.0686       288.8835       289.7309       290.1988       290.5336       290.4812       289.9242       288.9247       287.7992       287.0804    
 2111   287.0486       287.4887       288.0582       288.8837       289.6682       290.1644       290.4673       290.3180       289.6998       288.7584       287.7871       287.1462    
 2112   287.0274       287.4530       288.0464       288.9040       289.6130       290.0186       290.3101       290.4542       289.9053       288.8038       287.8063       286.9633    
 2113   286.9177       287.2482       287.8898       288.9099       289.6484       290.0821       290.3930       290.3191       289.7773       288.7217       287.6331       286.9649    
 2114   286.7100       287.0646       287.7478       288.7660       289.5852       290.0554       290.3862       290.3137       289.6545       288.6404       287.5212       286.8666    
 2115   286.6903       287.2538       287.8996       288.7134       289.6171       290.1172       290.3851       290.2180       289.5638       288.7212       287.6451       286.8022    
 2116   286.6855       287.1254       287.8980       288.8104       289.5836       290.1162       290.3792       290.3065       289.7429       288.6813       287.4966       286.8480    
 2117   286.8817       287.3800       287.9709       288.7546       289.6002       289.9258       290.2996       290.1599       289.4996       288.5695       287.6519       286.9854    
 2118   286.6989       287.0662       287.7769       288.7247       289.5727       290.0968       290.3900       290.1204       289.6780       288.7614       287.7018       286.9900    
 2119   286.7158       287.0236       287.9149       288.7761       289.5483       290.1400       290.3516       290.2336       289.6538       288.6033       287.5406       286.8598    
 2120   286.5958       286.9945       287.8804       288.7303       289.4335       289.9438       290.2808       290.1859       289.6121       288.7199       287.5423       286.8911    
 2121   286.8398       287.1972       287.8897       288.7079       289.4983       290.0243       290.3113       290.2084       289.5261       288.6568       287.6674       286.8775    
 2122   286.8298       287.1058       287.7964       288.7088       289.4543       289.9104       290.2429       290.3507       289.7794       288.7568       287.5102       286.9856    
 2123   286.7270       286.9432       287.7769       288.6524       289.4820       290.1092       290.3643       290.3331       289.7243       288.8340       287.7277       286.8914    
 2124   286.5546       287.0948       287.8554       288.7820       289.6096       290.1452       290.4376       290.3357       289.8149       288.7324       287.6716       286.9884    
 2125   286.6494       287.1269       287.7545       288.5615       289.5564       290.0233       290.3684       290.2796       289.6872       288.6626       287.6051       286.9033    
 2126   286.6383       287.0614       287.8667       288.8218       289.5875       289.9954       290.3481       290.2613       289.7823       288.7724       287.7321       286.9792    
 2127   286.8564       287.0479       287.7991       288.6889       289.4942       290.0370       290.3411       290.2231       289.6726       288.7147       287.5827       286.8346    
 2128   286.7237       287.1775       287.6886       288.7967       289.5355       290.0067       290.3077       290.1611       289.6422       288.6910       287.4978       286.7441    
 2129   286.8023       286.8013       287.7603       288.7713       289.4825       289.9764       290.2474       290.1464       289.5844       288.5063       287.4524       286.9026    
 2130   286.6356       286.9903       287.8719       288.6162       289.2443       289.8376       290.1850       290.0028       289.4615       288.5621       287.6711       286.8122    
 2131   286.6465       287.0506       287.7741       288.6807       289.3559       289.9739       290.1722       290.0825       289.5029       288.6113       287.4895       286.7395    
 2132   286.4978       286.8265       287.7079       288.6687       289.4194       289.9000       290.1361       290.1680       289.5675       288.5483       287.4365       286.8333    
 2133   286.7094       287.3026       287.8243       288.7534       289.4361       289.8948       290.2137       290.0415       289.5084       288.5605       287.5132       286.7288    
 2134   286.6128       286.9173       287.6790       288.6654       289.3221       289.8730       290.1422       290.1173       289.6377       288.6908       287.5096       286.8247    
 2135   286.8002       287.1144       287.6751       288.6410       289.4660       289.9108       290.2166       290.1297       289.5040       288.4667       287.3005       286.8054    
 2136   286.6034       286.9651       287.7556       288.6577       289.3212       289.8248       290.1354       290.2299       289.4978       288.6145       287.5472       286.9598    
 2137   286.8789       286.9409       287.4751       288.5255       289.2903       289.8310       290.0981       290.1133       289.5421       288.6814       287.5350       286.8111    
 2138   286.6840       287.1485       288.0955       288.8679       289.6304       290.1079       290.4074       290.3088       289.6578       288.6624       287.5341       286.9174    
 2139   286.7098       287.1147       287.9196       288.7796       289.4697       289.9593       290.1891       290.1870       289.5520       288.4670       287.3206       286.8184    
 2140   286.5322       286.8909       287.7021       288.5812       289.4150       289.9352       290.1708       290.0574       289.6225       288.6304       287.4826       286.6690    
 2141   286.6097       286.8464       287.5087       288.6169       289.4907       289.9998       290.2524       290.2132       289.5341       288.5096       287.4516       286.5747    
 2142   286.5347       286.8557       287.6053       288.6037       289.3409       289.8183       290.2739       290.0647       289.5203       288.4745       287.5372       286.8856    
 2143   286.6853       287.0534       287.7878       288.8087       289.5074       290.0186       290.2248       290.2098       289.5836       288.5880       287.4255       286.8763    
 2144   286.6502       286.9886       287.6109       288.5820       289.3502       289.8741       290.2401       290.0876       289.5625       288.4735       287.4200       286.6900    
 2145   286.3933       286.8148       287.4399       288.6407       289.1970       289.7857       290.0797       290.1125       289.5526       288.5082       287.4609       286.6384    
 2146   286.6193       286.8416       287.6024       288.5412       289.4075       289.8618       290.1880       290.1969       289.5826       288.5873       287.3230       286.6347    
 2147   286.6451       286.9149       287.6853       288.6917       289.4223       289.9836       290.3068       290.2126       289.4757       288.4566       287.2970       286.6269    
 2148   286.4753       286.8490       287.5500       288.4344       289.3286       289.8378       290.2162       290.1737       289.5295       288.5701       287.4744       286.7987    
 2149   286.6031       286.8888       287.6733       288.6466       289.5001       289.9978       290.3059       290.2262       289.5688       288.4903       287.3089       286.6722    
 2150   286.6744       286.9651       287.7700       288.6159       289.4905       289.9128       290.1427       290.0617       289.4905       288.6009       287.4966       286.7151    
 2151   286.3682       286.7140       287.7201       288.5100       289.2576       289.8556       290.1690       290.0722       289.5278       288.5203       287.4126       286.8253    
 2152   286.6532       286.9735       287.7690       288.7297       289.4132       289.9771       290.1879       290.1611       289.5500       288.5244       287.4020       286.7543    
 2153   286.6442       287.0378       287.8984       288.6178       289.4167       289.9767       290.3049       290.1760       289.5725       288.5829       287.5898       286.7936    
 2154   286.6188       286.8318       287.6749       288.4278       289.3683       289.9401       290.1307       290.0807       289.5608       288.4769       287.4437       286.7423    
 2155   286.4719       286.9117       287.7391       288.6404       289.3448       289.9252       290.2473       290.0814       289.6357       288.5914       287.5918       286.8026    
 2156   286.7964       287.0921       287.9448       288.6516       289.4398       289.9711       290.2883       290.2496       289.5831       288.6479       287.5011       286.7242    
 2157   286.5210       286.9078       287.7442       288.6280       289.3312       289.8696       290.2753       290.2473       289.5842       288.4751       287.4272       286.7161    
 2158   286.7965       287.1219       287.7756       288.7146       289.4132       289.9125       290.2057       290.1597       289.5893       288.5549       287.5356       286.9097    
 2159   286.7555       287.0933       287.8225       288.6757       289.4899       290.0814       290.3206       290.2042       289.5851       288.6051       287.5422       286.7364    
 2160   286.7459       287.0816       287.6888       288.5634       289.3946       289.9058       290.2665       290.1334       289.5669       288.5170       287.3550       286.6090    
 2161   286.7931       287.1196       287.7734       288.6579       289.4049       289.8542       290.2210       290.0961       289.5110       288.6324       287.4485       286.7261    
 2162   286.4650       287.0286       287.7473       288.5681       289.4282       290.1070       290.2472       290.1344       289.5379       288.4825       287.3870       286.7271    
 2163   286.6187       286.7753       287.5652       288.5074       289.2873       289.8379       290.1050       289.9971       289.4970       288.5391       287.4526       286.6983    
 2164   286.5917       286.7632       287.6516       288.6597       289.6301       289.9867       290.2330       290.1698       289.5238       288.5375       287.4644       286.8769    
 2165   286.5212       286.8879       287.7898       288.6918       289.4713       289.9864       290.3637       290.1755       289.6876       288.6728       287.6155       286.9463    
 2166   286.8426       287.1114       287.9199       288.5677       289.4825       289.9557       290.2140       290.1581       289.6117       288.5248       287.5446       286.8858    
 2167   286.6267       286.9404       287.7368       288.6508       289.4872       290.0674       290.3410       290.2864       289.5631       288.6590       287.6888       286.9927    
 2168   286.8246       287.1088       287.8893       288.9070       289.6310       290.0433       290.3596       290.1937       289.6014       288.6851       287.5433       286.7416    
 2169   286.7838       287.0541       287.7878       288.7570       289.4865       290.0950       290.3481       290.1798       289.5999       288.6853       287.5296       286.8480    
 2170   286.6859       287.1569       287.7339       288.5634       289.3564       289.8987       290.2183       290.2617       289.6838       288.6558       287.4994       286.8517    
 2171   286.7211       287.0736       287.6145       288.6407       289.4797       289.8783       290.2227       290.1407       289.4870       288.5894       287.4117       286.6284    
 2172   286.9340       286.9927       287.8224       288.5569       289.4728       290.0286       290.2652       290.2043       289.6865       288.5647       287.5822       286.7795    
 2173   286.8123       287.2321       287.9359       288.7777       289.5739       290.0682       290.4310       290.3132       289.7032       288.6947       287.6024       286.8478    
 2174   286.7769       287.1010       287.6879       288.6331       289.4161       290.0158       290.3989       290.2601       289.5784       288.6147       287.5988       286.9521    
 2175   286.8521       287.1805       287.9153       288.7313       289.4573       289.9865       290.2867       290.1305       289.4758       288.5399       287.3941       286.7253    
 2176   286.5685       286.8174       287.6917       288.5991       289.3278       289.9080       290.0436       290.0406       289.4950       288.4219       287.4318       286.8619    
 2177   286.8298       287.0384       287.7501       288.6057       289.5277       289.8729       290.2261       290.0930       289.5360       288.5815       287.4653       286.8029    
 2178   286.7682       287.2105       287.7344       288.6942       289.4929       290.1157       290.4298       290.2218       289.6596       288.6140       287.4319       286.8199    
 2179   286.8344       287.0891       287.6356       288.7047       289.4961       290.0349       290.1924       290.1324       289.5647       288.5523       287.4340       286.5089    
 2180   286.5497       286.9946       287.4755       288.5525       289.3270       289.9086       290.1924       290.0479       289.4505       288.4425       287.4176       286.6749    
 2181   286.5723       286.8907       287.7773       288.6137       289.4714       290.0255       290.2922       290.2004       289.6112       288.4932       287.4735       286.8285    
 2182   286.7742       287.0152       287.8229       288.6624       289.5251       289.9991       290.2503       290.1476       289.4933       288.6312       287.5266       286.7166    
 2183   286.7002       286.9213       287.8570       288.6276       289.4048       289.9769       290.2025       290.0864       289.4830       288.6650       287.6578       286.7834    
 2184   286.6826       287.0912       287.8102       288.7104       289.3730       290.0029       290.2663       290.1745       289.5567       288.5351       287.4030       286.6774    
 2185   286.5831       287.0511       287.6100       288.5432       289.4081       289.9283       290.2349       290.1911       289.5840       288.6088       287.5141       286.8521    
 2186   286.7512       287.0156       287.6353       288.6023       289.3210       289.9389       290.2964       290.2077       289.5182       288.6249       287.2926       286.6950    
 2187   286.6168       286.9871       287.6779       288.6438       289.4089       289.9249       290.2099       290.1400       289.5295       288.5137       287.3452       286.5701    
 2188   286.5401       286.8692       287.5171       288.5189       289.2792       289.8763       290.2501       290.1750       289.5544       288.5439       287.5263       286.9031    
 2189   286.7324       286.9771       287.6391       288.6669       289.3742       289.8786       290.2108       289.9809       289.5164       288.5135       287.4329       286.7080    
 2190   286.3132       287.1774       287.5189       288.6267       289.4762       289.9237       290.2492       290.1606       289.4910       288.5818       287.3934       286.6751    
 2191   286.8758       286.9098       287.5449       288.4871       289.3309       289.8515       290.2870       290.1957       289.5965       288.5476       287.5648       286.8047    
 2192   286.6206       286.9332       287.6864       288.6989       289.4538       289.9509       290.1957       290.3061       289.6228       288.4621       287.4534       286.6759    
 2193   286.5793       287.1370       287.9283       288.6664       289.4352       289.9930       290.3272       290.1632       289.5201       288.6299       287.5241       286.7501    
 2194   286.4742       286.8735       287.6537       288.6299       289.3635       289.9597       290.1752       290.0696       289.4417       288.5023       287.4459       286.8063    
 2195   286.6349       287.0602       287.8774       288.7577       289.4978       290.0777       290.1785       290.1760       289.5669       288.5189       287.4102       286.7004    
 2196   286.6403       286.8027       287.6009       288.5901       289.2777       289.7838       290.1627       290.1239       289.5575       288.4466       287.4603       286.7890    
 2197   286.5610       286.8924       287.6704       288.6358       289.4399       289.9271       290.2488       290.0652       289.4720       288.4409       287.4608       286.6733    
 2198   286.4893       287.1365       287.7397       288.5731       289.4596       289.9893       290.1976       290.0779       289.4301       288.4788       287.3670       286.4215    
 2199   286.5378       286.8676       287.5867       288.5844       289.3131       289.8985       290.1537       290.1700       289.5037       288.5909       287.5369       286.9868    
 2200   286.8803       287.2528       287.8007       288.6525       289.4429       289.8942       290.3115       290.1399       289.4805       288.5381       287.3519       286.6903    
 2201   286.5368       286.9579       287.7796       288.5527       289.4492       289.9041       290.2809       290.1811       289.5566       288.4973       287.5349       286.8351    
 2202   286.6153       287.0569       287.6747       288.5311       289.4908       289.8087       290.2190       290.1068       289.4575       288.4385       287.4051       286.6530    
 2203   286.5674       286.8868       287.5704       288.4620       289.2339       289.9076       290.1157       289.9632       289.4908       288.4795       287.5505       286.7617    
 2204   286.6578       286.9649       287.7247       288.5885       289.4002       289.8012       290.0792       290.0790       289.4766       288.4786       287.4241       286.7526    
 2205   286.6745       287.0658       287.8009       288.6698       289.4220       289.9856       290.2149       290.1765       289.3525       288.4422       287.5708       286.8004    
 2206   286.6096       286.7856       287.6529       288.5938       289.4337       289.9489       290.1861       290.0501       289.4043       288.3834       287.2450       286.6497    
 2207   286.4634       286.7491       287.4040       288.4534       289.2235       289.8218       289.9514       289.9249       289.3575       288.3831       287.2935       286.5919    
 2208   286.4181       286.8678       287.5462       288.4415       289.1436       289.6118       289.8991       289.8651       289.3662       288.3477       287.3285       286.7430    
 2209   286.4644       286.8800       287.5009       288.3171       289.2437       289.7306       289.9817       289.9263       289.2902       288.3514       287.3422       286.8005    
 2210   286.3338       286.7511       287.3780       288.3715       289.0857       289.6790       289.8895       289.8380       289.2751       288.3844       287.2937       286.4097    
 2211   286.5424       286.7851       287.5238       288.4103       289.1640       289.8285       290.0456       289.9143       289.3715       288.2386       287.1176       286.3542    
 2212   286.2381       286.7744       287.6298       288.5049       289.2090       289.7837       289.9801       289.9451       289.2701       288.3011       287.1948       286.5266    
 2213   286.6343       286.7796       287.4213       288.4912       289.1932       289.6951       290.0832       289.8983       289.3368       288.1222       287.1491       286.5604    
 2214   286.2848       286.6855       287.5216       288.3348       289.2722       289.7643       290.0269       289.9540       289.3367       288.2921       287.2520       286.5809    
 2215   286.3602       286.7502       287.4320       288.4265       289.2785       289.8419       290.2049       289.9905       289.3367       288.4128       287.3991       286.4006    
 2216   286.4500       286.7654       287.7177       288.4780       289.3644       290.0102       290.2635       290.1328       289.5463       288.4749       287.4017       286.6827    
 2217   286.4514       286.7781       287.6555       288.5138       289.3715       289.8869       290.1317       290.0892       289.5052       288.4923       287.3847       286.7708    
 2218   286.4783       286.7669       287.6725       288.4950       289.3312       289.9075       290.1910       289.9554       289.3496       288.3357       287.1733       286.4496    
 2219   286.4084       286.6540       287.5424       288.5248       289.2358       289.9030       290.0880       290.0502       289.5289       288.3898       287.3066       286.5476    
 2220   286.4946       286.8023       287.5904       288.5328       289.3853       289.9106       290.0953       290.1145       289.4980       288.3245       287.4539       286.6127    
 2221   286.4458       286.7626       287.4415       288.4904       289.3500       289.8385       290.0015       289.9697       289.3043       288.1826       287.1199       286.4353    
 2222   286.3472       286.6393       287.2490       288.1762       288.9629       289.5327       290.0443       290.0038       289.3923       288.3663       287.2664       286.6409    
 2223   286.5933       286.7742       287.6589       288.5962       289.4728       289.8761       290.2576       290.0840       289.5159       288.5201       287.3913       286.6687    
 2224   286.5361       286.6703       287.4540       288.4335       289.3732       289.8912       290.2039       290.0157       289.4427       288.4659       287.4068       286.6968    
 2225   286.5922       286.9063       287.6931       288.5613       289.3137       289.8429       290.0688       290.0355       289.4637       288.4415       287.3706       286.6014    
 2226   286.5345       287.0672       287.7892       288.6944       289.5229       290.0238       290.3278       290.2451       289.5256       288.6940       287.3776       286.6321    
 2227   286.5343       287.0323       287.7503       288.5790       289.4367       289.8319       290.2535       290.0985       289.4948       288.4718       287.3101       286.7820    
 2228   286.5308       286.8593       287.4415       288.3560       289.2907       289.8252       290.1878       290.1862       289.6744       288.5097       287.4789       286.9241    
 2229   286.6596       287.0530       287.8710       288.7635       289.5011       289.9388       290.2261       290.1524       289.4631       288.5518       287.4118       286.3532    
 2230   286.4790       287.0155       287.5286       288.4746       289.2785       289.7187       290.1049       290.1616       289.4694       288.3897       287.3754       286.8288    
 2231   286.7005       286.9644       287.7133       288.6422       289.3625       289.9809       290.2827       290.2425       289.5661       288.6132       287.4931       286.9368    
 2232   286.7911       287.0676       287.7586       288.6581       289.5046       289.9995       290.3155       290.2033       289.6562       288.5400       287.4256       286.5886    
 2233   286.5832       286.7981       287.5829       288.6805       289.4587       289.9271       290.3138       290.2628       289.6220       288.6058       287.5658       286.7873    
 2234   286.7735       287.2144       287.9753       288.8875       289.5091       290.1180       290.3423       290.2755       289.6742       288.6379       287.5482       286.8366    
 2235   286.5675       286.9062       287.8622       288.5110       289.3719       289.9398       290.2101       290.1921       289.5321       288.5526       287.4688       286.6885    
 2236   286.5622       286.9713       287.6578       288.5177       289.3220       289.9482       290.2541       290.0533       289.4969       288.5179       287.4271       286.8015    
 2237   286.6833       286.9936       287.5095       288.5568       289.5262       289.9207       290.2090       290.0231       289.3302       288.4258       287.3235       286.3777    
 2238   286.1536       286.4922       287.2755       288.3238       289.2913       289.7438       290.1613       290.0443       289.3383       288.3566       287.3066       286.6136    
 2239   286.5040       286.9276       287.8557       288.5895       289.4733       289.9619       290.3129       290.2737       289.6143       288.4605       287.3702       286.8341    
 2240   286.7530       287.2085       287.8531       288.7933       289.4507       290.0206       290.2410       290.1956       289.5816       288.5722       287.6003       286.8574    
 2241   286.6585       287.1234       287.7454       288.7683       289.4798       289.9960       290.1226       290.1176       289.6107       288.5865       287.4919       286.7664    
 2242   286.5919       287.1033       287.7692       288.6208       289.4774       289.8612       290.1448       290.1270       289.5070       288.5281       287.3516       286.6852    
 2243   286.6177       286.8691       287.6406       288.5872       289.3220       289.8834       290.1589       290.0152       289.4966       288.4039       287.2766       286.6380    
 2244   286.3968       286.9486       287.7479       288.5024       289.2581       289.8279       290.1162       290.1063       289.4887       288.5713       287.4375       286.8310    
 2245   286.6737       287.1544       287.6873       288.4981       289.3303       289.8844       290.1442       290.0115       289.3331       288.4543       287.2909       286.5659    
 2246   286.4298       286.8209       287.5150       288.3998       289.1905       289.9219       290.0963       290.0542       289.4537       288.5378       287.2322       286.5659    
 2247   286.5883       286.9669       287.7412       288.5559       289.2938       289.8096       290.1998       290.1304       289.5468       288.4991       287.3797       286.5244    
 2248   286.4576       286.8776       287.7159       288.4565       289.3484       289.8563       290.1510       290.1183       289.4494       288.5139       287.4657       286.6032    
 2249   286.5490       286.8355       287.6321       288.5221       289.3869       289.9342       290.2588       290.1220       289.4491       288.3875       287.3385       286.7632    
 2250   286.5949       286.9417       287.4635       288.5413       289.3666       289.9461       290.2892       290.1340       289.5195       288.5412       287.5076       286.7371    
 2251   286.8450       287.2167       287.7693       288.5997       289.4657       289.9279       290.2020       290.1034       289.5037       288.4744       287.3018       286.7670    
 2252   286.5636       286.8478       287.6324       288.6222       289.2790       289.8612       290.1449       290.1027       289.5031       288.3785       287.3711       286.7050    
 2253   286.5050       286.9401       287.6807       288.6897       289.3032       289.7904       290.2247       290.1490       289.5959       288.4837       287.4564       286.6410    
 2254   286.5048       286.7922       287.5697       288.6090       289.4301       289.9169       290.0669       290.0778       289.5078       288.4735       287.3826       286.7117    
 2255   286.5191       286.9784       287.8387       288.6222       289.4109       289.9417       290.2059       290.1777       289.4407       288.4512       287.3805       286.7989    
 2256   286.7338       286.9522       287.6666       288.6603       289.3936       289.8626       290.2295       290.0638       289.5551       288.5945       287.3361       286.6205    
 2257   286.6721       287.0269       287.6546       288.5343       289.3137       289.8567       290.1333       290.0598       289.4636       288.4796       287.4252       286.6548    
 2258   286.4032       286.8249       287.5502       288.4480       289.2937       289.8054       290.0966       289.9987       289.5251       288.4617       287.4810       286.8142    
 2259   286.4731       287.0520       287.6824       288.6734       289.4730       289.8138       290.1750       290.1252       289.6038       288.4756       287.5115       286.8658    
 2260   286.4715       286.8414       287.7511       288.6381       289.3216       289.8106       290.0967       290.1082       289.5067       288.5702       287.3707       286.8145    
 2261   286.6889       287.1982       287.9396       288.7250       289.5466       289.9418       290.2243       290.0460       289.5105       288.5330       287.5186       286.7067    
 2262   286.6507       286.9350       287.5593       288.4471       289.2511       289.8621       290.2096       290.0775       289.5814       288.3946       287.4093       286.6535    
 2263   286.5591       286.9975       287.7720       288.5823       289.3500       289.7949       290.1966       290.0782       289.5620       288.6553       287.3125       286.6996    
 2264   286.5961       287.1170       287.7605       288.7298       289.4088       289.8248       290.2243       290.0419       289.4346       288.4602       287.4327       286.7321    
 2265   286.5402       286.8763       287.7572       288.6487       289.3865       289.9323       290.2396       290.2058       289.5496       288.5557       287.5978       286.8619    
 2266   286.9449       287.1974       287.7891       288.6912       289.4997       289.8517       290.2665       290.1547       289.5712       288.5657       287.4322       286.8128    
 2267   286.6782       286.9518       287.6187       288.6076       289.4094       289.9797       290.2429       290.0901       289.5036       288.3857       287.3186       286.7271    
 2268   286.6360       286.8901       287.6246       288.4577       289.3128       289.8592       290.1936       290.1334       289.5192       288.5561       287.4409       286.7256    
 2269   286.6637       287.0138       287.6707       288.5249       289.4164       289.9547       290.2289       290.0974       289.4840       288.5606       287.4034       286.6893    
 2270   286.6133       286.8634       287.5668       288.6632       289.4144       289.9091       290.0993       289.9919       289.4587       288.4177       287.4098       286.6962    
 2271   286.4547       286.9547       287.6967       288.5687       289.3628       289.9436       290.2323       290.0222       289.4035       288.4164       287.3048       286.7928    
 2272   286.7602       286.9557       287.6025       288.6116       289.4142       289.8634       290.0789       290.1097       289.4809       288.4406       287.3790       286.6163    
 2273   286.5116       286.8574       287.5680       288.6132       289.4900       289.9391       290.3013       290.1511       289.5544       288.5601       287.4423       286.8710    
 2274   286.5721       287.0122       287.7451       288.5879       289.4180       289.9296       290.1860       290.0790       289.4645       288.5030       287.2642       286.5699    
 2275   286.6353       286.9067       287.5411       288.4782       289.2275       289.7169       290.1522       290.1241       289.5093       288.3911       287.4443       286.6829    
 2276   286.4965       286.9546       287.7950       288.6149       289.3195       289.9186       290.1988       290.1546       289.5787       288.4717       287.3127       286.7334    
 2277   286.5797       286.8960       287.5846       288.4911       289.2940       289.8433       290.1860       290.0923       289.3813       288.4350       287.3297       286.5641    
 2278   286.5403       286.8453       287.5724       288.5594       289.2683       289.8428       290.2245       290.0953       289.5045       288.6259       287.3545       286.6609    
 2279   286.6476       286.8175       287.6700       288.5976       289.4871       289.8386       290.1482       290.0966       289.5244       288.6711       287.4814       286.7485    
 2280   286.5469       286.9316       287.6378       288.6448       289.4012       289.9259       290.2322       290.2358       289.5813       288.5439       287.3963       286.8340    
 2281   286.5411       286.9010       287.7100       288.6831       289.4433       289.9354       290.2050       290.2001       289.5732       288.4812       287.4752       286.7491    
 2282   286.6993       286.9622       287.6524       288.6890       289.5348       289.9729       290.2975       290.2076       289.5994       288.6628       287.5026       286.7775    
 2283   286.6146       286.9219       287.6947       288.5721       289.3636       289.8897       290.2339       290.1178       289.4427       288.4268       287.3113       286.6508    
 2284   286.6809       286.9547       287.4290       288.4456       289.3286       289.8647       290.1422       289.9897       289.4568       288.5626       287.5129       286.7084    
 2285   286.6777       286.8461       287.6810       288.6793       289.5071       289.9789       290.2804       290.2018       289.5566       288.4565       287.3035       286.8463    
 2286   286.6209       287.0461       287.7180       288.7157       289.3948       289.9474       290.2510       290.2308       289.5555       288.5500       287.4501       286.7874    
 2287   286.6895       287.0684       287.7724       288.5640       289.3023       289.8600       290.2519       290.2429       289.5423       288.6354       287.4861       286.7621    
 2288   286.6006       286.9591       287.6625       288.6623       289.4073       289.9440       290.2203       290.1925       289.5297       288.4822       287.4781       286.7902    
 2289   286.6262       286.8968       287.6330       288.5936       289.3795       289.9308       290.1535       290.0845       289.3987       288.4696       287.4539       286.8156    
 2290   286.5114       286.9807       287.7131       288.7506       289.5307       289.9265       290.2934       290.2789       289.5826       288.5219       287.5284       286.9204    
 2291   286.6892       286.8885       287.6830       288.7708       289.4771       289.8774       290.2689       290.2257       289.5849       288.5070       287.4560       286.8125    
 2292   286.7636       287.0445       287.7472       288.7676       289.4457       290.0449       290.2317       290.0959       289.3888       288.4447       287.4383       286.7132    
 2293   286.6331       287.0482       287.7343       288.5525       289.3579       289.9877       290.2440       290.1399       289.6105       288.6449       287.5308       286.5681    
 2294   286.6419       286.9231       287.6242       288.5730       289.1700       289.8430       290.1561       290.1026       289.5818       288.5060       287.4579       286.7342    
 2295   286.7200       287.0066       287.6435       288.5679       289.3080       289.8327       290.1620       290.0504       289.5176       288.5697       287.4419       286.7194    
 2296   286.7457       287.0512       287.7366       288.5614       289.4526       290.0266       290.2624       290.1310       289.5423       288.5390       287.4308       286.7483    
 2297   286.5875       286.8902       287.5974       288.5738       289.2433       289.8008       290.0879       289.9449       289.3869       288.4283       287.3252       286.5371    
 2298   286.6444       286.8518       287.6884       288.6176       289.3956       289.8471       290.1351       289.9755       289.3027       288.4336       287.2872       286.7425    
 2299   286.4787       286.7820       287.5785       288.5517       289.2745       289.8566       290.2129       290.0294       289.4922       288.5370       287.4380       286.7590    
 2300   286.5355       286.9200       287.6328       288.4243       289.3036       289.8688       290.2253       290.0999       289.5417       288.4756       287.2715       286.5623    
