# <a href=http://cmip-pcmdi.llnl.gov/cmip5/>CMIP5</a> global mean temperature computed at <a href=http://www.knmi.nl/selectfield_cmip5.cgi?someone@somewhere>KNMI Climate Explorer</a> tas_Amon_CSIRO-Mk3-6-0_rcp45_r10i1p1
# tas [K] from CSIRO-Mk3-6-0 model output prepared for CMIP5 RCP4.5 r10i1p1
# cutting out region lon=   -0.938  359.062, lat=  -89.497   89.497
 1850   283.8407       284.0096       284.6483       285.8074       286.9907       287.7077       287.7882       287.4438       286.6362       285.6732       284.6387       284.0958    
 1851   283.7494       284.0796       284.8073       285.9734       287.0596       287.8382       288.0006       287.7750       286.8405       285.8957       284.9252       284.1993    
 1852   284.1006       284.4642       285.1223       286.3923       287.4376       288.0519       288.0836       287.7493       286.9901       285.9487       284.8709       284.1054    
 1853   283.9855       284.2823       284.8184       286.0507       287.0942       287.7336       287.8675       287.6802       286.8157       285.7518       284.6567       283.9422    
 1854   283.8121       284.0444       284.6959       285.7300       286.8535       287.6245       287.8766       287.4184       286.4817       285.8122       284.5585       283.6983    
 1855   283.5541       283.8158       284.5582       285.5966       286.8890       287.7068       287.8787       287.4893       286.6451       285.6083       284.6981       284.0986    
 1856   283.8132       284.0630       284.8494       285.9284       287.1353       287.7957       287.8382       287.6221       286.8101       285.7752       284.7283       284.0338    
 1857   283.8661       284.0146       284.7456       285.9633       286.9616       287.6118       287.8164       287.5677       286.6989       285.5484       284.5692       284.0430    
 1858   283.8398       283.9050       284.7851       285.7906       286.9403       287.8309       287.9650       287.5187       286.7410       285.6945       284.6813       284.0624    
 1859   283.7367       284.0735       284.7055       285.8842       286.9555       287.6726       287.8563       287.6906       286.7616       285.7150       284.7612       283.9213    
 1860   283.7983       284.2432       284.9542       286.0636       287.3028       287.8989       288.0385       287.7683       286.8906       285.8147       284.8979       284.1009    
 1861   283.7520       283.9424       284.8329       285.9374       287.1003       287.8724       287.8495       287.6330       286.8509       285.7321       284.6089       283.8737    
 1862   283.7718       284.0301       284.5630       285.6328       286.8237       287.6088       287.7447       287.2960       286.6240       285.5903       284.5000       283.6106    
 1863   283.5420       283.8453       284.6617       285.9047       287.0019       287.7409       287.8184       287.5275       286.6669       285.6069       284.6550       284.1636    
 1864   283.7292       283.8285       284.6353       285.7693       286.8895       287.5363       287.6714       287.5721       286.6732       285.7566       284.7325       284.0226    
 1865   283.6322       284.1364       284.8694       285.9819       287.0474       287.7138       288.0260       287.6903       286.8380       285.8885       284.8482       284.1473    
 1866   283.7450       283.9706       284.8473       285.9921       287.1224       287.7728       288.0028       287.6958       286.7791       285.9045       284.8859       284.2773    
 1867   283.9025       284.0264       284.6446       285.9400       287.1370       287.7782       287.8832       287.6179       286.8170       285.7448       284.7180       284.0094    
 1868   283.5986       283.9167       284.7525       285.8933       286.9937       287.7416       287.7600       287.4396       286.6850       285.5530       284.3615       283.8665    
 1869   283.5365       284.0392       284.6242       285.8303       286.9453       287.6997       287.9354       287.5487       286.7214       285.6674       284.7801       283.9506    
 1870   283.7064       284.0168       284.8701       286.0075       287.2740       287.9506       287.9149       287.7221       286.9160       285.9460       285.0275       284.2036    
 1871   283.9215       284.1915       284.8385       286.0402       287.1094       287.6869       287.9077       287.5945       286.7539       285.8055       284.7657       284.2317    
 1872   283.9124       284.1362       284.8857       285.8425       287.1109       287.9535       288.0784       287.7115       286.9289       285.9218       284.9184       284.2014    
 1873   284.0081       284.1481       284.9778       286.0568       287.1640       287.9114       288.0402       287.7111       286.8755       285.7779       284.9120       283.9248    
 1874   283.9729       283.9910       284.6631       285.8079       287.0426       287.4896       287.8755       287.4345       286.6382       285.5228       284.4516       283.8233    
 1875   283.6668       283.6606       284.6101       285.8646       287.0724       287.6708       287.8234       287.5361       286.7289       285.7740       284.6524       284.0032    
 1876   283.8437       284.0365       284.7265       285.9650       287.0977       287.6584       287.9547       287.6976       286.7735       285.8473       284.7402       284.0749    
 1877   283.7836       284.0281       284.7715       285.8246       287.0582       287.8485       287.8057       287.6214       286.7599       285.7961       284.6622       284.1719    
 1878   283.9943       284.1068       284.9208       285.9357       287.1665       287.8759       287.8238       287.5159       286.6729       285.6532       284.6283       283.9874    
 1879   283.7735       283.9843       284.7154       286.0359       287.0435       287.7419       287.9922       287.6089       286.6797       285.6804       284.7551       283.9187    
 1880   283.7581       284.1211       284.8499       285.8939       287.0992       287.8958       287.9384       287.6117       286.8393       285.8085       284.8016       284.1153    
 1881   283.9330       284.0436       284.9376       286.1136       287.2505       287.8686       288.0101       287.5846       286.8750       286.0005       285.0253       284.2801    
 1882   283.8869       284.2856       284.9904       286.0848       287.1611       287.8685       287.9990       287.7263       286.9013       285.7810       284.7990       284.2094    
 1883   283.7906       284.2481       284.8145       285.9747       287.1608       287.8187       288.0967       287.6606       286.8999       285.7819       284.8205       284.0201    
 1884   283.9298       283.9954       284.6147       285.8129       286.9077       287.5853       287.8296       287.5248       286.6657       285.6732       284.7458       283.9541    
 1885   283.8464       284.0474       284.9638       285.9568       287.1572       287.8082       287.9295       287.4977       286.7571       285.6535       284.5519       283.8364    
 1886   283.6308       283.8994       284.5261       285.7159       286.8289       287.4974       287.6299       287.4292       286.6662       285.4701       284.4669       283.7436    
 1887   283.5887       283.8491       284.6324       285.7252       286.9010       287.4573       287.6586       287.1478       286.3384       285.2672       284.2134       283.6277    
 1888   283.4786       283.8027       284.3970       285.6475       286.7894       287.5178       287.6806       287.3381       286.5880       285.5057       284.3704       283.5534    
 1889   283.5419       283.9339       284.7112       285.7912       286.9836       287.6902       287.8152       287.5184       286.6609       285.6664       284.7724       283.9563    
 1890   283.6694       284.0201       284.7860       285.9256       287.0588       287.9116       287.8973       287.5426       286.8242       285.6287       284.5349       283.9815    
 1891   283.8411       284.0759       284.7620       285.8792       286.9752       287.6667       287.8623       287.5901       286.8419       285.7825       284.6699       283.9964    
 1892   283.6534       283.9639       284.7187       285.8950       286.8974       287.6016       287.7886       287.3586       286.7102       285.4653       284.4482       283.6811    
 1893   283.5752       283.5943       284.3598       285.5980       286.7513       287.5195       287.7812       287.4177       286.5970       285.5067       284.3581       283.9924    
 1894   283.6937       283.8314       284.6790       285.8033       286.9603       287.6711       287.8424       287.4359       286.6010       285.5235       284.6183       283.8663    
 1895   283.4135       283.8690       284.6520       285.6563       286.9848       287.6129       287.7977       287.5032       286.7414       285.6096       284.5804       283.9091    
 1896   283.7289       283.9757       284.7898       285.9620       287.0906       287.6781       287.8518       287.5416       286.7420       285.6486       284.6674       284.0298    
 1897   283.8082       284.0344       284.7635       285.9004       287.0660       287.7167       287.7777       287.6247       286.8539       285.7989       284.7390       283.9606    
 1898   283.7832       284.0406       284.7946       285.9978       287.1657       287.7929       287.9421       287.5943       286.8693       285.9111       284.8649       284.2042    
 1899   283.8891       284.1600       285.0017       286.0010       287.2014       287.7176       287.7826       287.5358       286.7560       285.6015       284.6983       283.8933    
 1900   283.6516       283.8604       284.7421       285.7133       286.8998       287.7871       287.8966       287.5740       286.7459       285.7618       284.5791       283.9535    
 1901   283.8976       284.0810       284.8792       285.9264       287.1369       288.0186       288.0521       287.8405       287.0084       286.0401       285.0616       284.2511    
 1902   283.9629       284.4549       285.1852       286.3292       287.4506       288.0265       288.1588       287.8517       286.9354       286.0078       284.8775       284.2805    
 1903   283.9767       284.0896       284.9228       286.0808       287.1973       287.8632       288.1059       287.8448       287.0081       286.0564       284.8721       284.1558    
 1904   283.9927       284.1564       285.1821       286.3520       287.4915       288.0429       288.0688       287.8569       287.0733       285.9754       284.8974       284.1713    
 1905   283.9119       284.2512       284.9032       286.0513       287.1280       287.8082       287.9373       287.5997       286.8462       285.8708       284.8416       284.1460    
 1906   283.8668       284.1026       284.8267       285.9154       287.0927       287.7533       287.8810       287.5703       286.7703       285.7002       284.5940       283.9527    
 1907   283.8297       284.0306       284.7988       285.8807       287.0331       287.7941       287.8908       287.6487       286.7068       285.8577       284.8376       284.2463    
 1908   284.0212       284.2486       285.0377       286.1817       287.2857       288.0001       288.1569       287.8163       286.9150       285.8837       284.8383       284.4026    
 1909   283.9175       284.1194       284.9279       286.1531       287.2364       287.9267       288.1400       287.7929       286.8366       285.9742       284.8531       284.0582    
 1910   283.8650       284.1351       284.9897       286.1212       287.2193       287.8881       288.1115       287.7084       286.9587       285.8812       284.9076       284.1375    
 1911   284.0839       284.1345       285.1330       286.1282       287.2253       287.8427       288.0002       287.6850       286.9311       285.8750       284.6885       284.0728    
 1912   283.8844       284.2744       284.9064       286.0599       287.2929       287.7414       288.0008       287.4800       286.7417       285.8071       284.7460       284.0430    
 1913   283.7815       284.0740       284.8504       285.9329       286.9673       287.6376       287.8021       287.5743       286.8581       285.8550       284.8024       284.0532    
 1914   283.9302       284.2002       284.6805       285.9801       287.1996       287.9160       288.0002       287.5676       286.7873       285.7188       284.6703       283.9809    
 1915   283.6809       283.9429       284.8286       285.8551       287.0563       287.7180       287.8285       287.6605       286.7702       285.6945       284.7838       284.0450    
 1916   283.9599       283.9752       284.7125       285.9701       287.1365       287.8110       288.0216       287.7533       286.9257       285.8747       284.7906       284.0673    
 1917   283.9589       284.3136       284.9590       286.1911       287.3483       288.0602       288.1898       287.7273       286.8521       285.9322       284.8526       284.0335    
 1918   283.9204       284.0635       284.8528       286.0332       287.0951       287.7693       287.7869       287.6614       286.7925       285.8120       284.8452       283.9328    
 1919   283.8721       283.9794       284.9820       286.1827       287.2552       287.8901       288.0694       287.6269       286.8409       285.9232       284.8359       284.0304    
 1920   284.0594       284.0778       284.8353       285.9463       287.0304       287.7939       287.9407       287.6141       286.9005       285.8443       284.8560       284.2183    
 1921   283.8478       284.4305       285.0054       286.0854       287.1534       287.9685       288.0243       287.6951       286.9152       285.9329       284.6954       284.1553    
 1922   283.9634       284.1241       285.0300       286.2513       287.4213       288.0344       288.1382       287.9073       287.0713       286.0355       285.0046       284.2365    
 1923   284.1548       284.4518       285.0605       286.2638       287.3885       288.1306       288.4087       287.9542       287.1925       286.1368       285.0757       284.3092    
 1924   284.2030       284.3798       285.0693       286.0139       287.4131       287.9630       288.1238       287.7592       287.1476       286.0453       284.9011       284.3087    
 1925   284.0122       284.2829       285.1588       286.2300       287.3158       287.9596       287.9563       287.7548       287.0342       285.8823       284.8840       284.0815    
 1926   284.0500       284.3503       285.0820       286.1587       287.1947       287.8633       288.0670       287.7659       286.8491       285.7667       284.6950       284.2195    
 1927   283.9044       284.1564       284.8768       286.0420       287.1313       287.8822       288.0692       287.7087       287.1020       286.0979       284.9429       284.3163    
 1928   284.0587       284.3129       284.9133       286.2672       287.3015       287.9726       288.0579       287.9162       287.0863       285.9697       285.1031       284.4370    
 1929   284.2294       284.4016       285.2114       286.1173       287.3742       288.2399       288.4073       287.9785       287.2347       286.2308       285.2158       284.4046    
 1930   284.0847       284.3688       285.2489       286.5639       287.4718       288.1309       288.1144       287.8273       287.0748       286.2029       285.1709       284.2529    
 1931   284.0939       284.3300       284.9231       286.1992       287.2521       288.0605       288.1079       287.8253       286.9477       286.0336       284.9965       284.2177    
 1932   283.9269       284.2941       285.1009       286.2947       287.4275       288.0531       288.1740       288.0018       287.2129       286.0834       285.0526       284.2156    
 1933   283.9781       284.4541       285.2897       286.2817       287.3432       288.0844       288.2006       287.8186       287.1842       286.0638       285.0202       284.3974    
 1934   284.0898       284.3388       285.0855       286.0815       287.1950       287.9217       288.0489       287.7805       287.0307       286.0086       285.2559       284.4295    
 1935   284.1512       284.4453       285.1670       286.4279       287.5078       288.1006       288.1782       287.9511       287.0317       286.1696       285.2262       284.3524    
 1936   284.1286       284.5325       285.2887       286.4070       287.5695       288.2065       288.4181       288.2224       287.3933       286.3768       285.2686       284.4603    
 1937   284.3848       284.6947       285.3794       286.4373       287.5161       288.2020       288.3092       287.9888       287.2500       286.1353       284.9561       284.2482    
 1938   284.1955       284.5610       285.1674       286.3107       287.2949       288.1368       288.3055       287.9542       287.2559       286.1654       285.1108       284.3801    
 1939   284.3132       284.4232       285.1022       286.1983       287.3343       288.0514       288.2275       287.8812       287.0929       286.1271       285.0486       284.3741    
 1940   284.2768       284.3333       285.1251       286.3510       287.4502       288.1133       288.1505       287.9326       287.1646       286.1415       285.0305       284.3128    
 1941   284.0450       284.2899       285.0847       286.1433       287.2950       288.0042       288.2462       287.9061       287.1293       286.0994       285.0014       284.3344    
 1942   284.2691       284.4057       284.9720       286.2043       287.4271       288.0815       288.1978       287.9177       287.2734       286.3499       285.3713       284.5439    
 1943   284.4609       284.4978       285.4237       286.4879       287.5446       288.2244       288.4287       288.1795       287.4423       286.2770       285.2900       284.4848    
 1944   284.3279       284.3574       285.1700       286.3430       287.4715       288.1371       288.3997       287.9645       287.2394       286.1602       285.0698       284.4471    
 1945   284.0356       284.3384       285.0771       286.1639       287.2455       287.9455       288.1667       287.8510       287.0563       286.0603       285.0583       284.2785    
 1946   284.0985       284.4427       285.1161       286.2061       287.3925       288.0677       288.1475       287.8832       286.9629       286.0541       285.1285       284.3781    
 1947   284.2483       284.4998       285.2396       286.5395       287.5154       288.1384       288.3244       288.1180       287.2256       286.2327       285.1398       284.3755    
 1948   284.2034       284.4803       285.2707       286.3405       287.5007       288.2114       288.3015       287.9062       287.1907       286.0666       285.0458       284.4105    
 1949   284.0795       284.2900       285.0424       286.1231       287.3193       288.0295       288.0093       287.7274       286.8919       285.8554       284.8683       284.3204    
 1950   284.1492       284.2873       285.0221       286.1306       287.2148       288.0584       288.1876       287.8120       287.1707       285.9868       285.1307       284.4808    
 1951   284.3187       284.5499       285.0577       286.1551       287.3838       288.0202       288.2423       287.9353       287.1514       286.2006       285.1206       284.5001    
 1952   284.2228       284.3546       285.1632       286.3348       287.4474       288.0842       288.3146       287.7917       287.0772       285.9997       284.9596       284.2593    
 1953   284.2500       284.3668       285.2043       286.3837       287.5305       288.1846       288.2752       288.0385       287.2705       286.3972       285.2810       284.6757    
 1954   284.5217       284.7195       285.4492       286.5486       287.6033       288.2143       288.4704       288.1679       287.4055       286.3754       285.2736       284.3315    
 1955   284.3549       284.7045       285.2908       286.5206       287.5363       288.1373       288.3256       288.1271       287.3568       286.4738       285.4546       284.5054    
 1956   284.2658       284.3834       285.3417       286.5945       287.5696       288.1317       288.2727       288.0592       287.1445       286.1168       285.0373       284.2970    
 1957   283.9711       284.3149       284.8929       286.2252       287.2878       287.9853       288.1933       287.7687       287.1239       286.0049       285.0746       284.3191    
 1958   284.0909       284.4651       285.1461       286.1965       287.3304       287.9948       288.1659       287.8543       287.2145       286.0091       284.9742       284.2832    
 1959   284.0880       284.2531       285.0776       286.1752       287.3728       288.0353       288.1880       287.7556       287.0940       285.9395       285.1270       284.4012    
 1960   284.0252       284.2506       285.2484       286.2910       287.4217       287.9798       288.1837       287.7829       287.1117       286.0779       285.0907       284.3594    
 1961   284.2872       284.5114       285.1364       286.3451       287.3643       288.1077       288.1907       287.9665       287.0533       285.9460       284.9089       284.1902    
 1962   283.9811       284.4021       285.0645       286.1405       287.1941       287.8550       288.0324       287.7051       286.9117       285.8844       284.8531       284.2016    
 1963   283.9271       284.2063       285.0826       286.1139       287.2004       287.9349       288.0986       287.8872       287.0237       285.7716       284.7956       284.2040    
 1964   283.9472       284.3470       285.0892       286.0909       287.1035       287.8183       287.9349       287.6618       286.7861       285.8696       284.8266       284.1014    
 1965   283.9968       284.2866       284.9505       286.1362       287.1687       287.9068       287.9442       287.5439       286.6483       285.7376       284.6247       283.9799    
 1966   283.8029       284.1412       284.9694       285.9844       287.1985       287.8375       288.0960       287.7763       286.9424       285.9837       284.9921       284.2943    
 1967   284.1754       284.4348       285.1473       286.4069       287.5141       288.1303       288.3757       287.9857       287.1363       286.0676       285.1803       284.3621    
 1968   284.2185       284.2927       285.1768       286.1990       287.3011       287.9980       288.1001       287.8232       286.9297       285.9944       284.9617       284.1978    
 1969   283.8572       284.2623       284.8800       286.1184       287.1592       287.8778       288.1048       287.7447       286.8257       285.8137       284.7938       284.1055    
 1970   283.8833       284.1895       284.9686       286.1502       287.1986       287.7932       288.0526       287.7948       287.0673       286.0603       285.0711       284.4249    
 1971   284.0823       284.4547       285.3421       286.3857       287.4314       288.0512       288.1728       287.7322       287.1115       286.0354       285.0515       284.3596    
 1972   284.2403       284.4546       285.1293       286.1928       287.3516       288.0717       288.2415       287.9127       287.0989       285.9912       285.0910       284.4376    
 1973   284.0673       284.4075       285.2351       286.3346       287.4902       288.2004       288.3090       287.9720       287.2018       286.2045       285.0977       284.4975    
 1974   284.2833       284.5466       285.3546       286.4549       287.4465       288.1002       288.3214       288.0298       287.1162       286.1046       285.1743       284.4767    
 1975   284.1967       284.5371       285.0865       286.2295       287.4254       288.0594       288.0864       287.7760       287.0600       285.9592       284.7497       283.9151    
 1976   283.9308       284.2999       285.1954       286.2262       287.3308       288.0350       288.0806       287.8068       287.0969       286.2795       285.3824       284.5101    
 1977   284.3148       284.4802       285.2215       286.3996       287.3975       288.0171       288.1198       287.8979       287.0656       285.9573       284.8186       284.2524    
 1978   284.0058       284.3457       285.1562       286.3103       287.4686       288.1708       288.3115       287.8809       287.2888       286.1890       285.2835       284.5708    
 1979   284.2038       284.5800       285.2875       286.4259       287.6163       288.2543       288.2635       287.8647       287.2573       286.1800       285.2789       284.4795    
 1980   284.4056       284.5869       285.3501       286.4184       287.4384       288.2309       288.2494       287.9048       287.1093       286.1021       284.9974       284.3503    
 1981   284.2250       284.6266       285.3246       286.2669       287.4955       288.1537       288.3971       288.0537       287.3718       286.3397       285.2947       284.4856    
 1982   284.3489       284.6476       285.4544       286.4472       287.4419       288.2125       288.1779       288.0097       287.0571       286.0472       284.8806       284.0936    
 1983   283.8869       284.1876       284.8852       286.0219       287.0902       287.8083       287.8694       287.5004       286.6984       285.7448       284.5783       283.8970    
 1984   283.9062       284.2782       284.9839       286.3055       287.4253       288.0247       288.2436       287.7714       287.0902       286.0175       285.0432       284.4163    
 1985   284.1892       284.3643       285.1045       286.2783       287.3537       288.0189       288.1286       287.8678       287.0377       285.9865       285.0401       284.1345    
 1986   283.9525       284.4624       285.1210       286.1667       287.3446       287.9686       288.2439       287.9034       287.1016       286.0744       285.1134       284.3088    
 1987   284.0346       284.3102       285.1723       286.1490       287.3141       287.9299       288.0101       287.7506       286.9024       285.9837       284.9752       284.2346    
 1988   284.1859       284.2823       285.1227       286.2896       287.3854       288.1660       288.1895       287.9529       287.0740       285.8339       284.9182       284.3826    
 1989   284.1885       284.3878       285.0828       286.2057       287.2803       288.2396       288.2532       288.0400       287.2846       286.1612       285.2290       284.4044    
 1990   284.4884       284.6400       285.3111       286.5044       287.5898       288.2136       288.4417       288.0919       287.3471       286.3362       285.2416       284.4985    
 1991   284.2830       284.5764       285.3401       286.4174       287.5634       288.1426       288.2834       288.0409       287.0262       286.0738       284.9664       284.2337    
 1992   283.9612       284.1891       284.8180       285.9805       287.0830       287.7464       287.8714       287.5928       286.8350       285.8703       284.6882       283.9828    
 1993   283.9408       284.1953       284.9521       286.2479       287.2210       287.9795       288.2041       287.9577       287.1205       286.1007       285.1560       284.4033    
 1994   284.2689       284.3775       285.1962       286.3786       287.3482       288.1400       288.2568       287.9404       287.0969       286.1072       285.1208       284.4354    
 1995   284.2336       284.4672       285.2350       286.3088       287.4239       288.1386       288.2058       288.0098       287.1982       286.2515       285.1912       284.4018    
 1996   284.3000       284.3587       285.3810       286.6048       287.7026       288.3365       288.4928       288.0970       287.4217       286.4105       285.2327       284.6624    
 1997   284.3652       284.6427       285.4329       286.4838       287.5931       288.1756       288.3871       288.1173       287.2381       286.2071       285.1611       284.4725    
 1998   284.0860       284.5350       285.2989       286.3157       287.4695       288.2906       288.2748       288.0200       287.3139       286.2719       285.2760       284.3987    
 1999   284.1814       284.5498       285.2687       286.4890       287.6290       288.2880       288.3728       288.0625       287.3317       286.3589       285.4956       284.6935    
 2000   284.4193       284.5781       285.4200       286.4806       287.7069       288.2589       288.4151       288.1276       287.3861       286.2696       285.2654       284.6510    
 2001   284.3921       284.6510       285.2762       286.4673       287.6105       288.3992       288.3951       288.0592       287.3329       286.2597       285.1722       284.4971    
 2002   284.5806       284.6192       285.4629       286.6338       287.7850       288.3544       288.6013       288.2915       287.5777       286.5363       285.5590       284.9173    
 2003   284.6791       284.9371       285.7458       286.8537       287.8788       288.4625       288.7688       288.4062       287.7264       286.6250       285.7707       285.1909    
 2004   284.9211       284.9926       285.8112       286.8127       287.8012       288.4484       288.6801       288.2865       287.4694       286.5385       285.4811       284.7313    
 2005   284.5190       284.8106       285.7025       286.6508       287.6835       288.3161       288.5012       288.1419       287.5089       286.4492       285.3650       284.5889    
 2006   284.3998       284.8088       285.4679       286.6119       287.7884       288.4207       288.5766       288.3101       287.5092       286.5323       285.5007       284.6654    
 2007   284.6137       284.9980       285.7445       286.7829       287.6931       288.4497       288.5511       288.3109       287.6014       286.4486       285.3212       284.7014    
 2008   284.5710       284.7973       285.6498       286.7207       287.7068       288.3427       288.6074       288.3497       287.6145       286.8044       285.6425       284.8554    
 2009   284.5149       284.8588       285.5334       286.5215       287.8254       288.4109       288.6759       288.4017       287.6438       286.7069       285.6009       284.9406    
 2010   284.7192       285.1213       285.7394       286.8617       287.9056       288.5534       288.6594       288.4290       287.6646       286.5196       285.6761       284.8922    
 2011   284.6754       285.0534       285.8115       286.9101       288.0751       288.6818       288.8279       288.6474       287.7069       286.8479       285.8360       284.9068    
 2012   284.8045       284.8775       285.7635       286.8701       287.9524       288.6201       288.8939       288.5516       287.6130       286.7574       285.5286       284.8829    
 2013   284.6669       284.9579       285.5750       286.9553       287.9536       288.6289       288.8100       288.5005       287.8380       286.7678       285.9330       285.1953    
 2014   285.0607       285.2244       286.0127       287.0654       288.1775       288.8466       288.9291       288.4038       287.8492       286.7515       285.5637       284.8445    
 2015   284.6103       284.7465       285.4926       286.7648       287.8221       288.4672       288.6576       288.3983       287.7149       286.7133       285.5563       284.9441    
 2016   284.7942       285.0151       285.8219       286.8446       288.0412       288.6805       288.8642       288.5742       287.9799       287.0542       286.0584       285.2870    
 2017   284.9588       285.1241       286.0671       287.2392       288.2404       288.8409       288.9719       288.8428       288.0596       287.0558       286.0709       285.3470    
 2018   284.9660       285.3337       286.1325       287.2112       288.2459       288.7590       288.8892       288.6187       287.8981       286.9878       285.8093       285.0457    
 2019   284.9045       285.2686       286.0546       286.9831       287.9539       288.7948       288.9721       288.6503       287.8658       286.9492       286.1086       285.2431    
 2020   285.0366       285.0444       285.9471       287.2145       288.2510       288.7897       288.9929       288.7265       288.0171       287.1911       286.2697       285.3871    
 2021   285.2218       285.6349       286.4420       287.3705       288.5202       288.9799       289.1597       289.1055       288.2747       287.2071       286.3465       285.3972    
 2022   285.1618       285.4229       286.1304       287.3386       288.3451       288.8400       289.0473       288.7843       287.9826       287.1005       286.1636       285.1199    
 2023   284.8994       285.1807       285.9738       287.1682       288.2104       288.9057       289.0482       288.7816       288.0957       287.0645       286.0460       285.4919    
 2024   285.1410       285.4365       286.0853       287.1170       288.1733       288.8995       289.0104       288.8681       287.8909       286.9170       285.8950       285.2546    
 2025   285.0311       285.4444       286.1454       287.2996       288.2461       288.9797       289.1662       288.9451       288.1656       287.2081       286.1784       285.4709    
 2026   285.2893       285.6570       286.3333       287.4425       288.5603       289.1843       289.3098       289.0580       288.3551       287.4454       286.3824       285.5195    
 2027   285.1242       285.5222       286.3167       287.3051       288.3386       289.1679       289.3239       289.0555       288.2608       287.2692       286.2326       285.3766    
 2028   285.2715       285.5611       286.2262       287.3660       288.3702       289.0727       289.2279       288.9961       288.1647       287.0944       285.9630       285.4252    
 2029   285.0487       285.3008       286.1483       287.3022       288.3073       289.1125       289.3064       288.9509       288.2646       287.1515       286.0432       285.3018    
 2030   285.2141       285.5008       286.1721       287.3720       288.4585       289.1037       289.3151       289.2186       288.3231       287.3453       286.3235       285.5817    
 2031   285.2971       285.7598       286.5760       287.6927       288.6807       289.3161       289.4314       289.1409       288.2831       287.3326       286.0776       285.4341    
 2032   285.2357       285.5507       286.2740       287.4485       288.4923       289.2135       289.4304       289.2109       288.4304       287.4163       286.2442       285.4799    
 2033   285.4236       285.6058       286.2292       287.4924       288.6669       289.3681       289.3680       289.1319       288.4012       287.4236       286.2864       285.3795    
 2034   285.3727       285.6697       286.2058       287.4720       288.7098       289.3357       289.5567       289.2419       288.3394       287.1401       286.2242       285.2824    
 2035   285.1254       285.4634       286.1758       287.2695       288.5119       289.0921       289.5033       289.2847       288.4218       287.3879       286.4080       285.6974    
 2036   285.3288       285.5457       286.3049       287.4449       288.5908       289.3011       289.4705       289.0609       288.4743       287.3659       286.3493       285.6484    
 2037   285.5589       285.5600       286.3646       287.5212       288.6220       289.3411       289.5013       289.2248       288.3974       287.5229       286.3905       285.5516    
 2038   285.3660       285.7322       286.5520       287.7412       288.7428       289.3719       289.4929       289.1720       288.4306       287.3353       286.1683       285.3962    
 2039   285.1801       285.3603       286.3306       287.4718       288.4965       289.1738       289.3694       289.1884       288.2343       287.2330       286.0673       285.3850    
 2040   285.2275       285.2354       286.2219       287.5269       288.5274       289.1855       289.4605       289.1611       288.4615       287.4084       286.3823       285.5733    
 2041   285.2549       285.5207       286.2969       287.4283       288.5526       289.1533       289.2666       289.1324       288.5235       287.6024       286.5581       285.9481    
 2042   285.4260       285.8682       286.4587       287.6380       288.7035       289.3947       289.8135       289.5446       288.8094       287.8849       286.9667       286.0714    
 2043   285.9251       286.1839       286.8907       288.1628       289.2652       289.8072       290.0898       289.7132       288.9459       288.0344       286.9870       286.2548    
 2044   285.8810       285.9930       286.7784       287.9455       289.0182       289.6895       289.9188       289.5053       288.7969       287.8669       286.7097       285.8135    
 2045   285.5449       285.9030       286.7208       287.8495       288.8214       289.4901       289.6544       289.3910       288.5328       287.5206       286.5942       285.7220    
 2046   285.3113       285.9030       286.4005       287.7138       288.7966       289.5244       289.7238       289.4015       288.6653       287.6243       286.5759       285.9962    
 2047   285.7528       285.8333       286.6833       287.8302       288.8972       289.6394       289.7027       289.5735       288.8436       287.7762       286.7226       286.0019    
 2048   285.9083       285.9303       286.7416       287.8831       288.9805       289.5762       289.8842       289.7268       288.8765       287.8854       286.8191       286.2322    
 2049   286.0935       286.2368       286.9129       288.0382       289.2238       289.8517       289.9914       289.7188       288.9182       287.7837       286.7818       286.2674    
 2050   285.7610       286.1773       286.9527       288.0224       289.0811       289.7765       289.9951       289.6248       288.8384       287.8849       286.9733       286.2136    
 2051   285.9525       286.0528       286.9407       287.9372       288.9499       289.6523       289.8276       289.5920       288.6730       287.7515       286.7319       286.0798    
 2052   285.7049       285.8657       286.6609       287.8480       288.9713       289.6365       289.7706       289.5784       288.6477       287.7601       286.5948       285.8861    
 2053   285.6693       286.0537       286.8729       287.8086       289.0215       289.7409       290.0675       289.7350       288.9305       287.8943       286.9969       286.0631    
 2054   285.9011       286.3967       287.0253       288.2444       289.2524       289.7979       290.1357       289.7192       288.9295       288.0056       286.9918       286.1875    
 2055   285.7280       286.2898       286.8063       288.0281       289.0130       289.6683       289.9795       289.7844       289.0262       287.8410       287.0164       286.2760    
 2056   285.8738       286.1414       286.9189       287.9070       289.1275       289.7818       289.9780       289.6617       289.0843       288.0386       286.9796       286.3119    
 2057   286.1094       286.2806       287.1273       288.1323       289.3596       289.9301       290.2208       289.8925       289.1145       288.0503       287.1788       286.3434    
 2058   286.1041       286.2778       286.9044       288.0121       289.3232       289.8860       289.9666       289.6808       288.8807       287.8700       286.8286       286.0579    
 2059   285.7054       286.0729       286.7146       288.0161       289.1107       289.7931       289.9914       289.7927       289.0768       288.1607       287.1016       286.2990    
 2060   286.0126       286.3259       287.1442       288.2805       289.4245       290.0438       290.1795       289.7990       289.0715       288.2295       287.1023       286.1428    
 2061   285.9387       286.1591       286.9069       287.9968       289.1387       289.7747       289.9351       289.8000       288.9875       288.0588       287.0086       286.0627    
 2062   285.8218       286.0921       286.9418       288.0494       289.1645       289.8381       290.0568       289.8934       289.0123       288.2067       287.0010       286.4303    
 2063   286.2245       286.3478       287.2222       288.3531       289.4469       289.9953       290.2533       289.9176       289.2179       288.3814       287.3408       286.3638    
 2064   286.1703       286.5974       287.2375       288.3392       289.3570       289.9506       290.1998       290.0089       289.1879       288.2477       287.1873       286.4902    
 2065   286.1755       286.4183       286.9592       288.2048       289.2460       289.8599       290.1561       289.8560       289.0454       287.9931       287.1589       286.4155    
 2066   286.3691       286.4625       287.2375       288.3723       289.4858       290.1522       290.3710       290.1418       289.2908       288.3508       287.4724       286.4839    
 2067   286.3410       286.6749       287.3802       288.4520       289.4286       290.1216       290.4183       290.1304       289.3718       288.3821       287.3706       286.6465    
 2068   286.3194       286.4969       287.3240       288.2548       289.3374       290.1014       290.2696       289.8785       289.2159       288.2243       287.0393       286.4286    
 2069   286.2502       286.5872       287.3378       288.2836       289.4591       290.0791       290.4210       290.1483       289.3387       288.3859       287.2844       286.6167    
 2070   286.3457       286.6085       287.4889       288.4356       289.6368       290.2828       290.4026       290.3079       289.4552       288.5933       287.4485       286.6583    
 2071   286.3949       286.6470       287.3267       288.4283       289.4585       290.2328       290.5835       290.3105       289.3617       288.3977       287.3398       286.8226    
 2072   286.4302       286.6732       287.3486       288.4081       289.6654       290.1810       290.2705       290.0910       289.2616       288.4200       287.3557       286.6065    
 2073   286.2321       286.5326       287.1968       288.3636       289.5385       290.1961       290.4137       290.0675       289.3730       288.3896       287.4847       286.7547    
 2074   286.5312       286.8503       287.6105       288.6136       289.7484       290.2835       290.5390       290.1854       289.6079       288.5329       287.4692       286.7426    
 2075   286.5047       286.5755       287.3139       288.4701       289.6071       290.1580       290.2850       290.1234       289.2213       288.3475       287.3994       286.6574    
 2076   286.4165       286.6753       287.4002       288.4253       289.5782       290.3064       290.4518       290.2891       289.5710       288.5497       287.6675       286.7542    
 2077   286.6411       286.7037       287.5208       288.5862       289.7179       290.4452       290.6144       290.3434       289.5415       288.4687       287.4077       286.7776    
 2078   286.4759       286.7062       287.4557       288.5806       289.6660       290.3370       290.5704       290.3034       289.5345       288.7203       287.6893       286.9181    
 2079   286.6944       286.8076       287.6389       288.6134       289.7903       290.3094       290.5252       290.3228       289.4839       288.4796       287.4083       286.7043    
 2080   286.4984       286.7796       287.3432       288.5494       289.6807       290.3121       290.5448       290.3246       289.5897       288.5918       287.5666       286.7318    
 2081   286.3253       286.6757       287.4187       288.5649       289.6427       290.2248       290.3570       290.2471       289.3415       288.3715       287.4254       286.8521    
 2082   286.4408       286.6678       287.3830       288.4797       289.6514       290.2892       290.4109       290.1699       289.3858       288.4588       287.5139       286.8155    
 2083   286.4906       286.6937       287.5206       288.4848       289.5051       290.2542       290.4832       290.1995       289.3419       288.4910       287.5477       286.7038    
 2084   286.6197       286.6393       287.5405       288.7517       289.8198       290.4769       290.5948       290.4621       289.6207       288.7899       287.6526       286.8972    
 2085   286.7702       287.0179       287.5838       288.8034       289.8069       290.4593       290.8294       290.3310       289.7117       288.7667       287.7743       287.0809    
 2086   286.8403       287.0025       287.7065       288.5500       289.7839       290.3091       290.6347       290.2967       289.6243       288.7271       287.6418       286.9442    
 2087   286.6457       286.8556       287.5291       288.7361       289.7102       290.5247       290.7820       290.5156       289.6865       288.7371       287.7439       287.0094    
 2088   286.7712       286.9987       287.7093       288.6656       289.8562       290.4989       290.6810       290.5475       289.6609       288.7129       287.6127       286.9874    
 2089   286.7588       286.9262       287.7126       288.9071       289.9075       290.5899       290.7476       290.4256       289.7706       288.7045       287.7811       287.0134    
 2090   286.7846       287.0508       287.5814       288.7015       289.8455       290.4935       290.7130       290.3847       289.6232       288.7091       287.6545       286.9754    
 2091   286.5583       286.7362       287.5948       288.6680       289.9276       290.5805       290.7556       290.5222       289.7084       288.7928       287.7812       287.0309    
 2092   286.8016       287.1219       287.7914       288.7579       289.9375       290.4588       290.8279       290.7049       289.8405       288.9255       287.9048       287.2538    
 2093   286.7568       286.9973       287.6631       288.7938       289.7744       290.4048       290.6409       290.4512       289.5855       288.6403       287.7522       286.8811    
 2094   286.6848       286.8755       287.4961       288.6549       289.6934       290.3955       290.7198       290.5307       289.8051       288.8838       287.9252       287.2418    
 2095   286.9957       287.2175       287.9121       288.9538       290.1542       290.8005       291.0124       290.6847       290.0606       288.9283       288.0212       287.1754    
 2096   286.8941       287.1503       287.8938       288.8399       290.0335       290.6426       290.7818       290.4626       289.7276       288.7063       287.5856       286.7301    
 2097   286.5973       286.8402       287.5355       288.6801       289.6234       290.2389       290.4861       290.4371       289.6790       288.6935       287.6880       287.0232    
 2098   286.8333       287.1890       287.7514       288.6873       289.9392       290.6070       290.9736       290.7632       289.9732       289.0852       288.0761       287.2698    
 2099   287.0161       287.3790       287.9792       288.9936       290.0334       290.5335       290.9277       290.5759       289.7621       288.8347       287.9125       287.1303    
 2100   286.7747       286.9248       287.8272       288.8047       289.9473       290.4359       290.6889       290.3756       289.6649       288.7436       287.5312       286.8065    
