# <a href=http://cmip-pcmdi.llnl.gov/cmip5/>CMIP5</a> global mean temperature computed at <a href=http://www.knmi.nl/selectfield_cmip5.cgi?someone@somewhere>KNMI Climate Explorer</a> tas_Amon_IPSL-CM5A-LR_rcp26_r3i1p1
# tas [K] from IPSL-CM5A-LR model output prepared for CMIP5 RCP2.6 r3i1p1
# cutting out region lon=   -1.875  358.125, lat=  -90.000   90.000
 1850   283.0941       283.5090       284.1579       285.2184       286.1412       286.8196       287.2474       287.1214       286.3851       285.0305       283.8786       283.1885    
 1851   283.1954       283.3501       284.1222       284.9550       285.8913       286.7433       287.2400       287.0907       286.3231       285.0750       283.8203       283.2580    
 1852   283.1998       283.5191       284.2876       285.2418       286.2267       286.9984       287.3954       287.3968       286.4564       285.1153       283.9296       283.3528    
 1853   283.2847       283.7047       284.6172       285.4514       286.2968       286.9872       287.4214       287.3253       286.4928       285.2308       283.8160       283.0594    
 1854   283.0835       283.6081       284.2104       285.1461       286.1560       286.8798       287.4111       287.3528       286.5018       285.2670       283.9660       283.1448    
 1855   283.1801       283.4756       284.4032       285.2650       286.2207       286.9303       287.3882       287.3055       286.3678       285.1333       283.7388       282.9138    
 1856   282.9680       283.4705       284.1725       285.0148       285.7838       286.6461       287.0410       286.9215       286.0953       284.8105       283.7738       282.8660    
 1857   282.9174       283.5657       284.2639       285.1089       286.0086       286.7302       287.1607       287.0727       286.1586       285.0596       283.7212       282.9087    
 1858   282.9578       283.5536       284.3008       285.2698       286.1038       286.8989       287.3515       287.1285       286.4019       285.1821       284.0322       283.3625    
 1859   283.3262       283.6205       284.2931       285.3324       286.1059       286.8618       287.3028       287.1166       286.3853       285.1058       283.9376       283.1338    
 1860   283.0821       283.6369       284.2694       285.3297       286.1467       286.9033       287.3552       287.2411       286.4277       285.1625       284.0043       283.2237    
 1861   283.1362       283.6750       284.2703       285.2391       286.3046       287.0195       287.4688       287.2360       286.5260       285.0331       283.8627       282.9082    
 1862   283.1237       283.4255       284.3899       285.2683       286.1104       286.9146       287.2803       287.1377       286.4522       285.1687       283.9819       283.2554    
 1863   283.2214       283.6393       284.5579       285.2734       286.2082       286.9926       287.3806       287.1893       286.4737       285.3138       284.1495       283.2581    
 1864   283.3031       283.6054       284.2466       285.1754       285.9224       286.6439       287.0820       287.0665       286.2603       284.9654       283.8834       283.2266    
 1865   283.2387       283.5383       284.3499       285.4565       286.2565       287.1068       287.4981       287.4114       286.5589       285.1505       284.0540       283.3591    
 1866   283.3750       283.6392       284.4929       285.4255       286.1927       286.8926       287.3383       287.2950       286.5245       285.0565       283.9682       283.2214    
 1867   283.1510       283.4484       284.2347       285.2020       286.1641       286.8327       287.3152       287.1820       286.2861       285.0555       283.7994       283.2492    
 1868   283.0625       283.4906       284.3791       285.2766       286.3416       287.1099       287.6346       287.2881       286.4685       285.2965       284.0633       283.2472    
 1869   283.0494       283.6700       284.3306       285.3484       286.4571       287.1525       287.4537       287.4052       286.4282       285.3585       284.0944       283.3436    
 1870   283.0587       283.5822       284.3698       285.2553       286.3298       287.1226       287.4391       287.2933       286.4057       285.1798       283.9971       283.2705    
 1871   283.2042       283.7289       284.5128       285.5111       286.2984       287.1479       287.5674       287.2759       286.4985       285.2275       284.0335       283.2629    
 1872   283.1452       283.5714       284.3318       285.4619       286.2406       287.0808       287.4257       287.2704       286.5722       285.3331       284.1801       283.3960    
 1873   283.2693       283.7167       284.3250       285.2443       286.1348       286.9411       287.2899       287.2133       286.5152       285.1841       283.7942       283.3363    
 1874   283.3552       283.5085       284.3822       285.3164       286.1595       286.8021       287.4622       287.3541       286.7011       285.3296       284.1478       283.6052    
 1875   283.3687       283.7990       284.5752       285.5621       286.3746       287.1708       287.5674       287.4603       286.6466       285.3334       284.1707       283.7256    
 1876   283.2339       283.6154       284.4557       285.4616       286.3239       287.1386       287.5717       287.2862       286.5879       285.4025       284.0145       283.4051    
 1877   283.1774       283.7957       284.5136       285.5120       286.2337       287.0608       287.5197       287.3071       286.5424       285.3149       284.0770       283.4457    
 1878   283.6228       283.8634       284.5659       285.6463       286.4979       287.2395       287.6330       287.4749       286.7436       285.4719       284.0704       283.2965    
 1879   283.5048       283.9949       284.6180       285.4920       286.4807       287.3274       287.7274       287.5425       286.7056       285.4807       284.0833       283.3738    
 1880   283.3368       283.7225       284.3786       285.3297       286.2277       287.0629       287.4339       287.2374       286.3883       285.1787       283.9998       283.3112    
 1881   283.4134       283.8468       284.6825       285.5700       286.4485       287.3457       287.7580       287.6416       286.6944       285.5269       284.2050       283.5273    
 1882   283.4042       283.8725       284.5925       285.7110       286.5864       287.3250       287.7516       287.5042       286.6635       285.3715       284.3026       283.3628    
 1883   283.0761       283.7310       284.4589       285.6346       286.5092       287.1212       287.4948       287.4391       286.4586       285.1929       283.9655       283.0171    
 1884   283.2873       283.5565       284.2637       285.1268       285.9391       286.7709       287.2843       287.0928       286.1870       284.8748       283.7563       282.8500    
 1885   282.9618       283.3934       284.0129       284.9924       285.7503       286.5363       287.1172       286.9256       286.1631       284.9343       283.7305       283.0027    
 1886   282.8447       283.3156       284.1408       285.0941       285.9510       286.6637       287.1352       287.0874       286.2172       284.9404       283.7884       282.8891    
 1887   282.9701       283.4683       284.2135       285.2371       285.9664       286.8369       286.9895       286.9976       286.2040       284.9184       283.6063       283.2260    
 1888   283.0907       283.4989       284.3602       285.2276       286.1447       286.9148       287.3362       287.0998       286.3934       285.1029       283.9916       283.4399    
 1889   283.2759       283.6864       284.4005       285.3450       285.9738       286.8702       287.1415       287.1266       286.3946       285.0564       283.7383       283.0097    
 1890   283.2147       283.3619       284.0998       285.1175       286.1172       286.8858       287.3264       287.0910       286.3701       284.9487       284.0146       283.0992    
 1891   282.9951       283.5876       284.3737       285.2218       286.1809       286.8994       287.3921       287.2182       286.3951       284.9925       283.9214       283.2761    
 1892   283.1770       283.3277       284.3516       285.2657       286.0705       286.8553       287.3403       287.1936       286.4173       285.0959       283.8755       283.1420    
 1893   283.1024       283.6628       284.3059       285.3135       286.1501       286.9351       287.4521       287.2666       286.4793       285.2134       283.9620       283.2387    
 1894   282.9232       283.5762       284.1950       285.2533       286.1231       286.9168       287.3007       287.2071       286.3647       285.0025       283.9996       283.1851    
 1895   283.3723       283.6563       284.3177       285.2426       286.1116       286.9031       287.2642       287.2222       286.3531       285.0890       283.9733       283.0768    
 1896   283.0934       283.4735       284.2759       285.0921       286.1093       286.9010       287.3463       287.1241       286.4987       285.0672       283.8685       283.1897    
 1897   282.9246       283.4819       284.4252       285.2730       286.1220       286.8191       287.2142       287.0721       286.3569       285.0955       284.0585       283.3074    
 1898   283.1924       283.7311       284.4560       285.4814       286.2453       286.9471       287.4080       287.1894       286.4322       285.3029       284.0172       283.1830    
 1899   283.3215       283.4421       284.2069       285.0717       286.0632       286.9042       287.3973       287.2137       286.4438       285.0972       283.9470       283.3078    
 1900   283.2612       283.7123       284.3372       285.2955       286.2194       287.0015       287.4193       287.3486       286.4711       285.2783       284.0316       283.3723    
 1901   283.6009       283.8591       284.3759       285.3852       286.4203       287.2838       287.7158       287.6060       286.7469       285.2795       284.1469       283.5668    
 1902   283.5141       283.7068       284.4846       285.4157       286.2911       287.1690       287.4790       287.3839       286.4739       285.0728       284.0477       283.0559    
 1903   282.9284       283.3628       284.2393       285.2166       286.0612       286.7289       287.1547       287.0096       286.2292       284.9327       283.6046       283.1412    
 1904   283.1920       283.5681       284.3394       285.2932       286.1804       286.9646       287.4142       287.2747       286.4031       285.0768       284.0526       283.1010    
 1905   283.0147       283.4498       284.1004       285.1328       286.0052       286.9587       287.3789       287.2962       286.5507       285.1912       283.9841       283.4430    
 1906   283.2343       283.6164       284.5018       285.4425       286.3829       287.2768       287.6338       287.5738       286.8098       285.3453       284.2155       283.4755    
 1907   283.4102       283.9212       284.5473       285.3562       286.3365       287.0192       287.4142       287.3190       286.5339       285.0500       283.9867       283.3214    
 1908   283.3037       283.5915       284.3248       285.3752       286.1932       287.0832       287.5808       287.3669       286.6539       285.4212       284.0603       283.1777    
 1909   283.0109       283.6732       284.4502       285.3900       286.2414       287.1255       287.4446       287.3281       286.5307       285.2284       284.0661       283.3146    
 1910   283.2996       283.7590       284.6018       285.3639       286.0505       286.7792       287.2798       287.1653       286.2524       284.9746       283.8172       283.2835    
 1911   283.2655       283.5321       284.1992       285.3481       286.2120       287.0050       287.5558       287.4663       286.5522       285.1408       284.0002       283.3037    
 1912   283.2090       283.2950       284.4029       285.4789       286.2959       287.0228       287.3919       287.3262       286.4056       285.1769       284.0117       283.1953    
 1913   283.2021       283.6145       284.3413       285.1140       286.2382       287.0096       287.4816       287.3934       286.5272       285.2440       283.9947       283.4456    
 1914   283.4843       283.7466       284.4959       285.5118       286.5421       287.2937       287.6499       287.5068       286.7177       285.3290       284.0786       283.3873    
 1915   283.3813       283.7778       284.3689       285.3613       286.3506       287.1563       287.6456       287.5328       286.8009       285.4301       284.3258       283.4603    
 1916   283.2164       283.7535       284.6452       285.5593       286.4122       287.1529       287.6219       287.4133       286.6294       285.3158       284.3410       283.6068    
 1917   283.3595       283.7308       284.7628       285.4669       286.2828       287.0511       287.5809       287.4391       286.5829       285.3113       284.2432       283.4239    
 1918   283.4081       283.7864       284.6522       285.5338       286.3971       287.1271       287.4945       287.5287       286.6785       285.4843       284.1035       283.3797    
 1919   283.2626       283.8441       284.7211       285.5962       286.2553       287.0530       287.4781       287.2637       286.4398       285.2504       283.9424       283.1453    
 1920   283.4367       283.6924       284.5970       285.4455       286.2291       287.0356       287.5842       287.4680       286.6163       285.4652       284.1144       283.3133    
 1921   283.3519       283.8238       284.7147       285.5749       286.6410       287.2997       287.5745       287.4136       286.5758       285.3502       284.0839       283.3444    
 1922   283.1705       283.4688       284.4676       285.5165       286.5356       287.3318       287.7444       287.5870       286.6534       285.3508       284.0768       283.6232    
 1923   283.6492       283.8457       284.6870       285.7137       286.4574       287.1032       287.4959       287.3894       286.5696       285.4003       284.2430       283.5435    
 1924   283.3918       283.8236       284.5630       285.4878       286.2639       287.2195       287.5530       287.1996       286.5640       285.2389       284.0637       283.0424    
 1925   283.6388       283.6125       284.2527       285.2130       286.1260       286.9522       287.3902       287.2748       286.4386       285.1926       283.9645       283.3487    
 1926   283.3928       283.9044       284.4580       285.4013       286.4242       287.0860       287.4974       287.3496       286.6102       285.1941       284.2034       283.4670    
 1927   283.3656       283.9889       284.7136       285.5819       286.4482       287.2702       287.5876       287.5299       286.7200       285.3842       284.2710       283.5271    
 1928   283.3464       283.9024       284.7086       285.6693       286.5677       287.3289       287.7011       287.6332       286.8489       285.4542       284.3090       283.5729    
 1929   283.4218       283.9288       284.6612       285.5467       286.5869       287.3798       287.6593       287.5581       286.8029       285.3733       284.2534       283.4381    
 1930   283.5555       283.9247       284.7260       285.6043       286.5002       287.1616       287.6856       287.4479       286.6829       285.3712       284.3669       283.3506    
 1931   283.3659       283.7167       284.4729       285.4340       286.3706       287.1389       287.5294       287.3962       286.5149       285.3304       284.1523       283.3926    
 1932   283.2793       283.7904       284.3733       285.4799       286.3385       287.2552       287.5799       287.3461       286.6422       285.3989       284.0186       283.5339    
 1933   283.3336       283.9489       284.7545       285.7937       286.4840       287.3191       287.5884       287.4339       286.5715       285.2655       284.1971       283.5944    
 1934   283.5779       283.9536       284.7407       285.7106       286.5078       287.1038       287.6470       287.5907       286.7972       285.4267       284.1732       283.5046    
 1935   283.1000       283.9123       284.4574       285.4622       286.3657       287.2101       287.6095       287.5383       286.6870       285.4645       284.3733       283.4679    
 1936   283.5746       284.0076       284.8175       285.8026       286.6695       287.5865       287.9745       287.8152       287.0057       285.6693       284.4299       283.7655    
 1937   283.7462       284.2176       284.8193       285.8801       286.6091       287.2890       287.8118       287.6271       286.7757       285.5107       284.2850       283.5352    
 1938   283.4827       284.0234       284.8105       285.6760       286.4529       287.2599       287.6724       287.5732       286.7224       285.5066       284.1902       283.6078    
 1939   283.7579       284.0574       284.9637       285.7480       286.4860       287.2198       287.7141       287.6408       286.7505       285.6210       284.5457       283.6431    
 1940   283.8691       284.1419       284.9744       285.7505       286.5255       287.3914       287.8800       287.7001       287.1032       285.7473       284.4046       283.9048    
 1941   283.7477       284.2849       284.9724       286.0479       286.7826       287.5102       287.9254       287.8038       286.8644       285.6011       284.4038       283.6495    
 1942   283.6227       283.9408       284.8611       285.8639       286.5605       287.3535       287.8008       287.5596       286.7453       285.4476       284.3341       283.4375    
 1943   283.3585       283.9628       284.7026       285.7054       286.6395       287.4391       287.8625       287.7392       286.9295       285.5374       284.5229       283.9780    
 1944   283.8059       284.1353       284.9708       285.8905       286.8812       287.6568       288.2125       288.0969       287.2214       285.9487       284.7464       284.0237    
 1945   284.0097       284.3352       285.2094       286.0804       286.8224       287.7206       288.0681       287.8783       287.0372       285.7396       284.6408       283.8774    
 1946   283.7806       284.2245       285.0216       285.8952       286.6713       287.4843       287.9207       287.6918       286.8483       285.6157       284.4836       283.7158    
 1947   283.6579       284.1772       284.8018       285.8224       286.7365       287.4715       287.9877       287.8032       287.1386       285.8176       284.4734       283.8305    
 1948   283.8607       284.0413       284.9123       285.7262       286.4720       287.3361       287.7545       287.7096       286.7202       285.5579       284.3378       283.7389    
 1949   283.6924       284.2032       284.9700       285.9350       286.8134       287.4734       287.9348       287.7819       286.9396       285.5905       284.6143       283.9550    
 1950   283.8075       284.1888       284.9438       285.9136       286.8487       287.5753       287.9827       287.8473       286.9077       285.7690       284.5040       283.8106    
 1951   283.6329       284.1565       284.8415       285.8090       286.6456       287.3674       287.7343       287.6332       286.8224       285.6354       284.3504       283.6168    
 1952   283.6793       283.8957       284.9280       285.6898       286.5728       287.4879       287.7868       287.7148       286.8871       285.5342       284.4926       283.7761    
 1953   283.7402       284.0239       284.7720       285.7374       286.6121       287.4232       287.7701       287.6582       286.7132       285.4303       284.4584       283.5482    
 1954   283.5245       283.9070       284.7047       285.6618       286.5943       287.3687       287.8528       287.7704       286.8033       285.5785       284.3724       283.5547    
 1955   283.7814       284.0406       284.8144       285.5564       286.4663       287.2049       287.6099       287.6256       286.8918       285.4232       284.2566       283.7079    
 1956   283.6707       284.0930       284.8184       285.8366       286.5891       287.3825       287.7727       287.6732       286.9036       285.6194       284.4174       283.9659    
 1957   283.7122       284.2299       284.8000       285.7656       286.7070       287.4917       287.8898       287.7786       287.0120       285.7967       284.5189       283.7264    
 1958   283.7277       284.1522       284.8837       285.8281       286.5985       287.3930       287.7512       287.6242       286.8061       285.5885       284.3423       283.5818    
 1959   283.6838       284.0346       284.7695       285.7550       286.6367       287.4199       287.9107       287.6650       286.9226       285.7746       284.4911       283.7103    
 1960   283.6722       284.1261       284.8949       285.9052       286.8850       287.7355       288.0854       287.9261       287.0059       285.7836       284.5561       283.7525    
 1961   283.7327       283.9858       284.8945       285.8230       286.8791       287.6432       287.9832       287.9079       287.0509       285.6896       284.5443       283.7797    
 1962   283.6406       283.9886       284.8140       285.7778       286.5590       287.3197       287.7741       287.6060       286.6879       285.4257       284.3374       283.5107    
 1963   283.6190       283.7678       284.5467       285.5933       286.3795       287.0064       287.5021       287.3432       286.4047       285.1561       284.1624       283.2687    
 1964   283.2205       283.6958       284.5484       285.4673       286.1944       286.9226       287.4380       287.1612       286.4375       285.2390       284.0870       283.3374    
 1965   283.5511       283.8456       284.7790       285.7464       286.5521       287.2889       287.6845       287.4570       286.5859       285.2017       284.0447       283.5219    
 1966   283.2865       283.7926       284.5717       285.3946       286.4196       287.1463       287.5248       287.4286       286.5900       285.1894       284.0378       283.3908    
 1967   283.3997       283.7373       284.5177       285.6496       286.4979       287.2700       287.6195       287.5623       286.6136       285.2964       284.0520       283.3145    
 1968   283.3164       283.8332       284.5781       285.4362       286.2058       286.9447       287.3256       287.1180       286.4190       285.1917       284.0968       283.3547    
 1969   283.4140       283.6565       284.4199       285.3351       286.2585       286.9897       287.4116       287.2401       286.4016       285.1514       284.0458       283.2890    
 1970   283.5804       283.8673       284.8026       285.8251       286.4875       287.3531       287.7655       287.6980       286.9200       285.6788       284.3949       283.8439    
 1971   284.0343       284.2313       284.9434       285.9177       286.7287       287.4360       287.8660       287.7903       286.8782       285.6426       284.3843       283.5762    
 1972   283.6017       283.9701       284.7791       285.9026       286.7162       287.5134       287.9796       287.8269       286.9572       285.7254       284.3443       283.6636    
 1973   283.7806       284.1870       284.6791       285.5627       286.6221       287.4176       287.7591       287.6719       286.9351       285.6772       284.5324       283.8480    
 1974   283.7756       283.9785       284.9341       285.8735       286.6893       287.4587       287.7441       287.5774       286.7922       285.5522       284.2864       283.4970    
 1975   283.4741       283.8567       284.6315       285.5817       286.5507       287.2277       287.6591       287.5844       286.8818       285.4445       284.3515       283.6889    
 1976   283.7714       283.7913       284.7125       285.7321       286.8362       287.5786       287.9446       287.8777       287.0176       285.6706       284.5694       283.7529    
 1977   283.7232       284.0354       284.7663       285.6715       286.5794       287.3618       287.6836       287.6322       286.8589       285.7223       284.4330       283.5735    
 1978   283.5117       283.7271       284.7057       285.7898       286.6397       287.4478       287.8287       287.7780       286.9919       285.6281       284.6316       284.1039    
 1979   283.8948       284.3669       285.0733       286.0680       287.0126       287.8854       288.1915       288.0639       287.1920       285.9014       284.6302       283.8382    
 1980   283.6811       284.2242       284.9369       285.9242       286.7740       287.6663       287.9016       287.8049       287.0031       285.8751       284.5959       283.6645    
 1981   283.6945       284.0909       284.9117       285.8811       286.6884       287.5488       287.9413       287.8379       287.0866       285.7649       284.5944       283.7445    
 1982   283.5717       284.2759       284.9793       285.9702       286.7314       287.4857       288.1265       287.9174       287.0393       285.7001       284.5688       283.8757    
 1983   283.9057       284.4250       285.1293       285.9679       286.9583       287.7832       288.1751       288.0308       287.1652       285.8235       284.8127       283.9402    
 1984   283.9330       284.4488       285.1756       286.2239       287.1317       287.8978       288.3637       288.2781       287.4720       286.1243       284.9354       284.2067    
 1985   283.9312       284.5758       285.2525       286.2577       287.0332       287.8837       288.1395       287.9810       287.1271       285.8363       284.5687       283.8972    
 1986   283.8445       284.2431       284.9814       286.0025       286.9274       287.6914       288.1695       288.0732       287.3050       285.9994       284.7278       284.1624    
 1987   284.1999       284.5298       285.1982       286.0364       286.9138       287.7769       288.1708       288.0414       287.1286       285.8265       284.5269       283.9771    
 1988   284.0363       284.4492       285.3393       286.2961       287.2140       288.0646       288.4483       288.3295       287.6016       286.2593       285.0119       284.3727    
 1989   284.2032       284.5994       285.5428       286.3040       287.2292       287.9507       288.4420       288.3586       287.5128       286.1118       284.9003       284.0352    
 1990   284.3388       284.9049       285.3461       286.3812       287.2033       288.0109       288.3744       288.2804       287.4163       286.0741       284.9040       284.4606    
 1991   284.3725       284.7669       285.4828       286.3071       287.1233       287.7859       288.1837       288.0572       287.1293       285.7975       284.6556       284.0591    
 1992   284.0470       284.3612       285.0170       285.8691       286.7607       287.6631       288.0640       287.8860       287.0517       285.9128       284.6335       283.8069    
 1993   283.8386       284.3372       285.3608       286.2831       287.1125       287.9153       288.3550       288.1417       287.4053       286.0680       284.8541       284.1695    
 1994   284.1033       284.6333       285.1252       286.0353       286.8117       287.6787       288.0231       287.9189       287.1424       285.8976       284.7032       284.1046    
 1995   284.0058       284.3171       285.0703       286.2341       287.0510       287.9902       288.4198       288.3155       287.5397       286.2307       285.0036       284.2926    
 1996   284.1479       284.5535       285.3142       286.1605       286.9492       287.8988       288.3060       288.2888       287.4764       286.2159       284.9078       284.0083    
 1997   283.9058       284.3103       285.2320       286.2164       286.9933       287.7970       288.2473       288.2559       287.4826       286.2072       285.0151       284.2719    
 1998   284.1916       284.6051       285.1471       286.1505       287.0195       287.7787       288.2802       288.1956       287.5346       286.2776       285.0602       284.4016    
 1999   284.2641       284.6382       285.2836       286.3723       287.2049       288.0316       288.3893       288.4207       287.6168       286.2243       285.1637       284.4286    
 2000   284.4565       284.7182       285.5471       286.4052       287.3038       288.0410       288.3847       288.4033       287.5463       286.1995       284.9278       284.4022    
 2001   284.3844       284.7176       285.5450       286.4299       287.3282       288.1357       288.5863       288.5410       287.6801       286.4548       285.2082       284.3711    
 2002   284.3834       284.8782       285.5507       286.5294       287.3592       288.1853       288.5636       288.4674       287.7180       286.3749       285.1355       284.7171    
 2003   284.6689       284.9402       285.3961       286.4227       287.2261       288.1848       288.5842       288.5023       287.7721       286.4408       285.2767       284.4513    
 2004   284.4258       284.8804       285.4164       286.4417       287.3700       288.1176       288.6419       288.4962       287.7415       286.4095       285.2627       284.5014    
 2005   284.5770       285.0271       285.7110       286.4707       287.4578       288.1931       288.6059       288.4663       287.6942       286.3503       285.1866       284.4814    
 2006   284.3742       285.0873       285.6354       286.5816       287.4910       288.1922       288.7200       288.4734       287.7358       286.4257       285.1714       284.5838    
 2007   284.5410       285.0062       285.5352       286.4781       287.3433       288.0461       288.5185       288.5487       287.6981       286.3179       285.2884       284.6832    
 2008   284.6835       285.2977       285.6801       286.6373       287.6368       288.3452       288.7191       288.5314       287.7712       286.5191       285.3126       284.6053    
 2009   284.5355       284.6144       285.2908       286.4560       287.4644       288.2052       288.6281       288.4587       287.6649       286.4583       285.3840       284.6107    
 2010   284.3798       284.9337       285.5752       286.4787       287.3505       288.1045       288.6688       288.6732       287.7818       286.4593       285.3206       284.4978    
 2011   284.6067       284.9497       285.5040       286.5057       287.3839       288.2819       288.6828       288.7524       288.0212       286.7071       285.4942       284.6710    
 2012   284.5169       285.2495       285.8983       286.8427       287.6500       288.4265       288.8735       288.6488       287.9718       286.7112       285.6517       284.7538    
 2013   284.6920       285.0323       285.7849       286.5219       287.4635       288.4966       288.7630       288.7709       288.1915       286.9546       285.6463       285.0610    
 2014   284.9360       285.2141       285.8620       286.7223       287.5850       288.4572       288.7903       288.7046       287.9467       286.7532       285.4093       284.6186    
 2015   284.5827       284.9798       285.7628       286.7903       287.6101       288.4624       288.8408       288.7366       288.0643       286.7255       285.4765       284.9711    
 2016   284.7799       284.9603       285.8577       286.7512       287.6913       288.6232       289.1098       288.9533       288.2772       286.9641       285.8216       285.1374    
 2017   284.7843       285.1724       285.9924       286.9283       288.0198       288.7522       289.2598       289.2443       288.4883       287.2892       285.9420       284.9958    
 2018   284.9453       285.3900       286.1703       287.0000       287.8112       288.6423       289.0930       288.9417       288.1480       286.7997       285.6607       284.7993    
 2019   284.8150       285.2251       285.8457       286.6364       287.5172       288.4629       288.8130       288.6690       287.9064       286.5887       285.6621       284.7496    
 2020   284.5242       285.1042       285.9127       286.9289       287.7160       288.5431       289.0119       289.0027       288.1866       286.8496       285.7024       284.9246    
 2021   285.0909       285.4521       285.9941       286.9208       287.8623       288.7374       289.1121       288.9896       288.2220       287.0445       285.8682       285.2297    
 2022   284.9984       285.4075       286.0437       286.9409       287.8828       288.4951       288.9419       288.7906       288.1836       286.9680       285.7832       285.0050    
 2023   284.9453       285.3137       285.9829       287.0395       287.9392       288.7186       289.1946       289.1212       288.4413       287.1494       285.9285       285.0839    
 2024   285.1090       285.4594       286.1472       286.8068       287.8266       288.6253       289.0320       288.8748       288.2010       286.9208       285.7569       285.1478    
 2025   285.1581       285.5826       286.2287       286.9564       287.9037       288.6218       289.2330       289.2127       288.4309       287.2141       285.9666       285.2808    
 2026   285.1667       285.5399       286.2812       287.2050       287.9909       288.8482       289.2518       289.1398       288.4546       287.1757       285.9709       285.2487    
 2027   285.1968       285.6610       286.1733       286.9697       287.8979       288.8228       289.2653       289.1476       288.3406       287.1105       285.8876       285.1748    
 2028   285.0186       285.3035       286.1982       287.1647       287.9232       288.5896       288.9221       288.8652       288.2563       286.9452       285.7650       284.8979    
 2029   284.8566       285.2399       286.0204       286.8441       287.6504       288.4720       289.0245       288.8801       288.1240       286.9070       285.7171       285.0219    
 2030   284.9263       285.5508       286.0398       287.0071       287.9309       288.7367       289.2064       289.0116       288.3666       287.0866       286.0167       285.3053    
 2031   285.1211       285.5040       286.2539       286.9661       287.9791       288.7002       289.2260       289.2121       288.4743       287.0552       285.9717       285.3126    
 2032   285.0181       285.4803       286.2564       287.0736       288.1529       288.7837       289.4080       289.2971       288.3994       287.0571       285.9193       285.1469    
 2033   285.1301       285.5384       286.2256       287.2310       288.0733       288.8107       289.3414       289.4706       288.5807       287.3300       286.1747       285.4937    
 2034   285.6819       285.9342       286.6537       287.4766       288.3145       289.2841       289.5032       289.4742       288.6809       287.3481       286.0788       285.3045    
 2035   285.6109       286.0017       286.4735       287.2534       288.2057       289.0173       289.5264       289.4426       288.7851       287.3833       286.2479       285.3424    
 2036   285.2002       285.7560       286.0806       287.1317       287.9452       288.7909       289.2302       289.2297       288.5461       287.2931       285.9280       285.4391    
 2037   285.3976       285.7619       286.4490       287.3364       288.0528       288.8991       289.3802       289.3387       288.5864       287.2057       286.1578       285.2145    
 2038   285.2307       285.9650       286.5023       287.1475       288.1475       288.9932       289.4628       289.3996       288.7261       287.3880       286.2724       285.3360    
 2039   285.2424       285.7372       286.3827       287.2474       288.1692       289.0392       289.5176       289.3026       288.5544       287.3249       286.2100       285.5025    
 2040   285.3374       285.9712       286.6378       287.4291       288.3243       289.0856       289.7232       289.7373       288.9934       287.8150       286.7287       285.8504    
 2041   285.9815       286.1791       286.8684       287.5451       288.3661       289.1682       289.6612       289.6390       288.7854       287.5819       286.4657       285.6382    
 2042   285.4240       285.7698       286.2637       287.2692       288.1660       288.8988       289.4109       289.3330       288.5325       287.3044       286.0818       285.5356    
 2043   285.4116       285.4982       286.2474       287.0040       287.8316       288.7920       289.2920       289.2314       288.4761       287.2149       286.0671       285.5401    
 2044   285.4122       285.4904       286.2979       287.1481       288.0660       288.8669       289.3938       289.3353       288.5750       287.4447       286.1981       285.5059    
 2045   285.4501       285.8458       286.4683       287.2874       288.1715       289.0338       289.6255       289.4417       288.6852       287.3806       286.2006       285.5270    
 2046   285.2799       285.5395       286.3219       287.3244       288.2768       289.1330       289.6664       289.5886       288.7809       287.5906       286.3399       285.5942    
 2047   285.3446       285.8169       286.4769       287.2325       288.2739       289.1382       289.6761       289.4717       288.6763       287.3479       286.0696       285.2909    
 2048   285.2538       285.7632       286.3976       287.1987       287.9902       288.8528       289.3167       289.0818       288.4046       287.1891       285.9703       285.3435    
 2049   285.4601       285.6222       286.2724       287.0780       288.2194       289.0020       289.5032       289.3643       288.8189       287.5989       286.3422       285.5003    
 2050   285.3919       285.8437       286.5887       287.4089       288.1743       289.0502       289.4794       289.3471       288.7242       287.4336       286.1683       285.2519    
 2051   285.3815       285.8576       286.4673       287.4011       288.2531       289.1769       289.6143       289.5141       288.7667       287.5606       286.3122       285.7110    
 2052   285.5019       285.8653       286.6321       287.4451       288.2526       289.1445       289.6208       289.5714       288.9339       287.4629       286.3907       285.6692    
 2053   285.4765       285.6766       286.3781       287.3481       288.0377       288.9049       289.3424       289.3010       288.6188       287.2746       286.1845       285.2900    
 2054   285.3839       285.6410       286.4403       287.2487       288.1045       288.9803       289.4521       289.3525       288.6270       287.3934       286.2616       285.7076    
 2055   285.4206       285.7483       286.4361       287.2497       288.1844       289.0358       289.5939       289.5896       288.8123       287.4796       286.4719       285.8083    
 2056   285.5934       285.8151       286.4642       287.4435       288.1514       289.0049       289.4875       289.3385       288.6168       287.5078       286.4272       285.7732    
 2057   285.5853       285.9613       286.6447       287.4127       288.1730       289.1290       289.5345       289.4225       288.7036       287.4778       286.2281       285.4718    
 2058   285.4332       285.7833       286.5642       287.3634       288.2155       289.0082       289.4727       289.4093       288.6932       287.4428       286.2597       285.5642    
 2059   285.6040       285.9189       286.6340       287.2476       288.2490       289.0244       289.5591       289.5073       288.9505       287.7140       286.5355       285.7700    
 2060   285.7674       286.1956       286.7873       287.5541       288.4583       289.2007       289.7292       289.6172       288.7735       287.4809       286.4324       285.7206    
 2061   285.5425       285.9366       286.4573       287.5048       288.4961       289.2842       289.7802       289.7530       288.9911       287.8233       286.6092       285.6663    
 2062   285.7899       285.9212       286.7589       287.4460       288.4481       289.2117       289.7418       289.5363       288.7104       287.5488       286.4320       285.6039    
 2063   285.5654       285.8997       286.3916       287.1875       287.9206       288.8004       289.2674       289.2459       288.5099       287.2292       285.9944       285.1347    
 2064   285.2228       285.5102       286.1093       287.0320       287.9394       288.7073       289.2501       289.1956       288.4723       287.2816       286.0366       285.2339    
 2065   285.1167       285.5331       286.1827       287.0676       287.9396       288.7826       289.3450       289.0756       288.5300       287.2685       286.2028       285.5783    
 2066   285.1780       285.5996       286.4142       287.3708       288.3007       289.0551       289.4102       289.3179       288.6814       287.5665       286.3254       285.6700    
 2067   285.6379       285.8418       286.5963       287.3138       288.0886       288.8428       289.3426       289.2881       288.5032       287.1600       286.2435       285.6088    
 2068   285.4102       285.5670       286.2202       287.2783       288.1066       288.7560       289.1820       289.1906       288.4442       287.2271       286.0117       285.3515    
 2069   285.3285       285.5060       286.0096       287.0689       287.9361       288.6295       289.1329       289.1473       288.4913       287.2231       286.2583       285.4865    
 2070   285.2488       285.8043       286.3255       287.2340       288.0153       288.8918       289.5466       289.4981       288.7625       287.4722       286.2643       285.7654    
 2071   285.5950       286.0957       286.7282       287.5580       288.2562       289.0319       289.4716       289.3828       288.5480       287.2953       286.1327       285.4293    
 2072   285.3281       285.8562       286.5464       287.2610       288.1584       288.9227       289.4735       289.4915       288.7099       287.6182       286.3687       285.6685    
 2073   285.6890       285.9889       286.6899       287.6190       288.5017       289.2466       289.7747       289.6465       288.8071       287.6595       286.4184       285.5056    
 2074   285.4983       285.7834       286.5723       287.4479       288.0794       288.8657       289.4174       289.2470       288.6554       287.3615       286.1221       285.3941    
 2075   285.4448       285.7671       286.5035       287.2853       288.1418       289.0023       289.5746       289.5741       288.8162       287.4613       286.4289       285.8100    
 2076   285.6237       285.9954       286.7310       287.6587       288.5330       289.3644       289.8897       289.8352       289.0681       287.7111       286.6033       285.7113    
 2077   285.7194       285.9209       286.7199       287.4522       288.2587       289.1044       289.6205       289.4906       288.6702       287.3593       286.3972       285.7924    
 2078   285.4887       285.8799       286.5247       287.3112       288.2363       289.1576       289.5966       289.6328       288.7938       287.4925       286.3875       285.6641    
 2079   285.7446       285.9949       286.8554       287.7267       288.5227       289.3428       289.9702       289.7953       289.0720       287.9336       286.6510       285.8194    
 2080   285.6685       286.0353       286.9481       287.5623       288.5508       289.3609       289.8333       289.7194       288.8920       287.6558       286.5421       285.7075    
 2081   285.7544       285.9948       286.6740       287.5861       288.4410       289.1638       289.6123       289.4707       288.7385       287.7041       286.3809       285.7402    
 2082   285.6562       286.1815       286.7844       287.5674       288.4139       289.3187       289.7275       289.7214       288.9240       287.6019       286.3524       285.6730    
 2083   285.6979       286.2004       286.9039       287.7142       288.5003       289.2812       289.6699       289.6335       288.7799       287.5251       286.3525       285.6461    
 2084   285.6831       286.0653       286.6374       287.2844       288.3163       288.9523       289.5330       289.5152       288.7225       287.4951       286.2518       285.4860    
 2085   285.5653       285.7277       286.5152       287.4251       288.2048       289.1335       289.5386       289.4642       288.7387       287.3353       286.1845       285.5076    
 2086   285.5858       285.6895       286.6316       287.3923       288.2028       289.0406       289.4947       289.3738       288.5362       287.3427       286.2226       285.3798    
 2087   285.3234       285.6348       286.5065       287.3648       288.1591       289.0059       289.4925       289.3884       288.5853       287.2595       286.2201       285.3565    
 2088   285.4082       285.6768       286.3385       287.3003       288.1009       288.9307       289.4513       289.3683       288.5164       287.3044       286.1140       285.1859    
 2089   285.3582       285.6411       286.2111       287.1179       288.1027       288.9113       289.3868       289.3543       288.5634       287.4893       286.2645       285.4856    
 2090   285.5310       285.8119       286.4303       287.2176       287.9859       288.9390       289.4493       289.3872       288.6389       287.3799       286.1659       285.4144    
 2091   285.4263       285.9531       286.5035       287.4537       288.2689       289.1869       289.6095       289.5297       288.8271       287.4179       286.2729       285.5730    
 2092   285.4349       286.0671       286.9003       287.4608       288.4206       289.2153       289.6658       289.4819       288.7180       287.4098       286.2999       285.6397    
 2093   285.6384       285.9989       286.5835       287.5128       288.3969       289.1417       289.7239       289.5523       288.8986       287.6426       286.6774       285.6494    
 2094   285.5576       286.0113       286.7255       287.5023       288.3421       289.1392       289.6969       289.7141       288.8498       287.5540       286.3499       285.4954    
 2095   285.7571       285.8797       286.5294       287.3046       288.0353       288.9371       289.4903       289.4696       288.7465       287.4244       286.3085       285.5869    
 2096   285.5025       285.7949       286.3867       287.3854       288.1410       288.8411       289.3447       289.2813       288.5766       287.4191       286.3271       285.6088    
 2097   285.5527       285.8213       286.5142       287.3465       288.1684       289.0057       289.5149       289.4113       288.6591       287.4452       286.2806       285.6327    
 2098   285.3151       285.8109       286.6813       287.2009       288.1574       288.8767       289.3815       289.3671       288.5776       287.4003       286.2837       285.4986    
 2099   285.3454       285.9023       286.4200       287.4732       288.3434       289.0283       289.5158       289.5880       288.7434       287.6404       286.3741       285.6950    
 2100   285.4728       285.8142       286.6798       287.3874       288.2885       288.9407       289.4427       289.3174       288.5397       287.3906       286.1319       285.4222    
