# <a href=http://cmip-pcmdi.llnl.gov/cmip5/>CMIP5</a> global mean temperature computed at <a href=http://www.knmi.nl/selectfield_cmip5.cgi?someone@somewhere>KNMI Climate Explorer</a> tas_Amon_CCSM4_rcp60_r1i1p1
# tas [K] from CCSM4 model output prepared for CMIP5 RCP6 r1i1p1
# cutting out region lon=   -0.625  359.375, lat=  -90.000   90.000
 1850   284.4679       284.7997       285.4528       286.2830       287.1682       287.9950       288.3812       288.1631       287.3900       286.3570       285.3483       284.6393    
 1851   284.8527       285.1095       285.6044       286.5889       287.2847       288.1258       288.5935       288.3299       287.4931       286.4813       285.5122       284.8703    
 1852   285.0125       285.0259       285.7003       286.5482       287.4958       288.1125       288.5359       288.3290       287.5929       286.4651       285.6484       284.8547    
 1853   284.6538       285.3134       285.7046       286.5006       287.4601       288.0436       288.3622       288.1570       287.4140       286.4061       285.1637       284.7751    
 1854   284.6190       284.6648       285.3327       286.2874       287.1223       287.7865       288.1861       288.0157       287.2873       286.1734       285.2857       284.7137    
 1855   284.5780       284.8657       285.5375       286.2213       287.2618       287.9053       288.5286       288.3754       287.5648       286.3495       285.3347       285.0687    
 1856   284.9291       285.1363       285.7727       286.4753       287.4385       288.0735       288.5022       288.2453       287.3756       286.5210       285.3733       284.4488    
 1857   284.4274       284.8140       285.4573       286.1720       287.1123       287.8813       288.3064       288.1146       287.3264       286.3421       285.3505       284.9877    
 1858   284.4832       284.9530       285.6295       286.3668       287.1126       287.9466       288.3922       288.1220       287.2941       286.4333       285.3544       284.6917    
 1859   284.8069       285.1501       285.4713       286.3066       287.4105       288.1604       288.3650       288.2807       287.4557       286.3097       285.4302       284.8578    
 1860   284.6572       285.0742       285.5003       286.2555       287.1569       287.8585       288.4766       288.2679       287.4024       286.4230       285.2986       284.6466    
 1861   284.5279       284.7518       285.6367       286.4344       287.3661       288.1968       288.5804       288.3434       287.5101       286.3612       285.2585       284.4538    
 1862   284.4748       284.7602       285.4038       286.5652       287.4141       288.1705       288.5042       288.2668       287.6181       286.4235       285.4047       284.7921    
 1863   284.5989       285.0889       285.5571       286.3802       287.2957       288.0558       288.4565       288.2512       287.5529       286.4620       285.7075       285.0874    
 1864   284.8808       285.0729       285.6227       286.5580       287.4434       288.2571       288.4425       288.1558       287.4919       286.5217       285.6372       284.9519    
 1865   284.8743       284.9521       285.6891       286.5830       287.2772       288.0314       288.3916       288.3564       287.4785       286.3671       285.2073       284.7345    
 1866   284.4755       284.5893       285.2743       286.1100       287.0342       287.7223       288.3214       288.1637       287.3429       286.1766       285.1727       284.6669    
 1867   284.4420       284.8124       285.3784       286.1556       287.1302       287.9069       288.2532       288.3321       287.4683       286.3272       285.6379       284.7589    
 1868   284.6945       284.7942       285.4878       286.3386       287.2283       287.8916       288.4721       288.2494       287.5364       286.6277       285.5033       285.0203    
 1869   284.7890       285.1785       285.6411       286.5550       287.4639       288.1465       288.6365       288.4258       287.6204       286.6580       285.5285       284.9602    
 1870   284.8521       285.2268       285.6350       286.2792       287.4203       288.0684       288.5436       288.2454       287.3542       286.3630       285.5022       284.7100    
 1871   284.5696       285.0955       285.7832       286.6120       287.3681       288.0032       288.4519       288.2107       287.5690       286.4391       285.6137       285.0070    
 1872   284.5630       284.7060       285.4492       286.4091       287.3195       288.2044       288.6187       288.3247       287.5782       286.4780       285.4328       284.7422    
 1873   284.7158       285.1146       285.6993       286.5825       287.3223       288.1757       288.6205       288.3693       287.4614       286.2150       285.3280       284.8524    
 1874   284.6639       284.6577       285.5256       286.4656       287.1858       287.9839       288.6115       288.3739       287.6761       286.4293       285.2936       284.6248    
 1875   284.6211       284.7347       285.5265       286.7305       287.5238       288.3131       288.6082       288.2885       287.5883       286.6312       285.5612       285.0927    
 1876   284.6725       285.3057       285.8649       286.5137       287.4513       288.3685       288.5399       288.2849       287.5560       286.4640       285.2945       284.6954    
 1877   284.4823       284.9564       285.4914       286.3541       287.3649       288.1578       288.5132       288.2976       287.4723       286.3315       285.3358       284.7873    
 1878   284.5223       284.6860       285.4401       286.2729       287.3344       287.9850       288.3376       288.3123       287.3935       286.2640       285.4795       284.7093    
 1879   284.6275       284.9529       285.5360       286.4490       287.3022       287.9625       288.4551       288.1758       287.5049       286.5204       285.5035       284.7813    
 1880   284.9706       284.9774       285.8273       286.6765       287.5634       288.1091       288.6904       288.4662       287.6548       286.6402       285.5927       285.1384    
 1881   284.9263       285.2164       285.8013       286.6122       287.5023       288.1309       288.5672       288.2640       287.6273       286.5153       285.4052       284.9281    
 1882   284.5206       285.0276       285.4774       286.3928       287.4146       287.9480       288.5452       288.2922       287.4663       286.5242       285.5659       284.7918    
 1883   284.6594       285.0606       285.4676       286.3854       287.2419       288.1309       288.5486       288.2162       287.4023       286.1191       285.3228       284.6236    
 1884   284.4073       284.7072       285.1699       285.8360       286.6805       287.4605       288.0037       287.7261       286.9750       286.0690       284.9121       284.5053    
 1885   284.3990       284.8996       285.4649       286.2937       287.0195       287.8835       288.2630       288.0098       287.2501       286.2117       285.2242       284.5261    
 1886   284.5434       284.8745       285.2005       286.0971       286.9299       287.7932       288.1707       287.9514       287.0797       285.9868       285.0337       284.5264    
 1887   283.9954       284.4248       285.2839       286.1830       286.9285       287.5525       288.0584       287.9291       287.2941       286.0429       285.0079       284.4619    
 1888   284.4137       284.8406       285.2220       286.2932       287.0288       287.8763       288.4341       288.3091       287.5608       286.3854       285.3177       284.5180    
 1889   284.3169       284.8255       285.4187       286.3392       287.0786       287.9905       288.2832       288.2592       287.4556       286.3410       285.5275       284.6282    
 1890   284.4345       285.2752       285.6956       286.4620       287.1104       287.9238       288.4508       288.2682       287.3522       286.3032       285.2537       284.6180    
 1891   284.6119       285.1888       285.5699       286.4548       287.2925       288.0498       288.3406       288.2709       287.3977       286.3895       285.3074       284.7208    
 1892   284.4867       284.6821       285.3576       286.1802       287.2011       287.9199       288.2740       287.9984       287.2516       286.1280       285.1191       284.5301    
 1893   284.3950       284.3997       285.3413       286.2707       287.1998       287.9795       288.4136       288.0670       287.4852       286.2666       285.1263       284.6343    
 1894   284.5597       285.1512       285.4045       286.2985       287.3074       288.1511       288.4832       288.3794       287.5328       286.4975       285.5478       284.8342    
 1895   284.8510       285.2790       285.8312       286.6933       287.3955       288.0349       288.4702       288.2564       287.3118       286.3093       285.5113       284.7047    
 1896   284.4641       284.4911       285.2621       286.4415       287.2652       287.9860       288.6261       288.2081       287.3861       286.2786       285.4549       284.8839    
 1897   284.8524       284.7420       285.3650       286.4050       287.2302       288.1763       288.5148       288.1606       287.5478       286.4144       285.5037       284.7456    
 1898   284.6743       285.0453       285.8608       286.4310       287.4106       288.1470       288.4944       288.3643       287.4996       286.5824       285.6396       284.8430    
 1899   284.4806       285.1138       285.7849       286.3699       287.3987       288.0576       288.4816       288.3632       287.4858       286.4109       285.4561       284.7896    
 1900   284.7980       284.9144       285.6893       286.3172       287.2204       288.0160       288.3895       288.3434       287.5291       286.3716       285.4417       284.8984    
 1901   284.7603       285.0506       285.9383       286.5111       287.3741       288.1385       288.5808       288.5526       287.7119       286.5673       285.6931       285.2511    
 1902   285.1696       285.5457       285.6737       286.4915       287.5463       288.2182       288.5505       288.1793       287.5312       286.5825       285.1563       284.6048    
 1903   284.4735       284.4898       285.0602       286.0425       286.7598       287.4210       287.8135       287.7066       286.9226       285.6831       284.6148       283.9959    
 1904   283.7670       284.2610       285.0454       285.7898       286.6284       287.4739       287.9839       287.8499       287.1143       285.9932       284.9330       284.4456    
 1905   284.3867       284.5596       285.3066       286.1436       287.2003       287.9413       288.3066       288.0430       287.1754       286.1755       285.1218       284.5715    
 1906   284.4042       284.6730       285.2578       286.0869       287.0017       287.7918       288.1939       288.0529       287.3186       286.1571       285.0213       284.4236    
 1907   284.5356       284.9490       285.2723       286.1739       287.1759       287.7773       288.2510       288.0000       287.1641       285.9509       285.1449       284.4454    
 1908   284.2745       284.8850       285.5746       286.3888       287.1512       288.0425       288.3084       288.2514       287.4548       286.3962       285.6936       284.9450    
 1909   284.7455       284.9173       285.7224       286.6916       287.4931       288.4019       288.7228       288.4638       287.7406       286.4550       285.6629       285.0247    
 1910   284.7567       284.9767       285.8611       286.7278       287.4287       288.1546       288.5645       288.2652       287.4914       286.4062       285.2771       284.5161    
 1911   284.5479       284.7958       285.4510       286.2751       287.1252       287.8345       288.4258       288.2269       287.3179       286.1298       285.5245       284.7896    
 1912   284.5907       284.8434       285.6193       286.4724       287.2751       287.9775       288.4700       288.1330       287.3447       286.1631       285.3723       284.4887    
 1913   284.4453       285.0127       285.4668       286.3633       287.2894       287.8557       288.3591       288.0824       287.3453       286.1638       285.4231       284.6980    
 1914   284.9062       285.0009       285.3364       286.3398       287.2341       288.1082       288.4781       288.1948       287.5105       286.3470       285.4040       285.0344    
 1915   284.5194       284.8551       285.5048       286.4778       287.2370       288.0903       288.6126       288.4138       287.5766       286.1700       285.5032       284.9483    
 1916   284.8036       285.1124       285.7070       286.6434       287.4767       288.1004       288.5820       288.4657       287.7136       286.4719       285.4808       285.0361    
 1917   284.8432       285.1146       285.6093       286.4565       287.5783       288.4007       288.7518       288.4061       287.5663       286.5386       285.5939       284.9139    
 1918   284.6243       285.2506       285.4505       286.4130       287.2538       288.1010       288.5976       288.3941       287.4958       286.5466       285.4151       284.5751    
 1919   284.6547       284.8163       285.4878       286.5068       287.4084       288.2080       288.6672       288.4776       287.7155       286.6318       285.5654       285.1378    
 1920   284.9106       285.2690       285.7834       286.6339       287.3925       288.4365       288.8955       288.6330       287.6747       286.4069       285.4657       284.9933    
 1921   284.6992       284.9200       285.9591       286.6567       287.6349       288.0849       288.5912       288.3726       287.5624       286.5164       285.3425       284.7611    
 1922   284.7332       285.1474       285.6267       286.6212       287.5538       288.2730       288.6116       288.5898       287.5953       286.6278       285.4814       285.0078    
 1923   284.7783       285.2154       285.8811       286.5982       287.4511       288.3600       288.8228       288.5207       287.7980       286.8109       285.8092       285.0583    
 1924   285.1246       285.2582       286.0760       286.8844       287.7240       288.4117       288.7813       288.6034       287.7741       286.8133       285.7989       285.2122    
 1925   284.8385       285.2414       285.9676       286.5800       287.3748       288.2578       288.7051       288.3488       287.6989       286.5571       285.5216       285.0439    
 1926   284.7219       285.2858       285.6925       286.4325       287.3339       288.2025       288.6989       288.5554       287.6682       286.6979       285.8938       285.3386    
 1927   285.1108       285.5648       285.9845       286.8770       287.6245       288.5610       288.7856       288.6702       287.8767       286.9514       285.9334       285.4417    
 1928   285.1697       285.0673       286.0207       286.7188       287.6279       288.3641       288.7826       288.5875       287.7286       286.6664       285.6412       285.0538    
 1929   284.7360       285.0533       285.5773       286.3631       287.3716       288.1160       288.7271       288.3394       287.6139       286.6169       285.4546       284.8137    
 1930   285.1138       285.2445       285.7053       286.5623       287.3975       288.4166       288.7636       288.5304       287.7844       286.9103       285.9631       285.3285    
 1931   285.4215       285.4965       286.1595       286.8469       287.5073       288.3714       288.8121       288.6802       287.9057       286.8524       285.7168       285.1493    
 1932   284.8615       285.1571       285.5801       286.7688       287.4932       288.2277       288.6889       288.4842       287.5435       286.6521       285.4995       284.8987    
 1933   284.9319       284.8372       285.5032       286.4052       287.2415       288.1107       288.5505       288.2675       287.5470       286.7321       285.6909       284.8228    
 1934   285.0654       285.3538       285.8944       286.6236       287.6391       288.3230       288.5897       288.3008       287.5280       286.3181       285.6331       284.9283    
 1935   284.4660       284.7410       285.5596       286.3873       287.2365       288.1204       288.5457       288.3122       287.6029       286.4615       285.4502       285.1731    
 1936   284.6496       285.0359       285.9484       286.8005       287.5324       288.2952       288.7881       288.4962       287.7437       286.7560       285.6566       285.0266    
 1937   285.0805       285.3515       285.9154       286.7776       287.6446       288.2907       288.8162       288.4867       287.7924       286.6049       285.7101       285.0171    
 1938   285.1192       285.3627       285.9305       286.8386       287.3878       288.4843       288.6306       288.4833       287.6455       286.6761       285.4749       285.0215    
 1939   285.1154       285.0575       285.8942       286.7755       287.6995       288.3346       288.8068       288.7430       287.8197       286.7272       285.6717       285.0765    
 1940   285.0277       285.3897       286.0778       286.7040       287.6509       288.4639       288.8910       288.6378       287.9092       286.7003       285.9797       285.2957    
 1941   285.2803       285.4248       286.0975       286.8085       287.6592       288.3658       288.7756       288.4540       287.7586       286.7603       285.5406       285.1495    
 1942   284.8028       285.2243       285.8062       286.5997       287.5465       288.3400       288.6700       288.4187       287.7909       286.7042       285.7802       285.2968    
 1943   285.1234       285.5269       285.8807       286.8050       287.5092       288.4041       288.7599       288.5146       287.6726       286.6671       285.4648       285.0984    
 1944   285.0491       285.1044       285.9238       286.6241       287.6180       288.4007       288.8302       288.5465       287.7025       286.5062       285.7196       284.6990    
 1945   284.7670       285.1117       285.6972       286.6631       287.4238       288.2056       288.6259       288.4981       287.7102       286.7418       285.6685       285.2693    
 1946   284.8775       285.1392       285.9617       286.7513       287.6876       288.3023       288.7305       288.6680       287.7652       286.6237       285.7256       285.0389    
 1947   285.0821       285.5728       285.6725       286.6880       287.5654       288.4595       288.8594       288.6248       287.8074       286.8196       286.0060       285.4273    
 1948   285.2192       285.5283       286.2184       286.8162       287.6680       288.3685       288.6753       288.6188       287.7806       286.7442       285.7387       285.0945    
 1949   284.8673       285.1763       285.6660       286.4813       287.4312       288.1390       288.7629       288.4014       287.7186       286.6476       285.6777       285.0617    
 1950   284.8749       285.0643       285.7560       286.5531       287.3645       288.2125       288.7710       288.3175       287.7298       286.6417       285.6618       285.3115    
 1951   285.1647       285.3480       286.1376       286.8327       287.5775       288.3635       288.7290       288.4432       287.7128       286.8687       285.9085       285.2419    
 1952   285.1694       285.5489       286.2355       286.7668       287.6633       288.4480       288.8510       288.5305       287.7881       286.7852       285.8784       285.2738    
 1953   285.1868       285.4725       285.6941       286.8300       287.6655       288.4038       288.8177       288.5247       287.8456       286.9079       285.8105       285.3582    
 1954   285.0866       285.3788       286.1296       286.6544       287.6511       288.2905       288.6256       288.5770       287.7746       286.6318       285.5310       285.2012    
 1955   284.9386       285.1996       285.9121       286.6417       287.6179       288.4698       288.6386       288.6248       287.8167       286.7938       285.7338       285.3444    
 1956   285.2329       285.2641       285.8877       286.7838       287.7650       288.3755       288.8597       288.5873       287.8818       286.8898       285.8729       285.1763    
 1957   285.0460       285.1464       286.0791       286.9221       287.7895       288.5422       288.9100       288.7196       287.8904       286.8389       286.0381       285.1501    
 1958   284.8748       285.3786       286.0177       286.7878       287.5936       288.4859       288.7289       288.5724       287.8414       286.7794       285.6275       285.2519    
 1959   285.3115       285.5507       286.0140       286.7423       287.5271       288.3987       288.9615       288.6096       287.8122       286.7004       285.8927       285.3450    
 1960   285.1258       285.5879       286.0648       286.8551       287.6096       288.3982       288.7233       288.6472       287.8000       286.7137       285.8472       285.1208    
 1961   284.9784       285.2687       285.6811       286.6601       287.7519       288.3358       288.8084       288.5545       287.7698       286.6227       285.6865       284.9757    
 1962   284.8735       285.1102       285.8936       286.7268       287.4557       288.2662       288.7266       288.5625       287.7486       286.6122       285.7496       285.0745    
 1963   284.8130       285.1886       285.8223       286.6294       287.4963       288.0028       288.4446       288.4057       287.5810       286.4410       285.5180       284.7269    
 1964   284.7231       284.8362       285.8485       286.4557       287.2521       287.8897       288.5568       288.4102       287.6298       286.5823       285.9587       285.0941    
 1965   285.0096       285.0601       285.7023       286.7430       287.5093       288.2387       288.6694       288.3354       287.6422       286.6860       285.6978       284.9808    
 1966   284.9025       285.2401       285.6925       286.5622       287.5460       288.2157       288.7155       288.4938       287.6384       286.6508       285.5911       285.0269    
 1967   284.9638       285.1227       285.6848       286.4044       287.3871       288.3296       288.6665       288.3765       287.7295       286.7740       285.5517       284.9232    
 1968   284.9515       285.3593       285.8656       286.5188       287.4402       288.4014       288.6961       288.5453       287.9257       286.8613       286.0761       285.3470    
 1969   285.4094       285.5989       286.4102       287.1191       287.7898       288.4330       288.9468       288.6237       287.8549       286.9315       286.0478       285.6260    
 1970   285.0285       285.4043       285.9164       287.2135       287.9886       288.5984       288.9130       288.7621       287.9984       286.9928       285.7113       285.0793    
 1971   284.8900       285.2815       286.0817       286.8405       287.6721       288.1732       288.6321       288.4272       287.7616       286.5768       285.6633       284.9219    
 1972   284.9970       285.2592       285.8936       286.7720       287.5760       288.3257       288.8608       288.6704       287.9073       287.0421       285.9316       285.3794    
 1973   284.9618       285.0547       285.7057       286.9388       287.7352       288.4318       288.9174       288.7317       288.0295       286.9298       285.7737       285.1140    
 1974   284.9755       285.3593       285.9893       286.8611       287.5974       288.5600       289.0510       288.8042       287.9298       286.8658       285.8682       285.3850    
 1975   285.0659       285.2775       285.9748       287.1057       287.8567       288.5479       289.1243       288.7782       288.1869       286.9718       285.9267       285.4497    
 1976   285.4491       285.6135       286.5341       287.1926       288.1381       288.7233       289.1783       288.7610       288.0267       287.0684       286.0283       285.5691    
 1977   285.2611       285.6453       286.3114       286.9600       287.8404       288.6351       288.9754       288.8110       288.1228       286.9720       286.0361       285.4300    
 1978   285.1309       285.4090       286.1306       286.9273       287.8293       288.5173       289.0595       288.7471       288.0200       287.1758       285.9903       285.4964    
 1979   285.1956       285.4495       286.3030       286.9706       287.9194       288.6384       289.0045       288.8212       288.2512       287.1229       286.0551       285.3789    
 1980   285.3711       285.5706       286.4389       286.9113       288.0071       288.6935       289.2184       288.9101       288.1651       287.1409       286.2539       285.7182    
 1981   285.6300       285.8997       286.4382       287.2494       287.8943       288.6915       289.1851       288.9397       288.2625       287.2161       286.2448       285.5863    
 1982   285.5676       285.7526       286.3732       287.0699       287.8646       288.7524       289.1425       288.8278       288.1003       286.9647       285.9442       285.3835    
 1983   285.2935       285.4040       286.0866       287.0312       287.8859       288.5692       288.9463       288.7338       287.9743       286.9225       285.7946       285.3840    
 1984   285.3038       285.4303       286.2126       287.0024       287.7412       288.3955       288.9570       288.7473       287.9937       286.9470       285.9619       285.5356    
 1985   285.2867       285.4862       285.9738       286.9137       287.8045       288.5451       288.9133       288.7097       288.0081       287.2167       286.1922       285.7462    
 1986   285.3911       285.7106       286.2439       287.1942       288.0223       288.7267       289.2187       289.0200       288.1267       287.2233       286.2476       285.8685    
 1987   285.6671       286.0598       286.4757       287.3074       288.0851       288.8696       289.2562       288.8528       288.2751       287.0599       286.1114       285.5339    
 1988   285.2545       285.8430       286.1415       287.1025       287.9570       288.6052       289.2217       289.0228       288.1668       286.9980       285.9108       285.4828    
 1989   285.1836       285.4989       286.2468       287.2319       287.9530       288.7411       289.1958       289.0357       288.0771       287.1826       286.0750       285.7095    
 1990   285.6137       285.8961       286.3429       287.1758       288.1344       288.9896       289.5269       289.0983       288.4250       287.3361       286.2315       285.6384    
 1991   285.6600       285.9476       286.6414       287.1175       288.1473       289.0815       289.3796       289.1629       288.3810       287.1749       286.2297       285.6380    
 1992   285.4468       285.5803       286.2807       286.9989       287.8560       288.5057       288.9388       288.9066       288.1283       287.0365       286.3477       285.9178    
 1993   285.6844       286.1052       286.4400       287.1179       288.0235       288.9790       289.3216       288.9807       288.2026       287.2763       286.3060       285.6920    
 1994   285.6252       285.7295       286.2107       287.1266       287.9811       288.6949       288.9953       288.7278       288.0209       287.0224       286.2061       285.4952    
 1995   285.2837       285.7216       286.3018       286.9899       288.0083       288.7852       289.0811       288.8173       288.1199       287.0549       285.9695       285.4275    
 1996   285.1845       285.4639       286.2880       287.0323       287.9544       288.7558       289.2592       289.0038       288.2386       287.2773       285.9352       285.6320    
 1997   285.4655       285.6804       286.4318       287.2331       288.2372       289.0514       289.3369       289.1228       288.4130       287.4522       286.3984       285.6645    
 1998   285.6370       285.9661       286.6813       287.4668       288.4500       289.4244       289.4934       289.3017       288.6788       287.4453       286.5628       285.8708    
 1999   285.7137       285.9218       286.4611       287.4507       288.2996       289.1686       289.5094       289.3134       288.5007       287.5352       286.4517       286.0530    
 2000   285.6924       285.7655       286.6607       287.4129       288.4310       289.1653       289.6732       289.3533       288.5930       287.6277       286.8294       286.2738    
 2001   286.2196       285.9781       286.7928       287.8217       288.6241       289.3242       289.7177       289.6165       288.7274       287.7037       286.8131       286.2210    
 2002   286.1546       286.4539       286.9315       287.7496       288.5605       289.3502       289.8233       289.5084       288.6924       287.7283       286.7871       285.9572    
 2003   285.7923       286.1958       286.7671       287.6518       288.3473       289.0761       289.5043       289.3508       288.5897       287.5013       286.6638       285.9286    
 2004   285.9904       286.0671       286.7354       287.5470       288.3440       289.1101       289.6147       289.4703       288.7657       287.6251       286.6395       286.2151    
 2005   286.0321       286.4332       286.9350       287.5747       288.6310       289.2470       289.5222       289.5010       288.6675       287.6435       286.8262       286.1532    
 2006   286.0203       286.5293       287.0441       287.8558       288.7088       289.4833       289.9102       289.5794       288.9703       287.9320       286.9861       286.5847    
 2007   286.1156       286.3525       287.0154       287.8741       288.7980       289.5141       289.7938       289.5532       288.9404       287.8414       286.8331       285.9883    
 2008   285.7546       285.8840       286.8177       287.7234       288.6320       289.1121       289.5997       289.3974       288.5982       287.4423       286.4995       286.0488    
 2009   285.7707       286.0349       286.8979       287.5228       288.4854       289.3007       289.8380       289.5335       288.7426       287.6433       286.6429       285.9912    
 2010   285.8166       286.1767       286.7392       287.5698       288.4210       289.1747       289.6999       289.5439       288.7158       287.7127       286.7622       285.9066    
 2011   285.9245       286.3239       286.7728       287.6890       288.3171       289.2383       289.6690       289.4226       288.6906       287.9334       286.6543       286.1040    
 2012   286.1190       286.1706       286.7378       287.7141       288.4847       289.2977       289.7854       289.4206       288.7182       287.9018       286.7817       286.1651    
 2013   286.1606       286.3661       287.0815       287.8791       288.6872       289.5188       289.8952       289.6083       288.8405       287.9784       286.7621       286.1037    
 2014   286.0726       286.3112       286.8015       287.6685       288.5963       289.3321       289.7246       289.5007       288.8334       287.7635       286.8396       286.3874    
 2015   285.9481       286.1548       286.8422       287.7643       288.8205       289.5309       289.9296       289.6373       288.9246       287.9037       286.9902       286.2233    
 2016   286.2608       286.5011       287.0820       287.8978       288.7842       289.6146       290.0246       289.7101       288.9529       288.0088       287.1121       286.3795    
 2017   286.3444       286.4184       287.0152       288.0468       288.7726       289.6153       289.8445       289.7755       289.0060       287.8350       286.9727       286.4045    
 2018   286.5579       286.6111       287.1533       287.8136       288.6388       289.4319       289.9170       289.6956       289.0037       287.9344       286.9175       286.2366    
 2019   286.1701       286.7472       287.1756       287.9009       288.9335       289.5366       289.8860       289.7804       288.9070       287.8298       286.9226       286.1891    
 2020   286.0955       286.2534       287.1083       287.9606       288.7516       289.6329       289.9757       289.6787       288.9535       287.9447       287.1026       286.4778    
 2021   286.3460       286.4804       287.2710       287.9258       288.8142       289.5489       290.0746       289.6831       289.1938       288.2101       287.2160       286.7039    
 2022   286.5225       286.7660       287.2125       288.0825       288.8867       289.4452       290.0832       289.6584       289.0836       288.1235       286.9600       286.4053    
 2023   286.3442       286.4616       287.0596       287.8997       288.8234       289.5661       289.8558       289.6096       288.8796       287.9532       286.9680       286.1058    
 2024   286.0417       286.6305       287.0119       287.8010       288.6351       289.4762       289.8203       289.7215       288.9210       288.0748       287.0443       286.2730    
 2025   286.0708       286.4322       287.0947       287.8997       288.8602       289.5726       290.0352       289.8813       289.0471       288.0936       287.2599       286.5864    
 2026   286.6053       286.5575       287.2209       288.0726       288.7994       289.6792       289.9546       289.7711       289.0789       288.0564       287.0742       286.5616    
 2027   286.4201       286.3333       287.4338       287.9664       288.7736       289.3162       289.8389       289.6149       288.9635       287.8981       287.1081       286.4685    
 2028   286.3985       286.3670       287.1066       288.1795       288.9698       289.6725       289.9680       289.7953       288.9716       287.9875       287.0328       286.2583    
 2029   286.3835       286.7325       287.4331       288.0521       288.9283       289.6849       290.1700       289.8898       289.0827       288.1310       287.1685       286.5010    
 2030   286.4117       286.3302       287.2042       288.3092       289.1233       289.8427       290.2173       289.8885       289.0395       288.2455       287.1573       286.8073    
 2031   286.6834       286.9016       287.3731       288.2500       289.1528       289.8251       290.2222       289.9053       289.2388       288.2532       287.3127       286.8123    
 2032   286.5252       286.7938       287.6558       288.3225       289.1724       289.9008       290.3160       290.1721       289.3679       288.2314       287.2614       286.7801    
 2033   286.6523       287.0144       287.4519       288.1816       288.9828       289.8942       290.2157       289.9925       289.1543       288.2221       287.0210       286.3536    
 2034   286.4825       286.6483       287.2596       288.2546       289.0650       289.8411       290.2778       290.0805       289.4062       288.2969       287.3214       286.7445    
 2035   286.3711       286.7587       287.3820       288.2070       288.9042       289.6305       290.2650       289.9282       289.2867       288.3749       287.2953       286.5482    
 2036   286.8305       286.7325       287.4415       288.3170       289.2004       289.9837       290.3582       290.1426       289.4193       288.2982       287.2941       286.7917    
 2037   286.1267       286.9016       287.3028       288.2819       288.9705       289.6635       290.0784       290.0259       289.2969       288.2078       287.3304       286.7694    
 2038   286.5562       286.7211       287.3362       288.2444       289.2213       289.9276       290.2592       290.1631       289.4173       288.4170       287.4291       286.8480    
 2039   286.7151       287.0183       287.5795       288.5620       289.4512       290.2174       290.5151       290.1531       289.4918       288.6194       287.4060       286.7712    
 2040   286.8001       287.0576       287.7226       288.2173       289.0956       289.7597       290.2888       290.2732       289.4472       288.2350       287.3907       286.7931    
 2041   286.5493       286.9583       287.4560       288.1906       289.2114       289.8014       290.3341       290.1064       289.3344       288.3957       287.4234       286.7467    
 2042   286.7901       286.9043       287.3881       288.4469       289.2588       289.9419       290.2129       290.2495       289.2937       288.4355       287.5138       286.8872    
 2043   286.7000       286.7301       287.5912       288.2975       289.1656       289.9479       290.3153       290.2772       289.3804       288.2845       287.4735       286.9084    
 2044   286.6909       287.0153       287.5224       288.3673       289.1858       289.9042       290.3101       290.0975       289.1369       288.3469       287.3601       286.8256    
 2045   286.4976       287.0641       287.4977       288.3944       289.1175       289.9760       290.3033       290.0409       289.5027       288.4324       287.5768       287.1892    
 2046   286.9358       287.1882       288.0415       288.7542       289.4917       290.2071       290.6635       290.3846       289.5780       288.5911       287.5689       286.9927    
 2047   286.7414       287.0182       287.8642       288.6598       289.4312       290.1813       290.5986       290.3419       289.6699       288.6461       287.7558       287.2513    
 2048   286.8730       287.2719       287.7081       288.7460       289.3622       290.1113       290.6363       290.3060       289.4815       288.6649       287.7749       287.0728    
 2049   286.8244       287.1165       287.6904       288.5147       289.3471       290.0033       290.4717       290.3385       289.5704       288.6230       287.7486       287.1786    
 2050   286.7183       287.0773       287.5597       288.3789       289.4532       290.1867       290.6278       290.5757       289.7343       288.8942       287.9785       287.4510    
 2051   287.3637       287.6251       287.9333       288.7573       289.4512       290.3409       290.6509       290.5259       289.8619       288.8625       287.9034       287.0691    
 2052   286.9935       286.9071       287.6086       288.5131       289.2555       289.9907       290.4909       290.0904       289.5478       288.4548       287.6385       286.9047    
 2053   286.7843       286.9544       287.7458       288.5494       289.3382       290.2391       290.6110       290.5339       289.6059       288.8698       287.7304       287.1447    
 2054   287.1313       287.6548       287.9509       288.6870       289.4596       290.3036       290.7563       290.3732       289.7868       288.7527       287.9283       287.3189    
 2055   286.9089       287.2229       287.8571       288.6718       289.5302       290.3325       290.6246       290.2439       289.7507       288.9111       287.8260       287.1962    
 2056   286.9387       287.0278       287.7661       288.7000       289.3158       290.1251       290.5896       290.3866       289.5865       288.6956       287.6348       286.9885    
 2057   286.8762       287.3306       287.7546       288.5888       289.3977       290.3620       290.6502       290.3736       289.6281       288.6275       287.7927       287.1215    
 2058   286.8205       287.3555       288.0306       288.6224       289.3242       290.1107       290.6131       290.3384       289.5110       288.6130       287.7531       287.1797    
 2059   286.7527       287.2764       287.9423       288.6485       289.4797       290.2636       290.6401       290.4424       289.7863       288.8414       287.9153       287.2922    
 2060   287.1082       287.4038       288.0023       288.7822       289.5706       290.2519       290.6094       290.2585       289.6501       288.5823       287.6714       287.1946    
 2061   286.9775       287.1327       287.8135       288.6199       289.5742       290.1730       290.6796       290.4664       289.7668       288.9112       287.7945       287.0455    
 2062   286.9362       287.5405       287.8965       288.8703       289.6705       290.2694       290.5045       290.5208       289.8292       288.7234       287.9254       287.2933    
 2063   287.1405       287.5013       288.0355       288.8962       289.6385       290.3076       290.7920       290.4125       289.6704       288.7684       287.9482       287.2447    
 2064   287.1645       287.0575       287.9146       288.7962       289.5844       290.2552       290.6753       290.3319       289.5698       288.7471       287.7281       287.0652    
 2065   286.7630       287.3595       287.9176       288.7313       289.3889       290.1800       290.7202       290.4173       289.7517       288.8281       287.9204       286.9857    
 2066   286.7703       287.0806       287.8229       288.7088       289.5433       290.2379       290.6319       290.4630       289.7941       288.7824       288.0323       287.4905    
 2067   287.3527       287.4313       288.0767       288.6539       289.6423       290.3409       290.7282       290.4839       289.7260       288.7673       287.9593       287.2021    
 2068   287.1165       287.3134       287.9145       288.8377       289.6478       290.3984       290.9313       290.7072       289.9485       289.0710       288.0108       287.4861    
 2069   287.2672       287.2067       288.1311       289.0091       289.6373       290.2506       290.7957       290.5737       289.9021       289.0307       287.9915       287.3914    
 2070   287.1691       287.3070       287.9577       288.6731       289.6265       290.3398       290.7432       290.4807       289.8102       288.9262       288.0113       287.2821    
 2071   287.0240       287.3079       288.2483       288.9678       289.6977       290.4447       290.8499       290.5794       290.0299       289.1461       288.0666       287.5523    
 2072   287.5346       287.5646       288.0197       288.9840       289.7480       290.4038       290.8385       290.8065       290.1165       289.0065       288.1117       287.4141    
 2073   287.5030       287.5043       288.1906       289.0944       290.0170       290.7595       291.0852       290.9763       290.1736       289.1684       288.4039       287.6918    
 2074   287.5510       287.7765       288.3382       289.1425       289.9978       290.7143       291.1130       290.9195       290.1785       289.3054       288.3595       287.6740    
 2075   287.3654       287.7314       288.3146       289.0320       289.8372       290.5516       291.0511       290.8399       289.8849       288.9858       288.2492       287.5958    
 2076   287.2079       287.5873       288.2733       289.0910       289.8125       290.6094       290.9454       290.8985       290.2097       289.2119       288.1794       287.8507    
 2077   287.7959       287.8836       288.4088       289.1095       289.9150       290.6777       291.2070       290.8812       290.1142       289.3304       288.2577       287.9286    
 2078   287.4338       287.7682       288.1550       289.0290       289.9368       290.6542       291.1679       290.9052       290.2488       289.3246       288.4946       287.8660    
 2079   287.7069       287.8199       288.3028       289.2321       290.0619       290.7398       291.0964       290.9534       290.2188       289.2838       288.3167       287.6765    
 2080   287.5002       287.8585       288.4892       289.2635       290.1764       290.8777       291.1546       291.0103       290.3344       289.3188       288.2803       287.5779    
 2081   287.5350       287.5712       288.3528       289.2117       290.1239       291.0622       291.2836       291.0643       290.1955       289.2957       288.3520       287.5469    
 2082   287.6418       288.0490       288.4165       289.1469       289.9994       290.7442       291.1347       290.9285       290.0690       289.1552       288.3137       287.6502    
 2083   287.5099       287.9247       288.3225       289.1929       289.9763       290.7852       291.1271       291.0321       290.2213       289.3903       288.4402       287.7330    
 2084   287.5035       288.0655       288.4363       289.1722       290.0103       290.8280       291.2689       291.0244       290.2468       289.3565       288.4386       287.9331    
 2085   287.7770       287.8629       288.3683       289.3210       290.2621       291.0140       291.3672       291.1993       290.4949       289.3793       288.4517       288.0259    
 2086   287.9574       288.1754       288.6405       289.1632       290.2473       290.9025       291.2395       291.1686       290.3584       289.3403       288.4082       287.7485    
 2087   287.6021       288.1106       288.4684       289.4154       290.1950       290.9979       291.3756       291.2025       290.6298       289.7493       288.9402       288.3857    
 2088   287.8774       288.1279       288.9494       289.4886       290.2457       291.1590       291.4349       291.2866       290.4937       289.5684       288.8276       288.2450    
 2089   287.9821       288.4923       288.7653       289.4380       290.4973       291.1781       291.6620       291.4419       290.6989       289.7375       288.7755       288.2038    
 2090   288.1461       288.3993       288.6948       289.6171       290.3902       291.1296       291.4968       291.3282       290.5242       289.5466       288.7966       288.1234    
 2091   287.8937       287.8775       288.6196       289.4006       290.2832       291.0760       291.5638       291.2784       290.4601       289.6064       288.7441       288.2099    
 2092   287.8661       288.1019       288.5771       289.2715       290.1228       290.8883       291.2284       291.2270       290.5474       289.6449       288.7314       287.7597    
 2093   287.5909       288.0683       288.6393       289.3927       290.2935       291.0140       291.3514       291.2471       290.4644       289.4993       288.7499       288.0688    
 2094   287.7200       287.9969       288.5701       289.3791       290.3485       291.0847       291.6075       291.2774       290.6524       289.7204       288.8433       288.0306    
 2095   287.8355       288.2538       288.6354       289.4958       290.5361       291.1796       291.5976       291.3265       290.5070       289.5325       288.6776       288.0750    
 2096   287.8510       287.9771       288.6004       289.5731       290.4347       291.1357       291.7040       291.3692       290.7049       289.7097       288.6864       288.1167    
 2097   288.0326       288.0354       288.7945       289.5752       290.3281       291.1722       291.5354       291.2749       290.5799       289.6344       288.7505       287.9023    
 2098   287.7559       288.2720       288.7511       289.6436       290.3575       291.1142       291.6008       291.2713       290.5398       289.5671       288.6370       288.0059    
 2099   287.9289       288.3080       288.9025       289.5580       290.3451       291.1700       291.5265       291.3841       290.6679       289.7153       288.9672       288.4236    
 2100   287.8966       288.5092       288.9662       289.7992       290.6237       291.2880       291.7032       291.4709       290.5779       289.6409       288.7927       288.1413    
 2101   287.7861       288.1620       288.8085       289.4575       290.4039       291.1992       291.5826       291.4036       290.6898       289.6914       288.6593       288.1989    
 2102   288.0850       288.2583       288.7162       289.4732       290.4760       291.1354       291.6743       291.5306       290.7055       289.9071       288.9005       288.5120    
 2103   288.0912       288.1778       289.0070       289.6538       290.5632       291.2056       291.7110       291.4592       290.7451       289.9011       288.9464       288.3127    
 2104   288.1796       288.4603       289.1204       289.5764       290.3380       291.2885       291.6313       291.3582       290.7330       289.7691       288.7349       288.0831    
 2105   288.1161       288.2545       288.7383       289.5085       290.5184       291.3668       291.7238       291.3838       290.6030       289.7349       288.6653       288.0009    
 2106   287.9294       288.2816       288.8231       289.7519       290.6195       291.2992       291.5896       291.4292       290.7037       289.7156       288.9012       288.3380    
 2107   288.1851       288.3474       288.8232       289.7032       290.6748       291.3848       291.7602       291.5106       290.7085       289.5923       288.7446       288.1178    
 2108   288.2057       288.1231       288.4264       289.5179       290.3505       291.0853       291.6252       291.3852       290.5527       289.5347       288.6811       288.1324    
 2109   287.8869       288.1315       288.6181       289.6852       290.5368       291.3687       291.7903       291.5003       290.7478       289.7902       288.9383       288.3811    
 2110   288.4598       288.4085       289.1893       289.9211       290.8773       291.4905       291.9025       291.6883       290.8378       289.8304       289.1834       288.5890    
 2111   288.2705       288.5830       289.1637       289.9643       290.5894       291.3864       291.7794       291.4106       290.7877       289.8361       288.9294       288.4174    
 2112   288.2175       288.2498       289.0580       289.7914       290.5524       291.3936       291.9039       291.5055       290.8278       289.9604       289.0341       288.2220    
 2113   288.1370       288.4284       289.0421       289.8058       290.6884       291.3847       291.9408       291.6748       290.7993       289.9350       288.8954       288.2949    
 2114   288.3503       288.6311       288.9807       289.8156       290.7269       291.5917       291.8650       291.5950       290.8705       290.0809       289.4621       288.6904    
 2115   288.6435       288.7409       289.2087       290.0352       291.0001       291.4996       292.0826       291.8039       290.9714       290.0488       289.0958       288.4021    
 2116   288.5383       288.5555       289.0861       289.9897       290.7642       291.6343       291.8781       291.5621       290.8102       289.9529       289.0996       288.4363    
 2117   288.5618       288.6617       289.1929       289.9502       290.8732       291.7399       291.8524       291.7943       291.0050       290.0960       289.4069       288.5956    
 2118   288.5102       288.5635       289.2244       290.0115       290.7815       291.5010       291.9430       291.7216       290.9788       290.0038       289.1103       288.5626    
 2119   288.5028       288.6826       289.3981       290.1609       290.7913       291.5536       291.8306       291.6997       290.9930       289.9109       289.1258       288.4204    
 2120   288.6544       288.7354       289.0804       290.1162       290.6815       291.3980       291.8632       291.5671       290.7746       289.8522       289.0106       288.4948    
 2121   288.3931       288.6107       289.1796       289.9904       290.7533       291.5729       291.9968       291.8373       291.0195       290.0957       289.1504       288.7489    
 2122   288.5396       288.9139       289.1790       290.0572       290.8596       291.6546       291.9460       291.7111       290.9442       290.1077       289.2107       288.5779    
 2123   288.4478       288.6815       289.2138       289.9065       290.8096       291.4805       291.8597       291.5878       290.9294       290.1325       289.2505       288.4797    
 2124   288.2789       288.5183       289.1531       289.8577       290.7221       291.6097       291.9923       291.8166       291.0526       290.1451       289.3290       288.7300    
 2125   288.7032       288.8788       289.6691       290.4044       291.0634       291.8416       292.0214       291.7519       291.0394       290.0542       289.1191       288.4926    
 2126   288.2519       288.5911       289.2050       289.9991       290.7278       291.4237       291.8773       291.6262       290.9586       290.0600       289.2543       288.6799    
 2127   288.7421       288.7891       289.3240       289.9673       290.8887       291.6266       291.9044       291.6803       291.0347       290.1931       289.3519       288.7429    
 2128   288.7063       288.9118       289.5279       290.3765       291.1300       291.7787       292.0523       291.8055       291.3196       290.3318       289.4528       288.9319    
 2129   288.7900       288.5743       289.3632       290.1547       290.9161       291.5481       292.0755       291.8276       291.0406       290.1307       289.0993       288.2780    
 2130   288.4362       288.8575       289.2450       290.1425       290.8061       291.6310       291.9951       291.7825       290.8153       289.9893       289.0515       288.7060    
 2131   288.3304       288.5527       289.2373       290.1828       290.8110       291.5331       291.9493       291.8069       291.1116       290.1625       289.1814       288.8349    
 2132   288.6095       288.5413       289.3371       290.3238       290.9512       291.7778       292.0400       291.9721       291.3130       290.2309       289.3134       288.7753    
 2133   288.6217       288.9070       289.4942       290.2256       291.0552       291.8924       292.2216       292.0179       291.2168       290.3781       289.6546       289.0363    
 2134   288.8506       289.1990       289.5937       290.4051       291.2078       291.9933       292.3898       292.2219       291.4434       290.4478       289.5026       288.9296    
 2135   288.6488       288.9495       289.4386       290.2907       291.0382       291.7799       292.2128       291.9049       291.0177       290.0636       289.2678       288.6316    
 2136   288.5211       288.4421       289.1012       290.1966       290.9225       291.6388       292.0744       291.9417       291.1981       290.1214       289.2997       288.5568    
 2137   288.5450       288.7367       289.3966       290.2724       291.1364       291.8294       292.2631       291.7847       291.1002       290.3531       289.2533       288.8342    
 2138   288.7664       288.9124       289.4312       290.3468       291.1248       291.7847       292.1072       291.9346       291.2332       290.1489       289.2633       288.6587    
 2139   288.5076       288.5589       289.4243       290.1395       290.9265       291.7121       292.1259       291.9039       291.2427       290.0926       289.3725       288.6321    
 2140   288.5046       288.8943       289.3976       290.1603       291.0893       291.7212       292.2946       291.9808       291.1785       290.4272       289.7181       289.1420    
 2141   288.8329       289.1051       289.5645       290.2828       291.3429       292.0815       292.3970       292.1395       291.3483       290.4195       289.4892       288.8880    
 2142   288.7217       289.0420       289.5476       290.2866       291.2561       291.9952       292.3487       292.1664       291.3600       290.4291       289.4040       288.8511    
 2143   288.7054       289.0842       289.2183       290.2386       291.2199       291.8174       292.1300       291.9415       291.3383       290.2692       289.2560       288.6759    
 2144   288.5602       288.6604       289.4795       290.2821       291.1571       292.0694       292.2558       292.0072       291.2786       290.3584       289.3365       288.6802    
 2145   288.3360       288.6608       289.5685       290.3002       291.0222       291.8518       292.3483       292.0423       291.1429       290.2471       289.3116       288.7104    
 2146   288.6735       288.8227       289.5182       290.4893       291.2286       291.9412       292.2063       292.0960       291.3645       290.3194       289.2517       288.7127    
 2147   288.6196       288.7538       289.3376       290.2176       291.1319       291.8363       292.1057       291.9766       291.1472       290.2256       289.0824       288.6679    
 2148   288.5833       288.5577       289.0660       290.2203       291.0369       291.8226       292.3139       292.0975       291.4315       290.4187       289.3397       288.8422    
 2149   288.9890       289.1246       289.7211       290.4282       291.1447       292.0895       292.4296       292.1139       291.5164       290.4194       289.4663       288.9496    
 2150   288.8776       288.8445       289.4409       290.3119       291.1114       291.8048       292.1286       291.9836       291.1917       290.3221       289.5074       288.9570    
 2151   288.8456       289.0272       289.6258       290.5384       291.2494       291.9847       292.3300       292.0770       291.3980       290.4755       289.3768       288.9020    
 2152   288.7672       288.9087       289.5638       290.4087       291.0872       291.9077       292.1809       292.0125       291.2506       290.3997       289.5975       288.9591    
 2153   288.7621       289.1168       289.4379       290.2672       291.1333       291.9041       292.3293       292.0696       291.3886       290.4834       289.4347       288.8669    
 2154   288.7839       288.9750       289.6138       290.3949       291.1801       291.6619       292.2421       292.0610       291.2521       290.1941       289.3729       288.8122    
 2155   288.8065       288.8162       289.6193       290.2683       291.1907       291.9347       292.2559       292.1723       291.2955       290.2831       289.4824       288.7672    
 2156   288.6674       288.7824       289.3290       290.3613       291.2346       292.0171       292.2438       291.9713       291.2997       290.3509       289.6281       288.8345    
 2157   288.5269       288.9413       289.3113       290.2554       291.0713       291.7972       292.3109       292.0069       291.4013       290.2659       289.5944       288.6945    
 2158   288.7887       289.1643       289.6225       290.3376       291.2454       292.0995       292.2821       292.0149       291.2776       290.4122       289.4991       288.6745    
 2159   288.6516       288.9261       289.4348       290.5067       291.1600       291.9136       292.1935       292.0478       291.2717       290.1793       289.3358       288.5719    
 2160   288.5818       288.9677       289.4394       290.1894       291.1140       291.8932       292.1526       291.9437       291.3344       290.3163       289.3686       288.7714    
 2161   288.7428       289.0992       289.5529       290.3807       291.1234       292.0260       292.3322       292.2371       291.5067       290.4876       289.6056       289.0028    
 2162   288.9182       288.9846       289.5168       290.5685       291.2404       292.0309       292.3581       292.0267       291.3438       290.2863       289.3112       288.7725    
 2163   288.8686       288.8965       289.4224       290.3470       291.1575       291.8182       292.1739       292.1084       291.4113       290.2648       289.7312       288.9094    
 2164   288.7054       289.1056       289.7540       290.4985       291.3024       292.1604       292.4988       292.4529       291.6156       290.6243       289.5931       289.3588    
 2165   288.9738       289.5167       289.9628       290.7807       291.4945       292.1403       292.4769       292.2792       291.5246       290.5855       289.7250       289.0673    
 2166   289.0857       289.1680       289.6926       290.4644       291.2051       291.9198       292.3546       292.1452       291.4870       290.4661       289.6369       289.0306    
 2167   288.8494       289.0378       289.7737       290.5699       291.2657       292.0896       292.2787       292.0987       291.4377       290.4992       289.4594       289.0661    
 2168   288.9935       289.1065       289.8056       290.5072       291.3572       292.0883       292.4876       292.1520       291.3966       290.4501       289.5607       288.9515    
 2169   288.7864       288.9560       289.6557       290.2414       291.0774       292.1144       292.4086       292.1738       291.3896       290.6365       289.7620       288.9457    
 2170   288.8337       289.3498       289.8109       290.3977       291.3754       292.0394       292.3828       292.1456       291.5557       290.5612       289.6093       289.1363    
 2171   289.0703       289.1395       289.5842       290.3539       291.2103       292.0212       292.2501       292.0434       291.3405       290.4711       289.6414       289.1326    
 2172   288.7363       288.9922       289.6328       290.3735       291.1265       291.9268       292.4456       292.2653       291.5411       290.5324       289.7525       289.3308    
 2173   289.2206       289.4060       290.0519       290.7535       291.5063       292.1762       292.4262       292.2345       291.5217       290.5812       289.6915       288.9547    
 2174   289.2035       289.1252       289.6461       290.5229       291.3173       291.9568       292.3271       292.1489       291.3214       290.4713       289.6147       288.8696    
 2175   288.7451       288.9107       289.7016       290.5132       291.2243       292.0073       292.2686       292.0823       291.4236       290.4910       289.6471       289.0261    
 2176   288.9595       289.0338       289.6030       290.3877       291.2543       292.1057       292.3693       292.1264       291.4135       290.6307       289.6551       289.2386    
 2177   289.3121       289.2844       289.9865       290.6680       291.4614       292.2138       292.5638       292.3244       291.6559       290.6372       289.7252       289.1827    
 2178   289.2277       289.2000       289.7890       290.5126       291.3383       292.0700       292.4859       292.1096       291.4087       290.5052       289.5716       289.1721    
 2179   288.9721       288.9177       289.6044       290.4716       291.2703       292.0707       292.4098       292.2138       291.3682       290.5057       289.8224       288.9717    
 2180   289.0502       289.4194       289.6956       290.5518       291.1952       291.9029       292.3588       292.1186       291.3902       290.4288       289.7043       289.0786    
 2181   288.8752       289.1731       289.8657       290.5030       291.1830       292.0545       292.4740       292.2569       291.4422       290.6393       289.7621       289.0000    
 2182   288.7743       289.0681       289.7083       290.4680       291.3676       292.1431       292.4841       292.2314       291.4022       290.5188       289.5674       289.2264    
 2183   289.2214       289.6060       289.7901       290.6497       291.2181       292.1997       292.4554       292.2423       291.4780       290.7502       289.6892       289.2361    
 2184   289.1611       289.0982       289.8703       290.5759       291.3656       291.8963       292.3737       292.1680       291.3867       290.3464       289.5140       288.7377    
 2185   288.7686       288.7298       289.4432       290.1788       291.1177       291.7122       292.2563       292.0410       291.1883       290.2791       289.4076       288.8705    
 2186   288.7569       288.9066       289.6065       290.3760       291.1149       292.0134       292.4134       292.3573       291.5018       290.5141       289.4404       289.0533    
 2187   288.9745       289.2669       289.7427       290.6697       291.3062       292.1013       292.5709       292.3379       291.5486       290.5491       289.6373       288.8789    
 2188   288.5217       289.0838       289.4774       290.3430       291.3242       292.0187       292.4771       292.4355       291.5961       290.7164       289.9145       289.1600    
 2189   289.0838       289.2167       289.7309       290.6053       291.5017       292.2249       292.6575       292.4998       291.6625       290.8797       289.9601       289.2346    
 2190   289.2010       289.5309       289.9814       290.6754       291.5404       292.3215       292.5455       292.2929       291.4832       290.4492       289.5323       288.8334    
 2191   288.5666       288.9524       289.5987       290.4179       291.3184       291.9971       292.3907       292.0762       291.3722       290.4102       289.4322       288.7721    
 2192   288.7294       288.8201       289.5334       290.4870       291.3512       292.0814       292.5084       292.3596       291.5584       290.4748       289.7032       289.1085    
 2193   288.9767       289.0391       289.8553       290.5976       291.4110       292.1932       292.5351       292.2544       291.4549       290.6458       289.6639       289.0978    
 2194   289.0529       289.3996       289.7498       290.4497       291.3085       292.0933       292.5282       292.3090       291.5338       290.5931       289.6892       289.2908    
 2195   289.0242       289.1562       289.6337       290.7819       291.4819       292.2317       292.6072       292.3209       291.6010       290.7010       289.8911       289.3231    
 2196   289.0907       289.3606       289.8981       290.6684       291.3339       292.1124       292.4722       292.1982       291.4092       290.5629       289.8708       289.0737    
 2197   288.7476       289.2028       289.8610       290.4815       291.5395       292.0869       292.4015       292.2366       291.4668       290.3659       289.6768       288.9028    
 2198   288.6556       288.7103       289.6029       290.4564       291.2921       292.0496       292.4619       292.2724       291.4652       290.5399       289.5435       289.2394    
 2199   288.9696       289.1677       289.8473       290.5219       291.3552       292.2300       292.6096       292.3632       291.5541       290.6888       289.9257       289.2117    
 2200   289.3075       289.2325       289.7875       290.7456       291.4315       292.0592       292.4285       292.1970       291.5359       290.5984       289.4240       289.0435    
 2201   289.1465       289.2117       289.5781       290.4576       291.4080       292.2021       292.6733       292.3263       291.5403       290.7591       289.9134       289.2923    
 2202   289.1108       289.3124       289.7776       290.6462       291.2645       292.2397       292.7025       292.4508       291.5850       290.7018       289.6157       289.2397    
 2203   289.0077       289.3051       289.7759       290.3969       291.2276       292.0605       292.4151       292.1281       291.4366       290.5358       289.8744       289.3522    
 2204   289.1230       289.2158       289.7242       290.7424       291.4039       292.2222       292.6472       292.5193       291.7340       290.6767       289.7377       288.9435    
 2205   288.8232       289.1752       289.8625       290.5882       291.3989       292.2679       292.7245       292.3946       291.5277       290.6609       289.8045       288.9024    
 2206   289.0089       289.4679       289.8729       290.5467       291.5499       292.2693       292.5777       292.4275       291.7193       290.7304       289.7964       289.1472    
 2207   289.1301       289.2762       289.9239       290.5967       291.4908       292.1754       292.4327       292.2176       291.5868       290.4614       289.6385       289.1167    
 2208   288.9970       289.3065       289.8189       290.6963       291.4114       292.1784       292.5486       292.3160       291.5785       290.7389       289.8161       289.3372    
 2209   289.2288       289.2723       289.8517       290.5714       291.4470       292.1425       292.5603       292.4643       291.8012       290.8333       289.8875       289.3407    
 2210   289.4771       289.2513       289.9196       290.6820       291.4954       292.2364       292.5571       292.3971       291.4450       290.7048       290.0099       289.2101    
 2211   288.9608       289.1468       289.8289       290.6634       291.3310       292.1785       292.4110       292.3153       291.5547       290.5067       289.6956       289.2099    
 2212   289.0145       289.0328       289.6271       290.5103       291.3567       292.0139       292.4347       292.3520       291.4201       290.7378       289.7962       289.3005    
 2213   289.1084       289.3813       290.0082       290.6622       291.4549       292.1465       292.6059       292.5197       291.6459       290.6873       289.7835       289.1562    
 2214   289.0783       289.5014       289.9799       290.7832       291.4576       292.2342       292.4794       292.4163       291.5718       290.6983       289.8597       289.3389    
 2215   289.1604       289.3476       289.9281       290.8204       291.6635       292.2768       292.6940       292.4400       291.6717       290.7661       289.9920       289.4897    
 2216   289.3655       289.6440       290.0167       290.9074       291.6891       292.3322       292.6724       292.4235       291.7597       290.7969       289.9421       289.3529    
 2217   289.2476       289.4521       290.0955       290.8074       291.5153       292.1341       292.5993       292.2961       291.6667       290.7210       289.8975       289.1732    
 2218   289.0010       289.4720       289.7989       290.5212       291.3701       292.0985       292.6324       292.2411       291.5246       290.6333       289.9488       289.1297    
 2219   289.0399       289.4176       290.0094       290.7797       291.6409       292.2803       292.7748       292.4646       291.6401       290.8746       290.0104       289.1599    
 2220   289.1252       289.2851       289.7146       290.8416       291.6378       292.3161       292.7125       292.4017       291.5535       290.6887       289.7924       289.0833    
 2221   288.8723       289.1745       290.0259       290.7687       291.3951       292.3846       292.6627       292.4217       291.6841       290.8050       289.8672       289.4553    
 2222   289.2411       289.3060       289.9516       290.7220       291.5152       292.3351       292.7174       292.4504       291.7032       290.6920       290.0578       289.5051    
 2223   289.3737       289.8131       290.1058       291.0600       291.6610       292.5229       292.8602       292.7092       291.8772       290.9964       290.1376       289.5417    
 2224   289.3438       289.6138       289.9978       290.9144       291.7280       292.3884       292.7605       292.5105       291.7814       290.9136       290.0187       289.4612    
 2225   289.2119       289.4611       290.0317       290.6074       291.6316       292.3915       292.5129       292.4286       291.8388       290.9370       289.8388       289.4953    
 2226   289.1315       289.4425       290.1667       290.8260       291.7018       292.3636       292.7150       292.4536       291.8281       291.0174       289.9424       289.6367    
 2227   289.5874       289.5313       290.1394       290.8129       291.6638       292.4056       292.7701       292.5717       291.7360       290.8266       290.1150       289.5971    
 2228   289.4362       289.5237       290.3611       290.9042       291.6413       292.4085       292.7219       292.4564       291.7234       290.8990       289.9675       289.6437    
 2229   289.5235       289.4102       289.9052       290.8147       291.5492       292.4020       292.6131       292.2988       291.6921       290.9264       289.8569       289.3723    
 2230   289.2077       289.2859       289.7982       290.6105       291.4288       292.2143       292.5565       292.1869       291.5018       290.6793       289.6476       289.4205    
 2231   289.2304       289.3116       289.9567       290.7921       291.4411       292.3341       292.5820       292.2712       291.6167       290.7047       289.6989       289.1479    
 2232   288.9887       289.4249       290.0374       290.6705       291.4904       292.2842       292.6244       292.4564       291.7465       290.7264       289.6564       289.2321    
 2233   289.1843       289.1840       289.8085       290.6725       291.5643       292.3435       292.7260       292.5241       291.7660       290.7719       290.0331       289.4076    
 2234   289.2508       289.4872       290.0849       290.7355       291.5393       292.1538       292.6314       292.3664       291.7605       290.8572       289.9678       289.4608    
 2235   289.1284       289.4120       289.8027       290.7268       291.5081       292.3891       292.7428       292.3763       291.7994       290.7129       289.8116       289.3161    
 2236   289.1094       289.5371       290.1163       290.9554       291.7067       292.3655       292.8066       292.5049       291.6935       290.6694       289.8618       289.5621    
 2237   289.1408       289.3817       290.2153       290.7671       291.5511       292.1239       292.5547       292.4347       291.5717       290.6688       289.8323       289.4026    
 2238   289.3254       289.4820       290.0226       290.9804       291.6103       292.3895       292.6779       292.4084       291.7213       290.8213       289.7835       289.0009    
 2239   289.1048       289.4977       290.0390       290.7125       291.5497       292.2540       292.7019       292.3955       291.6837       290.8683       290.0104       289.2404    
 2240   289.1958       289.5004       290.1097       290.7548       291.5590       292.2951       292.5442       292.5851       291.8411       290.9594       290.2139       289.4731    
 2241   289.2887       289.3001       289.8867       290.6703       291.6111       292.4363       292.6861       292.4464       291.7509       290.8734       290.0839       289.4685    
 2242   289.4686       289.6627       290.1807       290.6554       291.5157       292.2197       292.6006       292.2857       291.5612       290.6355       289.8918       289.3398    
 2243   289.2760       289.4183       290.0284       290.8349       291.5733       292.1166       292.5897       292.4691       291.6848       290.7612       289.7876       289.1346    
 2244   289.2752       289.6253       290.0698       290.6320       291.3554       292.2368       292.6173       292.2782       291.6099       290.6684       289.8460       289.3779    
 2245   289.2188       289.4233       289.8322       290.7686       291.4354       292.2144       292.6285       292.4086       291.6999       290.6069       289.9210       289.3346    
 2246   289.1606       289.3646       290.0350       290.7361       291.5418       292.1636       292.5024       292.3190       291.5738       290.6253       289.7845       289.3780    
 2247   289.0361       289.6142       289.7718       290.6775       291.4749       292.1944       292.5992       292.2786       291.6017       290.8125       289.8799       289.1769    
 2248   289.0642       289.3254       290.0281       290.7697       291.6654       292.4474       292.8257       292.4153       291.9938       290.9200       290.0392       289.4258    
 2249   289.5134       289.4373       290.0600       290.8999       291.7050       292.3335       292.7214       292.3725       291.6262       290.7368       289.8726       289.1655    
 2250   289.1080       289.2620       289.8765       290.5686       291.4186       292.1148       292.5389       292.3219       291.6741       290.7910       289.9222       289.0475    
 2251   289.0334       289.4819       290.1399       290.8546       291.6138       292.3637       292.6809       292.5342       291.7056       290.8447       289.9491       289.5674    
 2252   289.4673       289.6182       290.0753       290.8979       291.5372       292.2536       292.6520       292.4939       291.7594       290.8361       289.9901       289.4456    
 2253   289.3438       289.4456       290.1047       290.8270       291.6583       292.2505       292.5976       292.4312       291.7802       290.7390       289.9748       289.6534    
 2254   289.3789       289.5445       289.9687       290.8233       291.6523       292.1894       292.5995       292.3722       291.6815       290.8162       290.0022       289.4070    
 2255   289.1496       289.4884       289.9728       290.6366       291.5006       292.2902       292.6687       292.4100       291.6964       290.6227       289.8057       289.2309    
 2256   289.2292       289.5224       289.9149       290.7423       291.5860       292.2748       292.6172       292.4358       291.6312       290.8387       289.8755       289.2902    
 2257   289.1722       289.4686       290.2288       290.9431       291.6760       292.3474       292.6642       292.5029       291.5910       290.7375       289.8465       289.1983    
 2258   289.0305       289.0829       290.1110       290.8167       291.5346       292.2311       292.6174       292.3162       291.5845       290.7079       289.8723       289.1389    
 2259   289.1803       289.1755       289.7798       290.7469       291.5823       292.2117       292.6216       292.3512       291.5492       290.6878       289.6008       289.1700    
 2260   289.1598       289.1233       289.9931       290.7887       291.5765       292.3483       292.7670       292.5329       291.8803       290.9176       290.1245       289.6695    
 2261   289.5787       289.6028       289.9213       290.9556       291.5888       292.2696       292.8667       292.4749       291.6858       290.9571       289.9303       289.2023    
 2262   289.2855       289.2010       289.8975       290.7238       291.4447       292.2005       292.6754       292.5728       291.9005       290.6683       289.8849       289.4473    
 2263   289.2891       289.5169       290.1026       290.7802       291.6535       292.3404       292.9044       292.6136       291.9467       291.0312       290.0268       289.3766    
 2264   289.2207       289.7231       290.2456       290.7648       291.5403       292.5152       292.7659       292.4688       291.7548       290.6441       289.6153       289.4467    
 2265   289.1808       289.4443       290.1326       290.7685       291.4723       292.2189       292.6304       292.5153       291.7114       290.7371       290.0619       289.3593    
 2266   289.2842       289.7133       290.1417       290.8059       291.7024       292.3944       292.7466       292.5403       291.7420       290.7895       290.0631       289.5205    
 2267   289.2744       289.5811       290.2645       290.8256       291.6016       292.1779       292.6982       292.3761       291.6512       290.8273       289.8483       289.2520    
 2268   289.1897       289.3507       290.0473       290.8391       291.5351       292.3203       292.6049       292.4047       291.6174       290.7584       289.9179       289.3645    
 2269   289.1795       289.6579       290.0324       290.7241       291.5640       292.3322       292.7841       292.3296       291.7905       290.7412       290.1617       289.3649    
 2270   289.3957       289.5760       290.0167       290.8354       291.6361       292.3734       292.5191       292.4031       291.6790       290.6590       289.8415       289.4389    
 2271   289.3407       289.4561       289.8914       290.7742       291.6552       292.4019       292.7650       292.5395       291.8950       290.8180       289.9341       289.4764    
 2272   289.2672       289.6084       290.0312       290.7974       291.5655       292.3124       292.7248       292.5923       291.8191       290.8329       290.0959       289.4733    
 2273   289.4673       289.6291       290.0724       290.8615       291.6342       292.5196       292.7243       292.3517       291.6919       290.8682       290.0982       289.3766    
 2274   289.3922       289.4288       290.2963       290.8661       291.7379       292.4431       292.7761       292.5568       291.8878       290.9333       289.9638       289.5098    
 2275   289.3622       289.7397       290.0708       291.0949       291.7350       292.4625       292.7631       292.5491       291.7976       290.9308       289.9281       289.4175    
 2276   289.2929       289.5398       290.1216       290.8708       291.7216       292.4653       292.7774       292.5623       291.9225       290.9813       290.0447       289.3797    
 2277   289.1832       289.3224       289.8995       290.8286       291.5877       292.2080       292.7552       292.2634       291.7239       290.8192       289.8667       289.4861    
 2278   289.2722       289.6715       290.0495       290.7987       291.5362       292.3518       292.6407       292.5143       291.8035       290.9140       289.9128       289.3770    
 2279   289.1524       289.3549       289.8840       290.7869       291.7332       292.5373       292.8558       292.5573       291.8889       290.8104       290.0211       289.4854    
 2280   289.2003       289.5986       290.0953       290.9851       291.5866       292.3794       292.7290       292.5336       291.7121       290.9232       289.9782       289.2548    
 2281   289.0753       289.4227       289.9889       290.8591       291.7463       292.5263       292.7589       292.5158       291.6077       290.7557       289.8612       289.4804    
 2282   289.1423       289.3539       289.9442       290.6234       291.5390       292.3612       292.7379       292.5028       291.6952       290.7312       289.9926       289.4291    
 2283   289.3641       289.6301       290.1884       290.8014       291.5380       292.4728       292.9355       292.6945       291.7918       290.7736       290.0230       289.4428    
 2284   289.2552       289.4238       290.2249       291.1645       291.8087       292.4216       292.9650       292.7231       291.9143       291.1562       290.2618       289.7544    
 2285   289.5810       289.7575       290.0579       291.1049       291.7400       292.5083       292.7438       292.5513       291.9084       291.0347       289.9993       289.4401    
 2286   289.1828       289.4101       290.0807       290.8405       291.6525       292.3189       292.7826       292.4326       291.5834       290.8042       289.8861       289.3130    
 2287   289.2656       289.4986       290.3945       291.0062       291.7585       292.5714       292.9266       292.6396       291.9158       290.8521       289.9770       289.5697    
 2288   289.4118       289.5826       290.3690       291.0025       291.6980       292.4520       292.8328       292.6563       291.9033       290.8672       289.9780       289.4171    
 2289   289.2969       289.5315       290.1011       290.8383       291.7282       292.4382       292.7605       292.4951       291.8420       290.6812       289.9749       289.4632    
 2290   288.9594       289.4752       290.0230       290.8521       291.5938       292.3304       292.8493       292.4468       291.8148       290.7753       289.8973       289.4657    
 2291   289.3494       289.5484       290.0835       290.8768       291.8046       292.4816       292.8014       292.4752       291.8245       290.8904       289.9855       289.5197    
 2292   289.4123       289.4612       290.2677       291.1232       291.7780       292.5580       292.8792       292.6387       291.8831       290.9183       290.1864       289.4690    
 2293   289.2542       289.6339       290.0226       290.8124       291.6371       292.4177       292.7863       292.5681       291.8421       290.9215       290.0939       289.5105    
 2294   289.3845       289.4944       290.3181       291.0364       291.8957       292.4680       292.8377       292.7442       291.9635       291.0202       290.1385       289.4356    
 2295   289.6054       289.8834       290.3564       291.3185       291.9254       292.5999       292.9175       292.6833       291.9727       291.1053       289.9658       289.5354    
 2296   289.1842       289.6370       290.2011       290.8947       291.7732       292.4756       292.7733       292.6493       291.8539       290.8609       290.0302       289.3962    
 2297   289.4033       289.3388       290.1332       290.7304       291.7312       292.4868       292.7299       292.5271       291.9128       290.9272       290.0412       289.3823    
 2298   289.2744       289.3748       289.8973       290.8220       291.7738       292.6611       292.7605       292.5563       291.8276       290.9497       290.0808       289.2560    
 2299   289.0480       289.4856       289.9787       290.8527       291.6494       292.4651       292.8844       292.4621       291.7533       290.9938       289.9274       289.2816    
 2300   289.3893       289.6128       290.1777       291.0167       291.8242       292.4926       292.8358       292.5579       292.0256       291.0060       290.0343       289.5305    
